Azimuth  Range MissDistance
0.000000000000000000e+00 5.000000000000000000e+02 1.000000000000000000e+03 1.500000000000000000e+03 2.000000000000000000e+03 2.500000000000000000e+03 3.000000000000000000e+03 3.500000000000000000e+03 4.000000000000000000e+03
-1.800000000000000000e+02 2.034042135287999827e+03 2.236067977499999870e+03 2.500000000000000000e+03 2.828427124745999663e+03 3.201562118715999532e+03 1.708484757589999958e+01 2.592003573074999778e+01 3.258377659601000005e+02
-1.650000000000000000e+02 2.032986519865999981e+03 2.236067977499999870e+03 2.499999999998000021e+03 2.828427124747000107e+03 3.201562118714000462e+03 1.519416146082000019e+01 1.373104745498000057e+01 2.199960239249000153e+02
-1.500000000000000000e+02 2.034602675813999895e+03 2.236067977499999870e+03 2.500000000001999979e+03 2.828427124747000107e+03 3.127301007537999794e+03 2.899641409111999835e+01 1.810628924140000251e+01 3.651117647094999796e+01
-1.350000000000000000e+02 2.031003315277999945e+03 2.236067977499999870e+03 2.500000000000000000e+03 8.350188784582000423e+00 8.894800677804999722e+00 5.959235584343999648e+01 8.721704624889000002e+00 1.964750843133999680e+01
-1.200000000000000000e+02 2.025680509437999945e+03 8.640266494928999563e+00 9.158500466794999184e+00 1.571235297467999992e+01 2.123708689432999819e+01 5.585835097114999570e+01 9.181510117381000669e+01 1.556736161281000186e+01
-1.050000000000000000e+02 1.515825220887000135e+01 1.174577492424000091e+01 1.054939194648000012e+01 9.366804026495000102e+00 1.233815692897000105e+01 8.087711100869000802e+00 7.798908213414999580e+01 1.076589484841999962e+02
-9.000000000000000000e+01 8.370418444473999742e+00 8.320966808540999793e+00 9.381948354900000453e+00 9.037590870133000109e+00 2.777683845828000031e+01 2.279940302441000100e+01 1.959123996209000040e+01 7.827965980209000918e+01
-7.500000000000000000e+01 6.420735823408000087e+00 5.743830549070999325e+00 2.278207542711999878e+01 3.434150988935000015e+01 4.012346402867999728e+01 3.595891743189999801e+01 2.927294129787000188e+01 2.556165702215000124e+01
-6.000000000000000000e+01 1.983119294158999992e+03 2.138910491738000019e+03 3.922812226875999642e+01 3.866854001789000250e+01 3.963853124607000211e+01 3.425834805305999708e+01 3.620784219472000132e+01 3.646144384419999795e+01
-4.500000000000000000e+01 1.966914199464999911e+03 2.118121198766999896e+03 2.384145711620999919e+03 2.675350128470000072e+03 3.323927539432000344e+01 3.469103522550000207e+01 5.299029044499000207e+01 4.846451067494999876e+01
-3.000000000000000000e+01 1.953914633742999968e+03 2.098173152822000247e+03 2.363707697057000132e+03 2.683724177950000012e+03 3.012074971290999656e+03 4.424877789737000455e+01 4.029602517889000410e+03 4.467284041677999994e+03
-1.500000000000000000e+01 1.939471808616000089e+03 2.083223515139000028e+03 2.328470310900000186e+03 2.668456083062000289e+03 3.032320541956999932e+03 3.603921343480999894e+03 4.029428973702000349e+03 4.470385437069000545e+03
0.000000000000000000e+00 1.938037861449000047e+03 2.078730340687000080e+03 2.345719883026999923e+03 2.663972378782000305e+03 3.166769668707999699e+03 3.603864614892000191e+03 4.029369779305000066e+03 4.470324459356999796e+03
1.500000000000000000e+01 1.939471808616000089e+03 2.083223515139000028e+03 2.328470310900000186e+03 2.668456083062000289e+03 3.032320541956999932e+03 3.603921343480999894e+03 4.029428973702000349e+03 4.470385437069000545e+03
3.000000000000000000e+01 1.953914633742999968e+03 2.098173152822000247e+03 2.363707697057000132e+03 2.683724177950000012e+03 3.012074971290999656e+03 4.424877789737000455e+01 4.029602517889000410e+03 4.467284041677999994e+03
4.500000000000000000e+01 1.966914199464999911e+03 2.118121198766999896e+03 2.384145711620999919e+03 2.675350128470000072e+03 3.323927539432000344e+01 3.469103522550000207e+01 5.299029044499000207e+01 4.846451067494999876e+01
6.000000000000000000e+01 1.983119294158999992e+03 2.138910491738000019e+03 3.922812226875999642e+01 3.866854001789000250e+01 3.963853124607000211e+01 3.425834805305999708e+01 3.620784219472000132e+01 3.646144384419999795e+01
7.500000000000000000e+01 6.420735823408000087e+00 5.743830549070999325e+00 2.278207542711999878e+01 3.434150988935000015e+01 4.012346402867999728e+01 3.595891743189999801e+01 2.927294129787000188e+01 2.556165702215000124e+01
9.000000000000000000e+01 8.370418444473999742e+00 8.320966808540999793e+00 9.381948354900000453e+00 9.037590870133000109e+00 2.777683845828000031e+01 2.279940302441000100e+01 1.959123996209000040e+01 7.827965980209000918e+01
1.050000000000000000e+02 1.515825220887000135e+01 1.174577492424000091e+01 1.054939194648000012e+01 9.366804026495000102e+00 1.233815692897000105e+01 8.087711100869000802e+00 7.798908213414999580e+01 1.076589484841999962e+02
1.200000000000000000e+02 2.025680509437999945e+03 8.640266494928999563e+00 9.158500466794999184e+00 1.571235297467999992e+01 2.123708689432999819e+01 5.585835097114999570e+01 9.181510117381000669e+01 1.556736161281000186e+01
1.350000000000000000e+02 2.031003315277999945e+03 2.236067977499999870e+03 2.500000000000000000e+03 8.350188784582000423e+00 8.894800677804999722e+00 5.959235584343999648e+01 8.721704624889000002e+00 1.964750843133999680e+01
1.500000000000000000e+02 2.034602675813999895e+03 2.236067977499999870e+03 2.500000000001999979e+03 2.828427124747000107e+03 3.127301007537999794e+03 2.899641409111999835e+01 1.810628924140000251e+01 3.651117647094999796e+01
1.650000000000000000e+02 2.032986519865999981e+03 2.236067977499999870e+03 2.499999999998000021e+03 2.828427124747000107e+03 3.201562118714000462e+03 1.519416146082000019e+01 1.373104745498000057e+01 2.199960239249000153e+02
1.800000000000000000e+02 2.034042135287999827e+03 2.236067977499999870e+03 2.500000000000000000e+03 2.828427124745999663e+03 3.201562118715999532e+03 1.708484757589999958e+01 2.592003573074999778e+01 3.258377659601000005e+02
