%T F 1    3    2    0    1    1    1    1    1    1    1    0    0   0.000   0.00
%    1    1    1    0    0    0  23.00000   0.00000   0.00000   0.00000   0.00000
% -99.000 -99.000 -99.000
% -99.00000 -99.00000 -99.00000  4.114728  0.000594 ! H2O & O3 COLUMNS [GM/CM2]
%   36TROPICAL MODEL      
%   0.00000 100.00000  88.00000 954.22650   8.46607   0.00000    0        0.00000
%    0    0    1    0
%   0.00000   0.00000   0.00000   0.00000   0.00000   0.00000   0.00000   0.00000
%    2000.0    3300.0       5.0      10.0NW              
%    0   0    0.000  0    0.000  0    1.000
%    FREQ  TOT_TRANS  PTH_THRML  THRML_SCT  SURF_EMIS   SOL_SCAT  SING_SCAT  GRND_RFLT  DRCT_RFLT  TOTAL_RAD  REF_SOL  SOL@OBS   DEPTH DIR_EM    TOA_SUN BBODY_T[K]
 2000.00 0.00000000 6.3963E-07 0.0000E+00 0.0000E+00 1.3965E-10 1.3965E-10 0.0000E+00 0.0000E+00 6.3977E-07 2.09E-19 1.17E-07  29.130 1.0000 9.2239E-07    299.476
 2005.00 0.00000000 6.2796E-07 0.0000E+00 0.0000E+00 2.1653E-10 2.1653E-10 0.0000E+00 0.0000E+00 6.2818E-07 2.95E-19 1.61E-07  28.784 1.0000 9.2736E-07    299.421
 2010.00 0.00000000 6.1827E-07 0.0000E+00 0.0000E+00 1.7088E-10 1.7088E-10 0.0000E+00 0.0000E+00 6.1844E-07 1.33E-19 1.33E-07  29.577 1.0000 9.3229E-07    299.450
 2015.00 0.00000000 6.0950E-07 0.0000E+00 0.0000E+00 8.5957E-11 8.5957E-11 0.0000E+00 0.0000E+00 6.0958E-07 5.32E-21 8.19E-08  32.664 1.0000 9.3612E-07    299.516
 2020.00 0.00000000 5.9971E-07 0.0000E+00 0.0000E+00 6.9349E-11 6.9349E-11 0.0000E+00 0.0000E+00 5.9977E-07 1.55E-16 7.41E-08  22.543 1.0000 9.3950E-07    299.527
 2025.00 0.00000003 5.8744E-07 0.0000E+00 0.0000E+00 3.0952E-10 3.0952E-10 0.0000E+00 0.0000E+00 5.8775E-07 2.65E-14 1.68E-07  17.401 1.0000 9.4325E-07    299.415
 2030.00 0.00000007 5.7466E-07 0.0000E+00 0.0000E+00 6.6768E-10 6.6768E-10 0.0000E+00 0.0000E+00 5.7533E-07 6.44E-14 2.95E-07  16.514 1.0000 9.4732E-07    299.270
 2035.00 0.00000005 5.6553E-07 0.0000E+00 0.0000E+00 6.1574E-10 6.1574E-10 0.0000E+00 0.0000E+00 5.6615E-07 5.00E-14 2.77E-07  16.768 1.0000 9.5239E-07    299.287
 2040.00 0.00000002 5.5863E-07 0.0000E+00 0.0000E+00 3.0691E-10 3.0691E-10 0.0000E+00 0.0000E+00 5.5894E-07 1.53E-14 1.63E-07  17.953 1.0000 9.5778E-07    299.405
 2045.00 0.00000012 5.4835E-07 0.0000E+00 0.0000E+00 4.1893E-10 4.1893E-10 0.0000E+00 0.0000E+00 5.4877E-07 1.20E-13 1.82E-07  15.908 1.0000 9.6143E-07    299.355
 2050.00 0.00000054 5.3517E-07 0.0000E+00 0.0000E+00 8.9688E-10 8.9688E-10 0.0000E+00 0.0000E+00 5.3606E-07 5.25E-13 3.11E-07  14.436 1.0000 9.6420E-07    299.150
 2055.00 0.00000078 5.2530E-07 0.0000E+00 0.0000E+00 9.8756E-10 9.8756E-10 0.0000E+00 0.0000E+00 5.2629E-07 7.64E-13 3.29E-07  14.064 1.0000 9.6834E-07    299.100
 2060.00 0.00000042 5.1991E-07 0.0000E+00 0.0000E+00 5.6790E-10 5.6790E-10 0.0000E+00 0.0000E+00 5.2048E-07 4.17E-13 2.14E-07  14.671 1.0000 9.7389E-07    299.271
 2065.00 0.00000014 5.1271E-07 0.0000E+00 0.0000E+00 4.1108E-10 4.1108E-10 0.0000E+00 0.0000E+00 5.1313E-07 1.35E-13 1.72E-07  15.806 1.0000 9.7929E-07    299.348
 2070.00 0.00000016 5.0243E-07 0.0000E+00 0.0000E+00 5.9206E-10 5.9206E-10 0.0000E+00 0.0000E+00 5.0302E-07 1.61E-13 2.22E-07  15.634 1.0000 9.8339E-07    299.254
 2075.00 0.00000053 4.9308E-07 0.0000E+00 0.0000E+00 6.4990E-10 6.4990E-10 0.0000E+00 0.0000E+00 4.9373E-07 5.31E-13 2.32E-07  14.444 1.0000 9.8588E-07    299.199
 2080.00 0.00000232 4.8377E-07 0.0000E+00 0.0000E+00 8.3320E-10 8.3320E-10 0.0000E+00 0.0000E+00 4.8460E-07 2.31E-12 2.62E-07  12.975 1.0000 9.8779E-07    299.144
 2085.00 0.00000332 4.7553E-07 0.0000E+00 0.0000E+00 9.1325E-10 9.1325E-10 0.0000E+00 0.0000E+00 4.7644E-07 3.31E-12 2.82E-07  12.615 1.0000 9.9077E-07    299.140
 2090.00 0.00000184 4.6851E-07 0.0000E+00 0.0000E+00 7.5366E-10 7.5366E-10 0.0000E+00 0.0000E+00 4.6926E-07 1.84E-12 2.52E-07  13.206 1.0000 9.9450E-07    299.190
 2095.00 0.00001438 4.5820E-07 0.0000E+00 0.0000E+00 1.0886E-09 1.0886E-09 0.0000E+00 0.0000E+00 4.5929E-07 1.46E-11 3.08E-07  11.150 1.0000 9.9935E-07    299.053
 2100.00 0.00005417 4.4654E-07 0.0000E+00 0.0000E+00 1.7668E-09 1.7668E-09 0.0000E+00 0.0000E+00 4.4830E-07 5.52E-11 3.98E-07   9.823 1.0000 1.0053E-06    298.837
 2105.00 0.00010926 4.3667E-07 0.0000E+00 0.0000E+00 2.2909E-09 2.2909E-09 0.0000E+00 0.0000E+00 4.3896E-07 1.11E-10 4.51E-07   9.122 1.0000 1.0100E-06    298.715
 2110.00 0.00012945 4.2964E-07 0.0000E+00 0.0000E+00 2.3333E-09 2.3333E-09 0.0000E+00 0.0000E+00 4.3198E-07 1.32E-10 4.47E-07   8.952 1.0000 1.0138E-06    298.743
 2115.00 0.00009810 4.2389E-07 0.0000E+00 0.0000E+00 1.9887E-09 1.9887E-09 0.0000E+00 0.0000E+00 4.2588E-07 1.00E-10 3.93E-07   9.229 1.0000 1.0166E-06    298.824
 2120.00 0.00010375 4.1604E-07 0.0000E+00 0.0000E+00 1.9436E-09 1.9436E-09 0.0000E+00 0.0000E+00 4.1798E-07 1.07E-10 3.80E-07   9.174 1.0000 1.0190E-06    298.773
 2125.00 0.00036974 4.0597E-07 0.0000E+00 0.0000E+00 2.6320E-09 2.6320E-09 0.0000E+00 0.0000E+00 4.0860E-07 3.84E-10 4.47E-07   7.903 1.0000 1.0237E-06    298.608
 2130.00 0.00082358 3.9674E-07 0.0000E+00 0.0000E+00 3.4423E-09 3.4423E-09 0.0000E+00 0.0000E+00 4.0018E-07 8.56E-10 5.20E-07   7.102 1.0000 1.0287E-06    298.498
 2135.00 0.00087656 3.9231E-07 0.0000E+00 0.0000E+00 3.1562E-09 3.1562E-09 0.0000E+00 0.0000E+00 3.9547E-07 9.12E-10 4.94E-07   7.040 1.0000 1.0314E-06    298.649
 2140.00 0.00056803 3.8858E-07 0.0000E+00 0.0000E+00 2.5339E-09 2.5339E-09 0.0000E+00 0.0000E+00 3.9112E-07 5.92E-10 4.54E-07   7.473 1.0000 1.0320E-06    298.823
 2145.00 0.00047140 3.8139E-07 0.0000E+00 0.0000E+00 2.6437E-09 2.6437E-09 0.0000E+00 0.0000E+00 3.8403E-07 4.90E-10 4.90E-07   7.660 1.0000 1.0299E-06    298.788
 2150.00 0.00048416 3.7315E-07 0.0000E+00 0.0000E+00 3.0421E-09 3.0421E-09 0.0000E+00 0.0000E+00 3.7619E-07 5.02E-10 5.38E-07   7.633 1.0000 1.0314E-06    298.686
 2155.00 0.00039696 3.6570E-07 0.0000E+00 0.0000E+00 3.2806E-09 3.2806E-09 0.0000E+00 0.0000E+00 3.6898E-07 4.15E-10 5.55E-07   7.832 1.0000 1.0415E-06    298.622
 2160.00 0.00033806 3.5906E-07 0.0000E+00 0.0000E+00 3.3630E-09 3.3630E-09 0.0000E+00 0.0000E+00 3.6243E-07 3.58E-10 5.46E-07   7.992 1.0000 1.0497E-06    298.600
 2165.00 0.00029999 3.5205E-07 0.0000E+00 0.0000E+00 3.5454E-09 3.5454E-09 0.0000E+00 0.0000E+00 3.5560E-07 3.18E-10 5.49E-07   8.112 1.0000 1.0523E-06    298.546
 2170.00 0.00022074 3.4524E-07 0.0000E+00 0.0000E+00 3.6380E-09 3.6380E-09 0.0000E+00 0.0000E+00 3.4888E-07 2.34E-10 5.55E-07   8.419 1.0000 1.0534E-06    298.492
 2175.00 0.00012913 3.4011E-07 0.0000E+00 0.0000E+00 3.2720E-09 3.2720E-09 0.0000E+00 0.0000E+00 3.4338E-07 1.37E-10 5.18E-07   8.955 1.0000 1.0533E-06    298.529
 2180.00 0.00006265 3.3678E-07 0.0000E+00 0.0000E+00 2.4326E-09 2.4326E-09 0.0000E+00 0.0000E+00 3.3921E-07 6.62E-11 4.25E-07   9.678 1.0000 1.0571E-06    298.671
 2185.00 0.00002030 3.3367E-07 0.0000E+00 0.0000E+00 1.5759E-09 1.5759E-09 0.0000E+00 0.0000E+00 3.3524E-07 2.15E-11 3.23E-07  10.805 1.0000 1.0668E-06    298.826
 2190.00 0.00000107 3.2904E-07 0.0000E+00 0.0000E+00 1.1570E-09 1.1570E-09 0.0000E+00 0.0000E+00 3.3020E-07 1.15E-12 2.64E-07  13.748 1.0000 1.0745E-06    298.884
 2195.00 0.00000029 3.2395E-07 0.0000E+00 0.0000E+00 9.0891E-10 9.0891E-10 0.0000E+00 0.0000E+00 3.2486E-07 3.13E-13 2.16E-07  15.056 1.0000 1.0782E-06    298.910
 2200.00 0.00000006 3.1955E-07 0.0000E+00 0.0000E+00 6.0214E-10 6.0214E-10 0.0000E+00 0.0000E+00 3.2015E-07 6.42E-14 1.57E-07  16.642 1.0000 1.0791E-06    298.985
 2205.00 0.00000000 3.1531E-07 0.0000E+00 0.0000E+00 3.6625E-10 3.6625E-10 0.0000E+00 0.0000E+00 3.1568E-07 1.51E-15 1.09E-07  20.387 1.0000 1.0793E-06    299.075
 2210.00 0.00000000 3.1071E-07 0.0000E+00 0.0000E+00 2.4210E-10 2.4210E-10 0.0000E+00 0.0000E+00 3.1095E-07 1.06E-16 8.28E-08  22.984 1.0000 1.0849E-06    299.136
 2215.00 0.00000000 3.0547E-07 0.0000E+00 0.0000E+00 2.4545E-10 2.4545E-10 0.0000E+00 0.0000E+00 3.0572E-07 1.96E-16 8.52E-08  22.451 1.0000 1.0961E-06    299.144
 2220.00 0.00000000 2.9986E-07 0.0000E+00 0.0000E+00 3.4584E-10 3.4584E-10 0.0000E+00 0.0000E+00 3.0020E-07 6.86E-16 1.11E-07  21.211 1.0000 1.1046E-06    299.118
 2225.00 0.00000000 2.9496E-07 0.0000E+00 0.0000E+00 3.4123E-10 3.4123E-10 0.0000E+00 0.0000E+00 2.9530E-07 7.83E-16 1.08E-07  21.078 1.0000 1.1079E-06    299.142
 2230.00 0.00000000 2.9112E-07 0.0000E+00 0.0000E+00 1.6657E-10 1.6657E-10 0.0000E+00 0.0000E+00 2.9129E-07 2.94E-16 5.90E-08  22.059 1.0000 1.1079E-06    299.243
 2235.00 0.00000000 2.8724E-07 0.0000E+00 0.0000E+00 3.9246E-11 3.9246E-11 0.0000E+00 0.0000E+00 2.8728E-07 1.66E-19 2.04E-08  29.358 1.0000 1.1083E-06    299.340
 2240.00 0.00000000 2.8290E-07 0.0000E+00 0.0000E+00 1.1419E-11 1.1419E-11 0.0000E+00 0.0000E+00 2.8291E-07 0.00E+00 9.84E-09  42.559 1.0000 1.1171E-06    299.396
 2245.00 0.00000000 2.7846E-07 0.0000E+00 0.0000E+00 2.0035E-12 2.0035E-12 0.0000E+00 0.0000E+00 2.7847E-07 0.00E+00 5.69E-09  49.549 1.0000 1.1302E-06    299.437
 2250.00 0.00000000 2.7414E-07 0.0000E+00 0.0000E+00 2.3843E-14 2.3843E-14 0.0000E+00 0.0000E+00 2.7414E-07 0.00E+00 3.09E-09  54.554 1.0000 1.1372E-06    299.484
 2255.00 0.00000000 2.6995E-07 0.0000E+00 0.0000E+00 0.0000E+00 0.0000E+00 0.0000E+00 0.0000E+00 2.6995E-07 0.00E+00 1.08E-09  63.370 1.0000 1.1390E-06    299.538
 2260.00 0.00000000 2.6572E-07 0.0000E+00 0.0000E+00 0.0000E+00 0.0000E+00 0.0000E+00 0.0000E+00 2.6572E-07 0.00E+00 1.87E-10  99.990 1.0000 1.1379E-06    299.582
 2265.00 0.00000000 2.6137E-07 0.0000E+00 0.0000E+00 0.0000E+00 0.0000E+00 0.0000E+00 0.0000E+00 2.6137E-07 0.00E+00 2.25E-11  99.990 1.0000 1.1382E-06    299.606
 2270.00 0.00000000 2.5697E-07 0.0000E+00 0.0000E+00 0.0000E+00 0.0000E+00 0.0000E+00 0.0000E+00 2.5697E-07 0.00E+00 2.41E-12  99.990 1.0000 1.1500E-06    299.617
 2275.00 0.00000000 2.5255E-07 0.0000E+00 0.0000E+00 0.0000E+00 0.0000E+00 0.0000E+00 0.0000E+00 2.5255E-07 0.00E+00 4.28E-12  99.990 1.0000 1.1680E-06    299.619
 2280.00 0.00000000 2.4816E-07 0.0000E+00 0.0000E+00 0.0000E+00 0.0000E+00 0.0000E+00 0.0000E+00 2.4816E-07 0.00E+00 1.48E-11  99.990 1.0000 1.1775E-06    299.616
 2285.00 0.00000000 2.4389E-07 0.0000E+00 0.0000E+00 0.0000E+00 0.0000E+00 0.0000E+00 0.0000E+00 2.4389E-07 0.00E+00 1.74E-11  99.990 1.0000 1.1791E-06    299.619
 2290.00 0.00000000 2.3976E-07 0.0000E+00 0.0000E+00 0.0000E+00 0.0000E+00 0.0000E+00 0.0000E+00 2.3976E-07 0.00E+00 6.67E-12  99.990 1.0000 1.1785E-06    299.629
 2295.00 0.00000000 2.3566E-07 0.0000E+00 0.0000E+00 0.0000E+00 0.0000E+00 0.0000E+00 0.0000E+00 2.3566E-07 0.00E+00 2.57E-15  99.990 1.0000 1.1822E-06    299.634
 2300.00 0.00000000 2.3157E-07 0.0000E+00 0.0000E+00 0.0000E+00 0.0000E+00 0.0000E+00 0.0000E+00 2.3157E-07 0.00E+00 0.00E+00  99.990 1.0000 1.1981E-06    299.634
 2305.00 0.00000000 2.2756E-07 0.0000E+00 0.0000E+00 0.0000E+00 0.0000E+00 0.0000E+00 0.0000E+00 2.2756E-07 0.00E+00 0.00E+00  99.990 1.0000 1.2169E-06    299.634
 2310.00 0.00000000 2.2361E-07 0.0000E+00 0.0000E+00 0.0000E+00 0.0000E+00 0.0000E+00 0.0000E+00 2.2361E-07 0.00E+00 0.00E+00  99.990 1.0000 1.2263E-06    299.635
 2315.00 0.00000000 2.1973E-07 0.0000E+00 0.0000E+00 0.0000E+00 0.0000E+00 0.0000E+00 0.0000E+00 2.1973E-07 0.00E+00 0.00E+00  99.990 1.0000 1.2295E-06    299.635
 2320.00 0.00000000 2.1591E-07 0.0000E+00 0.0000E+00 0.0000E+00 0.0000E+00 0.0000E+00 0.0000E+00 2.1591E-07 0.00E+00 0.00E+00  99.990 1.0000 1.2288E-06    299.635
 2325.00 0.00000000 2.1216E-07 0.0000E+00 0.0000E+00 0.0000E+00 0.0000E+00 0.0000E+00 0.0000E+00 2.1216E-07 0.00E+00 0.00E+00  99.990 1.0000 1.2313E-06    299.635
 2330.00 0.00000000 2.0846E-07 0.0000E+00 0.0000E+00 0.0000E+00 0.0000E+00 0.0000E+00 0.0000E+00 2.0846E-07 0.00E+00 0.00E+00  99.990 1.0000 1.2483E-06    299.635
 2335.00 0.00000000 2.0483E-07 0.0000E+00 0.0000E+00 0.0000E+00 0.0000E+00 0.0000E+00 0.0000E+00 2.0483E-07 0.00E+00 0.00E+00  99.990 1.0000 1.2689E-06    299.635
 2340.00 0.00000000 2.0126E-07 0.0000E+00 0.0000E+00 0.0000E+00 0.0000E+00 0.0000E+00 0.0000E+00 2.0126E-07 0.00E+00 0.00E+00  99.990 1.0000 1.2790E-06    299.635
 2345.00 0.00000000 1.9774E-07 0.0000E+00 0.0000E+00 0.0000E+00 0.0000E+00 0.0000E+00 0.0000E+00 1.9774E-07 0.00E+00 0.00E+00  99.990 1.0000 1.2835E-06    299.635
 2350.00 0.00000000 1.9429E-07 0.0000E+00 0.0000E+00 0.0000E+00 0.0000E+00 0.0000E+00 0.0000E+00 1.9429E-07 0.00E+00 0.00E+00  99.990 1.0000 1.2875E-06    299.635
 2355.00 0.00000000 1.9089E-07 0.0000E+00 0.0000E+00 0.0000E+00 0.0000E+00 0.0000E+00 0.0000E+00 1.9089E-07 0.00E+00 0.00E+00  99.990 1.0000 1.2920E-06    299.635
 2360.00 0.00000000 1.8755E-07 0.0000E+00 0.0000E+00 0.0000E+00 0.0000E+00 0.0000E+00 0.0000E+00 1.8755E-07 0.00E+00 0.00E+00  99.990 1.0000 1.2986E-06    299.634
 2365.00 0.00000000 1.8427E-07 0.0000E+00 0.0000E+00 0.0000E+00 0.0000E+00 0.0000E+00 0.0000E+00 1.8427E-07 0.00E+00 0.00E+00  99.990 1.0000 1.3049E-06    299.634
 2370.00 0.00000000 1.8104E-07 0.0000E+00 0.0000E+00 0.0000E+00 0.0000E+00 0.0000E+00 0.0000E+00 1.8104E-07 0.00E+00 0.00E+00  99.990 1.0000 1.3077E-06    299.634
 2375.00 0.00000000 1.7787E-07 0.0000E+00 0.0000E+00 0.0000E+00 0.0000E+00 0.0000E+00 0.0000E+00 1.7787E-07 0.00E+00 5.69E-15  99.990 1.0000 1.3076E-06    299.634
 2380.00 0.00000000 1.7470E-07 0.0000E+00 0.0000E+00 2.6175E-13 2.6175E-13 0.0000E+00 0.0000E+00 1.7470E-07 0.00E+00 1.06E-09  54.527 1.0000 1.3108E-06    299.627
 2385.00 0.00000000 1.7105E-07 0.0000E+00 0.0000E+00 8.7077E-11 8.7077E-11 0.0000E+00 0.0000E+00 1.7114E-07 3.49E-19 3.85E-08  28.944 1.0000 1.3194E-06    299.552
 2390.00 0.00000000 1.6624E-07 0.0000E+00 0.0000E+00 6.3464E-10 6.3464E-10 0.0000E+00 0.0000E+00 1.6687E-07 3.80E-16 1.84E-07  21.983 1.0000 1.3266E-06    299.356
 2395.00 0.00000001 1.6074E-07 0.0000E+00 0.0000E+00 1.8097E-09 1.8097E-09 0.0000E+00 0.0000E+00 1.6255E-07 1.20E-14 4.02E-07  18.532 1.0000 1.3318E-06    299.136
 2400.00 0.00000008 1.5585E-07 0.0000E+00 0.0000E+00 3.0899E-09 3.0899E-09 0.0000E+00 0.0000E+00 1.5894E-07 1.14E-13 5.64E-07  16.291 1.0000 1.3383E-06    299.014
 2405.00 0.00000056 1.5176E-07 0.0000E+00 0.0000E+00 4.1385E-09 4.1385E-09 0.0000E+00 0.0000E+00 1.5590E-07 7.60E-13 6.53E-07  14.391 1.0000 1.3436E-06    298.977
 2410.00 0.00000220 1.4800E-07 0.0000E+00 0.0000E+00 5.0894E-09 5.0894E-09 0.0000E+00 0.0000E+00 1.5309E-07 2.98E-12 7.16E-07  13.027 1.0000 1.3475E-06    298.967
 2415.00 0.00000636 1.4444E-07 0.0000E+00 0.0000E+00 5.9675E-09 5.9675E-09 0.0000E+00 0.0000E+00 1.5040E-07 8.66E-12 7.67E-07  11.966 1.0000 1.3533E-06    298.971
 2420.00 0.00001473 1.4109E-07 0.0000E+00 0.0000E+00 6.7470E-09 6.7470E-09 0.0000E+00 0.0000E+00 1.4783E-07 2.02E-11 8.08E-07  11.126 1.0000 1.3602E-06    298.987
 2425.00 0.00002796 1.3792E-07 0.0000E+00 0.0000E+00 7.4212E-09 7.4212E-09 0.0000E+00 0.0000E+00 1.4534E-07 3.84E-11 8.39E-07  10.485 1.0000 1.3660E-06    299.008
 2430.00 0.00004688 1.3489E-07 0.0000E+00 0.0000E+00 8.0011E-09 8.0011E-09 0.0000E+00 0.0000E+00 1.4289E-07 6.45E-11 8.63E-07   9.968 1.0000 1.3704E-06    299.032
 2435.00 0.00007044 1.3200E-07 0.0000E+00 0.0000E+00 8.5063E-09 8.5063E-09 0.0000E+00 0.0000E+00 1.4051E-07 9.73E-11 8.83E-07   9.561 1.0000 1.3755E-06    299.059
 2440.00 0.00010181 1.2918E-07 0.0000E+00 0.0000E+00 8.9769E-09 8.9769E-09 0.0000E+00 0.0000E+00 1.3816E-07 1.41E-10 8.97E-07   9.192 1.0000 1.3802E-06    299.085
 2445.00 0.00015842 1.2628E-07 0.0000E+00 0.0000E+00 9.5611E-09 9.5611E-09 0.0000E+00 0.0000E+00 1.3585E-07 2.20E-10 9.14E-07   8.750 1.0000 1.3840E-06    299.111
 2450.00 0.00029482 1.2319E-07 0.0000E+00 0.0000E+00 1.0427E-08 1.0427E-08 0.0000E+00 0.0000E+00 1.3362E-07 4.11E-10 9.40E-07   8.129 1.0000 1.3892E-06    299.147
 2455.00 0.00061165 1.1984E-07 0.0000E+00 0.0000E+00 1.1654E-08 1.1654E-08 0.0000E+00 0.0000E+00 1.3150E-07 8.55E-10 9.77E-07   7.399 1.0000 1.3932E-06    299.195
 2460.00 0.00104447 1.1656E-07 0.0000E+00 0.0000E+00 1.2846E-08 1.2846E-08 0.0000E+00 0.0000E+00 1.2941E-07 1.46E-09 1.01E-06   6.864 1.0000 1.3925E-06    299.245
 2465.00 0.00141124 1.1375E-07 0.0000E+00 0.0000E+00 1.3541E-08 1.3541E-08 0.0000E+00 0.0000E+00 1.2729E-07 1.97E-09 1.02E-06   6.563 1.0000 1.3891E-06    299.281
 2470.00 0.00188501 1.1107E-07 0.0000E+00 0.0000E+00 1.4147E-08 1.4147E-08 0.0000E+00 0.0000E+00 1.2522E-07 2.64E-09 1.03E-06   6.274 1.0000 1.3937E-06    299.319
 2475.00 0.00287140 1.0811E-07 0.0000E+00 0.0000E+00 1.5207E-08 1.5207E-08 0.0000E+00 0.0000E+00 1.2332E-07 4.07E-09 1.06E-06   5.853 1.0000 1.4087E-06    299.388
 2480.00 0.00466968 1.0493E-07 0.0000E+00 0.0000E+00 1.6603E-08 1.6603E-08 0.0000E+00 0.0000E+00 1.2153E-07 6.66E-09 1.09E-06   5.367 1.0000 1.4200E-06    299.472
 2485.00 0.00759912 1.0152E-07 0.0000E+00 0.0000E+00 1.8189E-08 1.8189E-08 0.0000E+00 0.0000E+00 1.1971E-07 1.08E-08 1.13E-06   4.880 1.0000 1.4230E-06    299.545
 2490.00 0.01128210 9.8082E-08 0.0000E+00 0.0000E+00 1.9793E-08 1.9793E-08 0.0000E+00 0.0000E+00 1.1788E-07 1.62E-08 1.16E-06   4.485 1.0000 1.4264E-06    299.608
 2495.00 0.01614343 9.4845E-08 0.0000E+00 0.0000E+00 2.1239E-08 2.1239E-08 0.0000E+00 0.0000E+00 1.1608E-07 2.32E-08 1.19E-06   4.126 1.0000 1.4329E-06    299.675
 2500.00 0.02348711 9.1498E-08 0.0000E+00 0.0000E+00 2.2747E-08 2.2747E-08 0.0000E+00 0.0000E+00 1.1424E-07 3.38E-08 1.21E-06   3.751 1.0000 1.4366E-06    299.726
 2505.00 0.03163719 8.8094E-08 0.0000E+00 0.0000E+00 2.4285E-08 2.4285E-08 0.0000E+00 0.0000E+00 1.1238E-07 4.57E-08 1.23E-06   3.453 1.0000 1.4400E-06    299.764
 2510.00 0.03711450 8.5414E-08 0.0000E+00 0.0000E+00 2.5280E-08 2.5280E-08 0.0000E+00 0.0000E+00 1.1069E-07 5.39E-08 1.25E-06   3.294 1.0000 1.4481E-06    299.837
 2515.00 0.04180337 8.3353E-08 0.0000E+00 0.0000E+00 2.5824E-08 2.5824E-08 0.0000E+00 0.0000E+00 1.0918E-07 6.11E-08 1.26E-06   3.175 1.0000 1.4572E-06    299.942
 2520.00 0.04935548 8.0877E-08 0.0000E+00 0.0000E+00 2.6720E-08 2.6720E-08 0.0000E+00 0.0000E+00 1.0760E-07 7.24E-08 1.27E-06   3.009 1.0000 1.4633E-06    300.027
 2525.00 0.05319200 7.8901E-08 0.0000E+00 0.0000E+00 2.7118E-08 2.7118E-08 0.0000E+00 0.0000E+00 1.0602E-07 7.82E-08 1.27E-06   2.934 1.0000 1.4663E-06    300.108
 2530.00 0.04881225 7.8623E-08 0.0000E+00 0.0000E+00 2.6002E-08 2.6002E-08 0.0000E+00 0.0000E+00 1.0463E-07 7.20E-08 1.26E-06   3.020 1.0000 1.4711E-06    300.227
 2535.00 0.04532439 7.8259E-08 0.0000E+00 0.0000E+00 2.4964E-08 2.4964E-08 0.0000E+00 0.0000E+00 1.0322E-07 6.72E-08 1.24E-06   3.094 1.0000 1.4795E-06    300.339
 2540.00 0.04353278 7.7373E-08 0.0000E+00 0.0000E+00 2.4283E-08 2.4283E-08 0.0000E+00 0.0000E+00 1.0166E-07 6.49E-08 1.21E-06   3.134 1.0000 1.4874E-06    300.407
 2545.00 0.03640330 7.7578E-08 0.0000E+00 0.0000E+00 2.2491E-08 2.2491E-08 0.0000E+00 0.0000E+00 1.0007E-07 5.45E-08 1.18E-06   3.313 1.0000 1.4934E-06    300.464
 2550.00 0.03110184 7.7231E-08 0.0000E+00 0.0000E+00 2.1382E-08 2.1382E-08 0.0000E+00 0.0000E+00 9.8614E-08 4.67E-08 1.16E-06   3.470 1.0000 1.4990E-06    300.548
 2555.00 0.03743489 7.4322E-08 0.0000E+00 0.0000E+00 2.3104E-08 2.3104E-08 0.0000E+00 0.0000E+00 9.7426E-08 5.65E-08 1.18E-06   3.285 1.0000 1.5043E-06    300.694
 2560.00 0.04442372 7.1836E-08 0.0000E+00 0.0000E+00 2.4483E-08 2.4483E-08 0.0000E+00 0.0000E+00 9.6318E-08 6.72E-08 1.22E-06   3.114 1.0000 1.5086E-06    300.857
 2565.00 0.03863977 7.1931E-08 0.0000E+00 0.0000E+00 2.2980E-08 2.2980E-08 0.0000E+00 0.0000E+00 9.4911E-08 5.85E-08 1.20E-06   3.253 1.0000 1.5124E-06    300.938
 2570.00 0.02979118 7.2101E-08 0.0000E+00 0.0000E+00 2.1162E-08 2.1162E-08 0.0000E+00 0.0000E+00 9.3262E-08 4.53E-08 1.15E-06   3.514 1.0000 1.5169E-06    300.952
 2575.00 0.02527807 7.1827E-08 0.0000E+00 0.0000E+00 1.9739E-08 1.9739E-08 0.0000E+00 0.0000E+00 9.1566E-08 3.85E-08 1.11E-06   3.678 1.0000 1.5226E-06    300.945
 2580.00 0.02516699 7.0965E-08 0.0000E+00 0.0000E+00 1.9381E-08 1.9381E-08 0.0000E+00 0.0000E+00 9.0346E-08 3.85E-08 1.11E-06   3.682 1.0000 1.5285E-06    301.059
 2585.00 0.02846826 6.9339E-08 0.0000E+00 0.0000E+00 2.0242E-08 2.0242E-08 0.0000E+00 0.0000E+00 8.9580E-08 4.37E-08 1.15E-06   3.559 1.0000 1.5329E-06    301.292
 2590.00 0.03648985 6.7472E-08 0.0000E+00 0.0000E+00 2.1379E-08 2.1379E-08 0.0000E+00 0.0000E+00 8.8851E-08 5.64E-08 1.20E-06   3.311 1.0000 1.5390E-06    301.534
 2595.00 0.05550102 6.3780E-08 0.0000E+00 0.0000E+00 2.4764E-08 2.4764E-08 0.0000E+00 0.0000E+00 8.8544E-08 8.62E-08 1.26E-06   2.891 1.0000 1.5475E-06    301.890
 2600.00 0.06775936 6.1137E-08 0.0000E+00 0.0000E+00 2.6471E-08 2.6471E-08 0.0000E+00 0.0000E+00 8.7608E-08 1.06E-07 1.27E-06   2.692 1.0000 1.5538E-06    302.071
 2605.00 0.07119291 6.1060E-08 0.0000E+00 0.0000E+00 2.4729E-08 2.4729E-08 0.0000E+00 0.0000E+00 8.5789E-08 1.11E-07 1.23E-06   2.642 1.0000 1.5577E-06    302.000
 2610.00 0.10502106 5.7726E-08 0.0000E+00 0.0000E+00 2.7544E-08 2.7544E-08 0.0000E+00 0.0000E+00 8.5270E-08 1.65E-07 1.28E-06   2.254 1.0000 1.5628E-06    302.291
 2615.00 0.13160329 5.4312E-08 0.0000E+00 0.0000E+00 3.0430E-08 3.0430E-08 0.0000E+00 0.0000E+00 8.4742E-08 2.07E-07 1.32E-06   2.028 1.0000 1.5677E-06    302.579
 2620.00 0.09446991 5.7299E-08 0.0000E+00 0.0000E+00 2.4803E-08 2.4803E-08 0.0000E+00 0.0000E+00 8.2102E-08 1.49E-07 1.22E-06   2.359 1.0000 1.5709E-06    302.249
 2625.00 0.07229292 5.8256E-08 0.0000E+00 0.0000E+00 2.2570E-08 2.2570E-08 0.0000E+00 0.0000E+00 8.0826E-08 1.14E-07 1.19E-06   2.627 1.0000 1.5752E-06    302.308
 2630.00 0.09068014 5.4604E-08 0.0000E+00 0.0000E+00 2.6829E-08 2.6829E-08 0.0000E+00 0.0000E+00 8.1433E-08 1.44E-07 1.28E-06   2.400 1.0000 1.5802E-06    302.927
 2635.00 0.07693147 5.4936E-08 0.0000E+00 0.0000E+00 2.4830E-08 2.4830E-08 0.0000E+00 0.0000E+00 7.9766E-08 1.22E-07 1.26E-06   2.565 1.0000 1.5843E-06    302.863
 2640.00 0.05306837 5.6584E-08 0.0000E+00 0.0000E+00 2.1072E-08 2.1072E-08 0.0000E+00 0.0000E+00 7.7655E-08 8.45E-08 1.20E-06   2.936 1.0000 1.5891E-06    302.652
 2645.00 0.05270221 5.5318E-08 0.0000E+00 0.0000E+00 2.2019E-08 2.2019E-08 0.0000E+00 0.0000E+00 7.7337E-08 8.42E-08 1.23E-06   2.943 1.0000 1.5942E-06    302.989
 2650.00 0.05027348 5.4386E-08 0.0000E+00 0.0000E+00 2.2085E-08 2.2085E-08 0.0000E+00 0.0000E+00 7.6471E-08 8.06E-08 1.24E-06   2.990 1.0000 1.6000E-06    303.153
 2655.00 0.03954815 5.4589E-08 0.0000E+00 0.0000E+00 2.0040E-08 2.0040E-08 0.0000E+00 0.0000E+00 7.4629E-08 6.36E-08 1.21E-06   3.230 1.0000 1.6058E-06    303.001
 2660.00 0.03584106 5.4053E-08 0.0000E+00 0.0000E+00 1.9237E-08 1.9237E-08 0.0000E+00 0.0000E+00 7.3290E-08 5.77E-08 1.20E-06   3.329 1.0000 1.6074E-06    303.001
 2665.00 0.05464076 5.1192E-08 0.0000E+00 0.0000E+00 2.2482E-08 2.2482E-08 0.0000E+00 0.0000E+00 7.3674E-08 8.74E-08 1.24E-06   2.907 1.0000 1.6016E-06    303.561
 2670.00 0.06718884 4.8988E-08 0.0000E+00 0.0000E+00 2.4529E-08 2.4529E-08 0.0000E+00 0.0000E+00 7.3517E-08 1.07E-07 1.27E-06   2.700 1.0000 1.5941E-06    303.944
 2675.00 0.05212322 4.9661E-08 0.0000E+00 0.0000E+00 2.1654E-08 2.1654E-08 0.0000E+00 0.0000E+00 7.1314E-08 8.36E-08 1.23E-06   2.954 1.0000 1.6033E-06    303.647
 2680.00 0.06190947 4.8011E-08 0.0000E+00 0.0000E+00 2.3509E-08 2.3509E-08 0.0000E+00 0.0000E+00 7.1520E-08 1.01E-07 1.27E-06   2.782 1.0000 1.6273E-06    304.149
 2685.00 0.08702809 4.4799E-08 0.0000E+00 0.0000E+00 2.8271E-08 2.8271E-08 0.0000E+00 0.0000E+00 7.3070E-08 1.43E-07 1.36E-06   2.442 1.0000 1.6418E-06    305.098
 2690.00 0.07355569 4.5058E-08 0.0000E+00 0.0000E+00 2.6120E-08 2.6120E-08 0.0000E+00 0.0000E+00 7.1179E-08 1.21E-07 1.33E-06   2.610 1.0000 1.6433E-06    304.901
 2695.00 0.07359755 4.4538E-08 0.0000E+00 0.0000E+00 2.5352E-08 2.5352E-08 0.0000E+00 0.0000E+00 6.9890E-08 1.21E-07 1.31E-06   2.609 1.0000 1.6417E-06    304.895
 2700.00 0.10466325 4.1533E-08 0.0000E+00 0.0000E+00 2.9552E-08 2.9552E-08 0.0000E+00 0.0000E+00 7.1086E-08 1.72E-07 1.39E-06   2.257 1.0000 1.6416E-06    305.735
 2705.00 0.08606856 4.2156E-08 0.0000E+00 0.0000E+00 2.6807E-08 2.6807E-08 0.0000E+00 0.0000E+00 6.8962E-08 1.41E-07 1.37E-06   2.453 1.0000 1.6500E-06    305.438
 2710.00 0.03398974 4.5544E-08 0.0000E+00 0.0000E+00 1.8088E-08 1.8088E-08 0.0000E+00 0.0000E+00 6.3632E-08 5.60E-08 1.24E-06   3.382 1.0000 1.6628E-06    303.952
 2715.00 0.00984634 4.7402E-08 0.0000E+00 0.0000E+00 1.1155E-08 1.1155E-08 0.0000E+00 0.0000E+00 5.8557E-08 1.65E-08 1.00E-06   4.621 1.0000 1.6697E-06    302.423
 2720.00 0.00677269 4.7443E-08 0.0000E+00 0.0000E+00 8.2032E-09 8.2032E-09 0.0000E+00 0.0000E+00 5.5646E-08 1.14E-08 8.28E-07   4.995 1.0000 1.6772E-06    301.660
 2725.00 0.02378542 4.4819E-08 0.0000E+00 0.0000E+00 1.3123E-08 1.3123E-08 0.0000E+00 0.0000E+00 5.7942E-08 4.04E-08 9.74E-07   3.739 1.0000 1.6880E-06    303.030
 2730.00 0.06392788 4.0327E-08 0.0000E+00 0.0000E+00 2.2800E-08 2.2800E-08 0.0000E+00 0.0000E+00 6.3127E-08 1.09E-07 1.27E-06   2.750 1.0000 1.6941E-06    305.480
 2735.00 0.08796740 3.7558E-08 0.0000E+00 0.0000E+00 2.7755E-08 2.7755E-08 0.0000E+00 0.0000E+00 6.5313E-08 1.50E-07 1.40E-06   2.431 1.0000 1.6974E-06    306.721
 2740.00 0.08805722 3.6482E-08 0.0000E+00 0.0000E+00 2.8920E-08 2.8920E-08 0.0000E+00 0.0000E+00 6.5402E-08 1.50E-07 1.41E-06   2.430 1.0000 1.7041E-06    307.183
 2745.00 0.08889943 3.5525E-08 0.0000E+00 0.0000E+00 2.9918E-08 2.9918E-08 0.0000E+00 0.0000E+00 6.5443E-08 1.53E-07 1.44E-06   2.420 1.0000 1.7132E-06    307.627
 2750.00 0.07320972 3.6018E-08 0.0000E+00 0.0000E+00 2.7049E-08 2.7049E-08 0.0000E+00 0.0000E+00 6.3066E-08 1.26E-07 1.40E-06   2.614 1.0000 1.7218E-06    307.172
 2755.00 0.06174540 3.6122E-08 0.0000E+00 0.0000E+00 2.5296E-08 2.5296E-08 0.0000E+00 0.0000E+00 6.1418E-08 1.07E-07 1.38E-06   2.785 1.0000 1.7291E-06    306.969
 2760.00 0.06996810 3.4793E-08 0.0000E+00 0.0000E+00 2.7096E-08 2.7096E-08 0.0000E+00 0.0000E+00 6.1889E-08 1.22E-07 1.40E-06   2.660 1.0000 1.7358E-06    307.579
 2765.00 0.05317586 3.5277E-08 0.0000E+00 0.0000E+00 2.3798E-08 2.3798E-08 0.0000E+00 0.0000E+00 5.9075E-08 9.26E-08 1.33E-06   2.934 1.0000 1.7419E-06    306.901
 2770.00 0.03746829 3.5634E-08 0.0000E+00 0.0000E+00 2.0982E-08 2.0982E-08 0.0000E+00 0.0000E+00 5.6616E-08 6.56E-08 1.27E-06   3.284 1.0000 1.7469E-06    306.323
 2775.00 0.04472366 3.4350E-08 0.0000E+00 0.0000E+00 2.2833E-08 2.2833E-08 0.0000E+00 0.0000E+00 5.7183E-08 7.84E-08 1.29E-06   3.107 1.0000 1.7508E-06    306.983
 2780.00 0.03418954 3.4489E-08 0.0000E+00 0.0000E+00 2.0503E-08 2.0503E-08 0.0000E+00 0.0000E+00 5.4992E-08 6.00E-08 1.25E-06   3.376 1.0000 1.7554E-06    306.489
 2785.00 0.01705187 3.5216E-08 0.0000E+00 0.0000E+00 1.6201E-08 1.6201E-08 0.0000E+00 0.0000E+00 5.1417E-08 3.00E-08 1.17E-06   4.071 1.0000 1.7610E-06    305.341
 2790.00 0.01968829 3.4387E-08 0.0000E+00 0.0000E+00 1.6594E-08 1.6594E-08 0.0000E+00 0.0000E+00 5.0981E-08 3.48E-08 1.18E-06   3.928 1.0000 1.7661E-06    305.566
 2795.00 0.02283903 3.3479E-08 0.0000E+00 0.0000E+00 1.7326E-08 1.7326E-08 0.0000E+00 0.0000E+00 5.0805E-08 4.05E-08 1.18E-06   3.779 1.0000 1.7712E-06    305.908
 2800.00 0.02293736 3.2905E-08 0.0000E+00 0.0000E+00 1.7304E-08 1.7304E-08 0.0000E+00 0.0000E+00 5.0209E-08 4.09E-08 1.19E-06   3.775 1.0000 1.7772E-06    306.055
 2805.00 0.03296966 3.1619E-08 0.0000E+00 0.0000E+00 1.9902E-08 1.9902E-08 0.0000E+00 0.0000E+00 5.1521E-08 5.89E-08 1.26E-06   3.412 1.0000 1.7825E-06    307.079
 2810.00 0.03106676 3.1269E-08 0.0000E+00 0.0000E+00 1.9051E-08 1.9051E-08 0.0000E+00 0.0000E+00 5.0320E-08 5.56E-08 1.25E-06   3.472 1.0000 1.7874E-06    306.950
 2815.00 0.01746842 3.1675E-08 0.0000E+00 0.0000E+00 1.5587E-08 1.5587E-08 0.0000E+00 0.0000E+00 4.7262E-08 3.14E-08 1.19E-06   4.047 1.0000 1.7953E-06    305.917
 2820.00 0.01344526 3.1305E-08 0.0000E+00 0.0000E+00 1.4791E-08 1.4791E-08 0.0000E+00 0.0000E+00 4.6095E-08 2.43E-08 1.17E-06   4.309 1.0000 1.8028E-06    305.760
 2825.00 0.01564400 3.0541E-08 0.0000E+00 0.0000E+00 1.5412E-08 1.5412E-08 0.0000E+00 0.0000E+00 4.5953E-08 2.83E-08 1.17E-06   4.158 1.0000 1.8069E-06    306.108
 2830.00 0.02236032 2.9392E-08 0.0000E+00 0.0000E+00 1.7989E-08 1.7989E-08 0.0000E+00 0.0000E+00 4.7382E-08 4.06E-08 1.24E-06   3.800 1.0000 1.8123E-06    307.235
 2835.00 0.03185052 2.8158E-08 0.0000E+00 0.0000E+00 2.1174E-08 2.1174E-08 0.0000E+00 0.0000E+00 4.9332E-08 5.81E-08 1.34E-06   3.447 1.0000 1.8196E-06    308.594
 2840.00 0.03468848 2.7503E-08 0.0000E+00 0.0000E+00 2.1998E-08 2.1998E-08 0.0000E+00 0.0000E+00 4.9500E-08 6.34E-08 1.39E-06   3.361 1.0000 1.8261E-06    309.095
 2845.00 0.03853182 2.6903E-08 0.0000E+00 0.0000E+00 2.2410E-08 2.2410E-08 0.0000E+00 0.0000E+00 4.9313E-08 7.08E-08 1.41E-06   3.256 1.0000 1.8327E-06    309.426
 2850.00 0.04959420 2.5843E-08 0.0000E+00 0.0000E+00 2.4595E-08 2.4595E-08 0.0000E+00 0.0000E+00 5.0437E-08 9.14E-08 1.44E-06   3.004 1.0000 1.8393E-06    310.376
 2855.00 0.05329008 2.4976E-08 0.0000E+00 0.0000E+00 2.6229E-08 2.6229E-08 0.0000E+00 0.0000E+00 5.1205E-08 9.84E-08 1.47E-06   2.932 1.0000 1.8448E-06    311.152
 2860.00 0.04337822 2.4849E-08 0.0000E+00 0.0000E+00 2.4865E-08 2.4865E-08 0.0000E+00 0.0000E+00 4.9714E-08 8.03E-08 1.45E-06   3.138 1.0000 1.8495E-06    310.877
 2865.00 0.03665105 2.4787E-08 0.0000E+00 0.0000E+00 2.3035E-08 2.3035E-08 0.0000E+00 0.0000E+00 4.7822E-08 6.81E-08 1.41E-06   3.306 1.0000 1.8550E-06    310.388
 2870.00 0.03849078 2.4253E-08 0.0000E+00 0.0000E+00 2.3321E-08 2.3321E-08 0.0000E+00 0.0000E+00 4.7574E-08 7.18E-08 1.42E-06   3.257 1.0000 1.8613E-06    310.686
 2875.00 0.03300838 2.4003E-08 0.0000E+00 0.0000E+00 2.2532E-08 2.2532E-08 0.0000E+00 0.0000E+00 4.6534E-08 6.17E-08 1.41E-06   3.411 1.0000 1.8663E-06    310.589
 2880.00 0.03088029 2.3716E-08 0.0000E+00 0.0000E+00 2.1807E-08 2.1807E-08 0.0000E+00 0.0000E+00 4.5523E-08 5.79E-08 1.39E-06   3.478 1.0000 1.8714E-06    310.495
 2885.00 0.03467329 2.3144E-08 0.0000E+00 0.0000E+00 2.2400E-08 2.2400E-08 0.0000E+00 0.0000E+00 4.5543E-08 6.52E-08 1.39E-06   3.362 1.0000 1.8785E-06    310.923
 2890.00 0.02916875 2.3106E-08 0.0000E+00 0.0000E+00 2.0284E-08 2.0284E-08 0.0000E+00 0.0000E+00 4.3390E-08 5.50E-08 1.33E-06   3.535 1.0000 1.8856E-06    310.216
 2895.00 0.02131570 2.3111E-08 0.0000E+00 0.0000E+00 1.7962E-08 1.7962E-08 0.0000E+00 0.0000E+00 4.1073E-08 4.04E-08 1.26E-06   3.848 1.0000 1.8916E-06    309.366
 2900.00 0.01867326 2.2693E-08 0.0000E+00 0.0000E+00 1.8050E-08 1.8050E-08 0.0000E+00 0.0000E+00 4.0744E-08 3.55E-08 1.27E-06   3.981 1.0000 1.8975E-06    309.596
 2905.00 0.01697239 2.2395E-08 0.0000E+00 0.0000E+00 1.7351E-08 1.7351E-08 0.0000E+00 0.0000E+00 3.9746E-08 3.23E-08 1.25E-06   4.076 1.0000 1.9035E-06    309.443
 2910.00 0.01842003 2.1939E-08 0.0000E+00 0.0000E+00 1.7492E-08 1.7492E-08 0.0000E+00 0.0000E+00 3.9431E-08 3.52E-08 1.25E-06   3.994 1.0000 1.9081E-06    309.674
 2915.00 0.02114239 2.1294E-08 0.0000E+00 0.0000E+00 1.8778E-08 1.8778E-08 0.0000E+00 0.0000E+00 4.0071E-08 4.05E-08 1.27E-06   3.856 1.0000 1.9114E-06    310.458
 2920.00 0.01911025 2.0940E-08 0.0000E+00 0.0000E+00 1.8727E-08 1.8727E-08 0.0000E+00 0.0000E+00 3.9668E-08 3.67E-08 1.28E-06   3.958 1.0000 1.9156E-06    310.639
 2925.00 0.01331683 2.1072E-08 0.0000E+00 0.0000E+00 1.5469E-08 1.5469E-08 0.0000E+00 0.0000E+00 3.6541E-08 2.56E-08 1.18E-06   4.319 1.0000 1.9197E-06    309.177
 2930.00 0.00486187 2.1703E-08 0.0000E+00 0.0000E+00 8.3720E-09 8.3720E-09 0.0000E+00 0.0000E+00 3.0075E-08 9.36E-09 8.53E-07   5.326 1.0000 1.9246E-06    305.224
 2935.00 0.00136673 2.1739E-08 0.0000E+00 0.0000E+00 5.5069E-09 5.5069E-09 0.0000E+00 0.0000E+00 2.7246E-08 2.62E-09 6.99E-07   6.595 1.0000 1.9277E-06    303.462
 2940.00 0.00314610 2.0914E-08 0.0000E+00 0.0000E+00 8.8344E-09 8.8344E-09 0.0000E+00 0.0000E+00 2.9749E-08 6.03E-09 9.22E-07   5.762 1.0000 1.9278E-06    305.798
 2945.00 0.00354397 2.0269E-08 0.0000E+00 0.0000E+00 1.0867E-08 1.0867E-08 0.0000E+00 0.0000E+00 3.1136E-08 6.83E-09 1.09E-06   5.643 1.0000 1.9369E-06    307.217
 2950.00 0.00244882 2.0106E-08 0.0000E+00 0.0000E+00 9.1787E-09 9.1787E-09 0.0000E+00 0.0000E+00 2.9285E-08 4.77E-09 9.74E-07   6.012 1.0000 1.9523E-06    306.265
 2955.00 0.00111636 2.0137E-08 0.0000E+00 0.0000E+00 5.6738E-09 5.6738E-09 0.0000E+00 0.0000E+00 2.5811E-08 2.19E-09 7.41E-07   6.798 1.0000 1.9608E-06    303.903
 2960.00 0.00022660 2.0027E-08 0.0000E+00 0.0000E+00 3.4398E-09 3.4398E-09 0.0000E+00 0.0000E+00 2.3467E-08 4.45E-10 6.36E-07   8.392 1.0000 1.9648E-06    302.251
 2965.00 0.00001179 1.9767E-08 0.0000E+00 0.0000E+00 2.7014E-09 2.7014E-09 0.0000E+00 0.0000E+00 2.2469E-08 2.32E-11 6.03E-07  11.349 1.0000 1.9682E-06    301.722
 2970.00 0.00000300 1.9528E-08 0.0000E+00 0.0000E+00 1.8480E-09 1.8480E-09 0.0000E+00 0.0000E+00 2.1376E-08 5.91E-12 4.89E-07  12.718 1.0000 1.9744E-06    301.062
 2975.00 0.00000021 1.9284E-08 0.0000E+00 0.0000E+00 1.0746E-09 1.0746E-09 0.0000E+00 0.0000E+00 2.0358E-08 4.15E-13 3.53E-07  15.377 1.0000 1.9837E-06    300.429
 2980.00 0.00000003 1.8950E-08 0.0000E+00 0.0000E+00 8.7243E-10 8.7243E-10 0.0000E+00 0.0000E+00 1.9822E-08 6.48E-14 3.32E-07  17.235 1.0000 1.9909E-06    300.266
 2985.00 0.00000000 1.8575E-08 0.0000E+00 0.0000E+00 9.9721E-10 9.9721E-10 0.0000E+00 0.0000E+00 1.9572E-08 7.52E-15 3.78E-07  19.398 1.0000 1.9965E-06    300.397
 2990.00 0.00000002 1.8239E-08 0.0000E+00 0.0000E+00 9.8089E-10 9.8089E-10 0.0000E+00 0.0000E+00 1.9220E-08 4.52E-14 3.59E-07  17.612 1.0000 2.0026E-06    300.413
 2995.00 0.00000009 1.7843E-08 0.0000E+00 0.0000E+00 1.4514E-09 1.4514E-09 0.0000E+00 0.0000E+00 1.9295E-08 1.83E-13 4.51E-07  16.213 1.0000 2.0084E-06    300.892
 3000.00 0.00000012 1.7465E-08 0.0000E+00 0.0000E+00 1.7936E-09 1.7936E-09 0.0000E+00 0.0000E+00 1.9259E-08 2.47E-13 5.36E-07  15.917 1.0000 2.0151E-06    301.250
 3005.00 0.00000005 1.7252E-08 0.0000E+00 0.0000E+00 1.0075E-09 1.0075E-09 0.0000E+00 0.0000E+00 1.8260E-08 1.09E-13 3.43E-07  16.736 1.0000 2.0160E-06    300.529
 3010.00 0.00000000 1.7058E-08 0.0000E+00 0.0000E+00 2.3091E-10 2.3091E-10 0.0000E+00 0.0000E+00 1.7289E-08 3.87E-15 1.16E-07  20.073 1.0000 2.0118E-06    299.787
 3015.00 0.00000000 1.6749E-08 0.0000E+00 0.0000E+00 1.2497E-10 1.2497E-10 0.0000E+00 0.0000E+00 1.6874E-08 0.00E+00 7.30E-08  31.758 1.0000 2.0184E-06    299.678
 3020.00 0.00000000 1.6391E-08 0.0000E+00 0.0000E+00 1.9258E-10 1.9258E-10 0.0000E+00 0.0000E+00 1.6583E-08 0.00E+00 1.25E-07  31.126 1.0000 2.0334E-06    299.712
 3025.00 0.00000000 1.6094E-08 0.0000E+00 0.0000E+00 1.5088E-10 1.5088E-10 0.0000E+00 0.0000E+00 1.6245E-08 0.00E+00 1.28E-07  31.794 1.0000 2.0361E-06    299.679
 3030.00 0.00000000 1.5835E-08 0.0000E+00 0.0000E+00 9.4912E-11 9.4912E-11 0.0000E+00 0.0000E+00 1.5930E-08 1.09E-17 8.62E-08  25.967 1.0000 2.0256E-06    299.668
 3035.00 0.00000000 1.5482E-08 0.0000E+00 0.0000E+00 5.6004E-10 5.6004E-10 0.0000E+00 0.0000E+00 1.6042E-08 1.18E-15 2.31E-07  21.283 1.0000 2.0277E-06    300.205
 3040.00 0.00000000 1.5062E-08 0.0000E+00 0.0000E+00 1.3866E-09 1.3866E-09 0.0000E+00 0.0000E+00 1.6449E-08 2.84E-15 5.30E-07  20.405 1.0000 2.0481E-06    301.116
 3045.00 0.00000000 1.4765E-08 0.0000E+00 0.0000E+00 1.3835E-09 1.3835E-09 0.0000E+00 0.0000E+00 1.6149E-08 2.19E-15 5.54E-07  20.666 1.0000 2.0649E-06    301.128
 3050.00 0.00000000 1.4579E-08 0.0000E+00 0.0000E+00 6.5125E-10 6.5125E-10 0.0000E+00 0.0000E+00 1.5231E-08 5.21E-16 3.15E-07  22.103 1.0000 2.0741E-06    300.312
 3055.00 0.00000000 1.4367E-08 0.0000E+00 0.0000E+00 2.0942E-10 2.0942E-10 0.0000E+00 0.0000E+00 1.4576E-08 3.00E-18 1.52E-07  27.261 1.0000 2.0827E-06    299.803
 3060.00 0.00000000 1.4129E-08 0.0000E+00 0.0000E+00 6.2355E-11 6.2355E-11 0.0000E+00 0.0000E+00 1.4191E-08 0.00E+00 7.52E-08  36.439 1.0000 2.0897E-06    299.646
 3065.00 0.00000000 1.3852E-08 0.0000E+00 0.0000E+00 1.8176E-10 1.8176E-10 0.0000E+00 0.0000E+00 1.4033E-08 6.24E-19 1.27E-07  28.851 1.0000 2.0955E-06    299.808
 3070.00 0.00000000 1.3526E-08 0.0000E+00 0.0000E+00 5.6639E-10 5.6639E-10 0.0000E+00 0.0000E+00 1.4092E-08 1.84E-18 3.12E-07  27.767 1.0000 2.1024E-06    300.282
 3075.00 0.00000000 1.3265E-08 0.0000E+00 0.0000E+00 5.9848E-10 5.9848E-10 0.0000E+00 0.0000E+00 1.3864E-08 1.82E-18 3.17E-07  27.781 1.0000 2.1094E-06    300.338
 3080.00 0.00000000 1.3066E-08 0.0000E+00 0.0000E+00 2.6297E-10 2.6297E-10 0.0000E+00 0.0000E+00 1.3329E-08 5.98E-19 1.49E-07  28.894 1.0000 2.1135E-06    299.926
 3085.00 0.00000000 1.2807E-08 0.0000E+00 0.0000E+00 2.2814E-10 2.2814E-10 0.0000E+00 0.0000E+00 1.3036E-08 4.64E-21 1.55E-07  33.763 1.0000 2.1178E-06    299.862
 3090.00 0.00000000 1.2546E-08 0.0000E+00 0.0000E+00 3.3235E-10 3.3235E-10 0.0000E+00 0.0000E+00 1.2878E-08 7.45E-21 2.18E-07  33.290 1.0000 2.1255E-06    300.004
 3095.00 0.00000000 1.2352E-08 0.0000E+00 0.0000E+00 1.7366E-10 1.7366E-10 0.0000E+00 0.0000E+00 1.2526E-08 3.65E-21 1.18E-07  34.003 1.0000 2.1334E-06    299.830
 3100.00 0.00000000 1.2150E-08 0.0000E+00 0.0000E+00 1.9341E-11 1.9341E-11 0.0000E+00 0.0000E+00 1.2170E-08 1.52E-22 2.51E-08  37.177 1.0000 2.1403E-06    299.634
 3105.00 0.00000000 1.1915E-08 0.0000E+00 0.0000E+00 7.0065E-45 7.0065E-45 0.0000E+00 0.0000E+00 1.1915E-08 0.00E+00 1.73E-08  67.030 1.0000 2.1463E-06    299.595
 3110.00 0.00000000 1.1692E-08 0.0000E+00 0.0000E+00 4.2039E-45 4.2039E-45 0.0000E+00 0.0000E+00 1.1692E-08 0.00E+00 1.16E-08  67.511 1.0000 2.1521E-06    299.601
 3115.00 0.00000000 1.1482E-08 0.0000E+00 0.0000E+00 0.0000E+00 0.0000E+00 0.0000E+00 0.0000E+00 1.1482E-08 0.00E+00 3.25E-09  69.552 1.0000 2.1593E-06    299.623
 3120.00 0.00000000 1.1267E-08 0.0000E+00 0.0000E+00 3.2683E-13 3.2683E-13 0.0000E+00 0.0000E+00 1.1267E-08 0.00E+00 3.95E-09  55.485 1.0000 2.1646E-06    299.628
 3125.00 0.00000000 1.1040E-08 0.0000E+00 0.0000E+00 1.3073E-11 1.3073E-11 0.0000E+00 0.0000E+00 1.1053E-08 0.00E+00 2.75E-08  52.109 1.0000 2.1695E-06    299.629
 3130.00 0.00000000 1.0799E-08 0.0000E+00 0.0000E+00 1.3477E-10 1.3477E-10 0.0000E+00 0.0000E+00 1.0934E-08 5.42E-18 1.08E-07  26.728 1.0000 2.1781E-06    299.795
 3135.00 0.00000000 1.0539E-08 0.0000E+00 0.0000E+00 4.9734E-10 4.9734E-10 0.0000E+00 0.0000E+00 1.1036E-08 1.03E-16 2.73E-07  23.782 1.0000 2.1859E-06    300.365
 3140.00 0.00000001 1.0266E-08 0.0000E+00 0.0000E+00 1.1576E-09 1.1576E-09 0.0000E+00 0.0000E+00 1.1423E-08 1.43E-14 5.02E-07  18.851 1.0000 2.1903E-06    301.440
 3145.00 0.00000003 1.0015E-08 0.0000E+00 0.0000E+00 1.7608E-09 1.7608E-09 0.0000E+00 0.0000E+00 1.1775E-08 6.02E-14 6.63E-07  17.417 1.0000 2.1953E-06    302.437
 3150.00 0.00000022 9.7878E-09 0.0000E+00 0.0000E+00 2.2162E-09 2.2162E-09 0.0000E+00 0.0000E+00 1.2004E-08 4.87E-13 7.40E-07  15.329 1.0000 2.2003E-06    303.211
 3155.00 0.00000164 9.5460E-09 0.0000E+00 0.0000E+00 3.1512E-09 3.1512E-09 0.0000E+00 0.0000E+00 1.2697E-08 3.65E-12 9.03E-07  13.319 1.0000 2.2043E-06    304.739
 3160.00 0.00000283 9.3572E-09 0.0000E+00 0.0000E+00 3.3706E-09 3.3706E-09 0.0000E+00 0.0000E+00 1.2728E-08 6.29E-12 9.18E-07  12.775 1.0000 2.2123E-06    305.174
 3165.00 0.00000151 9.2686E-09 0.0000E+00 0.0000E+00 1.9205E-09 1.9205E-09 0.0000E+00 0.0000E+00 1.1189E-08 3.36E-12 5.98E-07  13.401 1.0000 2.2199E-06    302.941
 3170.00 0.00000013 9.1712E-09 0.0000E+00 0.0000E+00 7.2203E-10 7.2203E-10 0.0000E+00 0.0000E+00 9.8932E-09 2.83E-13 3.39E-07  15.878 1.0000 2.2217E-06    300.861
 3175.00 0.00000000 9.0326E-09 0.0000E+00 0.0000E+00 3.9654E-10 3.9654E-10 0.0000E+00 0.0000E+00 9.4291E-09 1.20E-16 2.40E-07  23.639 1.0000 2.2269E-06    300.290
 3180.00 0.00000000 8.8827E-09 0.0000E+00 0.0000E+00 2.2900E-10 2.2900E-10 0.0000E+00 0.0000E+00 9.1117E-09 3.70E-17 1.71E-07  24.817 1.0000 2.2385E-06    299.995
 3185.00 0.00000000 8.6932E-09 0.0000E+00 0.0000E+00 4.3850E-10 4.3850E-10 0.0000E+00 0.0000E+00 9.1317E-09 2.68E-17 2.71E-07  25.159 1.0000 2.2478E-06    300.417
 3190.00 0.00000000 8.5014E-09 0.0000E+00 0.0000E+00 7.1173E-10 7.1173E-10 0.0000E+00 0.0000E+00 9.2131E-09 4.32E-17 4.00E-07  24.683 1.0000 2.2535E-06    300.970
 3195.00 0.00000000 8.3634E-09 0.0000E+00 0.0000E+00 4.9715E-10 4.9715E-10 0.0000E+00 0.0000E+00 8.8605E-09 2.04E-17 2.98E-07  25.434 1.0000 2.2588E-06    300.580
 3200.00 0.00000000 8.2177E-09 0.0000E+00 0.0000E+00 3.5138E-10 3.5138E-10 0.0000E+00 0.0000E+00 8.5691E-09 5.48E-19 2.38E-07  29.047 1.0000 2.2636E-06    300.302
 3205.00 0.00000000 8.0525E-09 0.0000E+00 0.0000E+00 4.0807E-10 4.0807E-10 0.0000E+00 0.0000E+00 8.4605E-09 3.08E-19 2.76E-07  29.633 1.0000 2.2617E-06    300.430
 3210.00 0.00000000 7.9242E-09 0.0000E+00 0.0000E+00 2.0781E-10 2.0781E-10 0.0000E+00 0.0000E+00 8.1320E-09 1.57E-19 1.52E-07  30.308 1.0000 2.2614E-06    300.033
 3215.00 0.00000000 7.7999E-09 0.0000E+00 0.0000E+00 2.2386E-11 2.2386E-11 0.0000E+00 0.0000E+00 7.8223E-09 4.69E-21 3.01E-08  33.818 1.0000 2.2759E-06    299.653
 3220.00 0.00000000 7.6477E-09 0.0000E+00 0.0000E+00 3.5926E-11 3.5926E-11 0.0000E+00 0.0000E+00 7.6836E-09 0.00E+00 4.40E-08  47.720 1.0000 2.2905E-06    299.682
 3225.00 0.00000000 7.4940E-09 0.0000E+00 0.0000E+00 6.0086E-11 6.0086E-11 0.0000E+00 0.0000E+00 7.5541E-09 0.00E+00 6.67E-08  47.233 1.0000 2.2959E-06    299.727
 3230.00 0.00000000 7.3538E-09 0.0000E+00 0.0000E+00 2.8541E-11 2.8541E-11 0.0000E+00 0.0000E+00 7.3823E-09 0.00E+00 4.19E-08  47.993 1.0000 2.3011E-06    299.656
 3235.00 0.00000000 7.2143E-09 0.0000E+00 0.0000E+00 3.4430E-13 3.4430E-13 0.0000E+00 0.0000E+00 7.2147E-09 0.00E+00 2.70E-08  52.672 1.0000 2.3076E-06    299.587
 3240.00 0.00000000 7.0749E-09 0.0000E+00 0.0000E+00 9.1496E-12 9.1496E-12 0.0000E+00 0.0000E+00 7.0840E-09 0.00E+00 3.43E-08  43.493 1.0000 2.3127E-06    299.608
 3245.00 0.00000000 6.9294E-09 0.0000E+00 0.0000E+00 9.4037E-11 9.4037E-11 0.0000E+00 0.0000E+00 7.0234E-09 0.00E+00 9.40E-08  39.647 1.0000 2.3195E-06    299.816
 3250.00 0.00000000 6.7852E-09 0.0000E+00 0.0000E+00 1.7055E-10 1.7055E-10 0.0000E+00 0.0000E+00 6.9558E-09 0.00E+00 1.54E-07  38.941 1.0000 2.3287E-06    300.002
 3255.00 0.00000000 6.6628E-09 0.0000E+00 0.0000E+00 1.0265E-10 1.0265E-10 0.0000E+00 0.0000E+00 6.7655E-09 0.00E+00 1.05E-07  39.519 1.0000 2.3342E-06    299.842
 3260.00 0.00000000 6.5392E-09 0.0000E+00 0.0000E+00 4.7849E-11 4.7849E-11 0.0000E+00 0.0000E+00 6.5870E-09 0.00E+00 7.01E-08  39.908 1.0000 2.3374E-06    299.701
 3265.00 0.00000000 6.4062E-09 0.0000E+00 0.0000E+00 9.8404E-11 9.8404E-11 0.0000E+00 0.0000E+00 6.5046E-09 0.00E+00 1.13E-07  38.510 1.0000 2.3439E-06    299.831
 3270.00 0.00000000 6.2874E-09 0.0000E+00 0.0000E+00 1.1124E-10 1.1124E-10 0.0000E+00 0.0000E+00 6.3987E-09 0.00E+00 1.13E-07  38.213 1.0000 2.3520E-06    299.888
 3275.00 0.00000000 6.1797E-09 0.0000E+00 0.0000E+00 4.3711E-11 4.3711E-11 0.0000E+00 0.0000E+00 6.2234E-09 0.00E+00 5.12E-08  39.083 1.0000 2.3595E-06    299.729
 3280.00 0.00000000 6.0589E-09 0.0000E+00 0.0000E+00 5.7609E-12 5.7609E-12 0.0000E+00 0.0000E+00 6.0646E-09 0.00E+00 4.09E-08  50.993 1.0000 2.3622E-06    299.607
 3285.00 0.00000000 5.9344E-09 0.0000E+00 0.0000E+00 1.2962E-11 1.2962E-11 0.0000E+00 0.0000E+00 5.9474E-09 0.00E+00 6.54E-08  50.187 1.0000 2.3515E-06    299.605
 3290.00 0.00000000 5.8228E-09 0.0000E+00 0.0000E+00 8.6414E-12 8.6414E-12 0.0000E+00 0.0000E+00 5.8314E-09 0.00E+00 5.56E-08  50.595 1.0000 2.3434E-06    299.600
 3295.00 0.00000000 5.7067E-09 0.0000E+00 0.0000E+00 4.6568E-11 4.6568E-11 0.0000E+00 0.0000E+00 5.7533E-09 0.00E+00 8.26E-08  36.039 1.0000 2.3598E-06    299.713
 3300.00 0.00000000 5.5804E-09 0.0000E+00 0.0000E+00 1.8163E-10 1.8163E-10 0.0000E+00 0.0000E+00 5.7620E-09 0.00E+00 1.88E-07  34.948 1.0000 2.3838E-06    300.111
% -9999.
