M F 1    1    0    0    1    1    1    1    1    1    1    0    0   0.0000.30000
   10    1    1    0    0    0  75.00000   0.00000   0.00000   0.00000   0.00000
 -99.000 -99.000 -99.000
 -99.00000 -99.00000 -99.00000  4.114728  0.000594 ! H2O & O3 COLUMNS [GM/CM2]
   36TROPICAL MODEL      
   0.00000   0.00000  90.00000   1.00000   0.00000  6378.39000  0        0.00000   0.00000
  -99  -99  -99  -99
 -99.00000 -99.00000 -99.00000 -99.00000 -99.00000 -99.00000 -99.00000 -99.00000
     655.0   33665.0       5.0      10.0NW              
    0   0    0.000  0    0.000  0    1.000
    FREQ COMBIN    H2O   UMIX     O3  TRACE     N2    H2O MOLEC AER+CLD  HNO3 AER+CLD    -LOG    CO2     CO    CH4    N2O     O2    NH3     NO    NO2    SO2  CLOUD  CFC11  CFC12  CFC13  CFC14  CFC22 CFC113 CFC114 CFC115 CLONO2   HNO4 CHCL2F   CCL4   N2O5  H2-H2  H2-HE H2-CH4CH4-CH4
    CM-1  TRANS  TRANS  TRANS  TRANS  TRANS   CONT   CONT   SCAT  TRANS  TRANS abTRNS  COMBIN  TRANS  TRANS  TRANS  TRANS  TRANS  TRANS  TRANS  TRANS  TRANS  TRANS  TRANS  TRANS  TRANS  TRANS  TRANS  TRANS  TRANS  TRANS  TRANS  TRANS  TRANS  TRANS  TRANS  TRANS  TRANS  TRANS  TRANS
  655.00 0.0000 0.6119 0.0000 0.9998 1.0000 1.0000 0.1949 1.0000 0.9979 1.0000 0.9993  15.344 0.0000 1.0000 1.0000 1.0000 1.0000 1.0000 1.0000 1.0000 1.0000 1.0000 1.0000 1.0000 1.0000 1.0000 1.0000 1.0000 1.0000 1.0000 1.0000 1.0000 1.0000 1.0000 1.0000 1.0000 1.0000 1.0000 1.0000
  660.00 0.0000 0.4957 0.0000 0.9997 1.0000 1.0000 0.2086 1.0000 0.9979 1.0000 0.9994  16.013 0.0000 1.0000 1.0000 1.0000 1.0000 1.0000 1.0000 1.0000 1.0000 1.0000 1.0000 1.0000 1.0000 1.0000 1.0000 1.0000 1.0000 1.0000 1.0000 1.0000 1.0000 1.0000 1.0000 1.0000 1.0000 1.0000 1.0000
  665.00 0.0000 0.4465 0.0000 0.9997 1.0000 1.0000 0.2224 1.0000 0.9980 1.0000 0.9994  16.624 0.0000 1.0000 1.0000 1.0000 1.0000 1.0000 1.0000 1.0000 1.0000 1.0000 1.0000 1.0000 1.0000 1.0000 1.0000 1.0000 1.0000 1.0000 1.0000 1.0000 1.0000 1.0000 1.0000 1.0000 1.0000 1.0000 1.0000
  670.00 0.0000 0.4464 0.0000 0.9996 1.0000 1.0000 0.2360 1.0000 0.9980 1.0000 0.9995  17.405 0.0000 1.0000 1.0000 1.0000 1.0000 1.0000 1.0000 1.0000 1.0000 1.0000 1.0000 1.0000 1.0000 1.0000 1.0000 1.0000 1.0000 1.0000 1.0000 1.0000 1.0000 1.0000 1.0000 1.0000 1.0000 1.0000 1.0000
  675.00 0.0000 0.5583 0.0000 0.9996 1.0000 1.0000 0.2494 1.0000 0.9980 1.0000 0.9995  17.492 0.0000 1.0000 1.0000 1.0000 1.0000 1.0000 1.0000 1.0000 1.0000 1.0000 1.0000 1.0000 1.0000 1.0000 1.0000 1.0000 1.0000 1.0000 1.0000 1.0000 1.0000 1.0000 1.0000 1.0000 1.0000 1.0000 1.0000
  680.00 0.0000 0.6626 0.0000 0.9995 1.0000 1.0000 0.2628 1.0000 0.9980 1.0000 0.9994  16.572 0.0000 1.0000 1.0000 1.0000 1.0000 1.0000 1.0000 1.0000 1.0000 1.0000 1.0000 1.0000 1.0000 1.0000 1.0000 1.0000 1.0000 1.0000 1.0000 1.0000 1.0000 1.0000 1.0000 1.0000 1.0000 1.0000 1.0000
  685.00 0.0000 0.5573 0.0000 0.9995 1.0000 1.0000 0.2763 1.0000 0.9980 1.0000 0.9994  14.459 0.0000 1.0000 1.0000 1.0000 1.0000 1.0000 1.0000 1.0000 1.0000 1.0000 1.0000 1.0000 1.0000 1.0000 1.0000 1.0000 1.0000 1.0000 1.0000 1.0000 1.0000 1.0000 1.0000 1.0000 1.0000 1.0000 1.0000
  690.00 0.0000 0.3239 0.0002 0.9995 1.0000 1.0000 0.2899 1.0000 0.9980 1.0000 0.9994  12.122 0.0002 1.0000 1.0000 0.9999 1.0000 1.0000 1.0000 1.0000 1.0000 1.0000 1.0000 1.0000 1.0000 1.0000 1.0000 1.0000 1.0000 1.0000 1.0000 1.0000 1.0000 1.0000 1.0000 1.0000 1.0000 1.0000 1.0000
  695.00 0.0002 0.2685 0.0018 0.9997 1.0000 1.0000 0.3036 1.0000 0.9980 1.0000 0.9994   8.384 0.0018 1.0000 1.0000 0.9999 1.0000 1.0000 1.0000 1.0000 1.0000 1.0000 1.0000 1.0000 1.0000 1.0000 1.0000 1.0000 1.0000 1.0000 1.0000 1.0000 1.0000 1.0000 1.0000 1.0000 1.0000 1.0000 1.0000
  700.00 0.0011 0.3556 0.0113 0.9997 1.0000 1.0000 0.3169 1.0000 0.9980 1.0000 0.9994   6.794 0.0113 1.0000 1.0000 0.9999 1.0000 1.0000 1.0000 1.0000 1.0000 1.0000 1.0000 1.0000 1.0000 1.0000 1.0000 1.0000 1.0000 1.0000 1.0000 1.0000 1.0000 1.0000 1.0000 1.0000 1.0000 1.0000 1.0000
  705.00 0.0069 0.4071 0.0443 0.9997 1.0000 1.0000 0.3286 1.0000 0.9980 1.0000 0.9994   4.978 0.0443 1.0000 1.0000 1.0000 1.0000 1.0000 1.0000 1.0000 1.0000 1.0000 1.0000 1.0000 1.0000 1.0000 1.0000 1.0000 1.0000 1.0000 1.0000 1.0000 1.0000 1.0000 1.0000 1.0000 1.0000 1.0000 1.0000
  710.00 0.0224 0.5379 0.1101 0.9995 1.0000 1.0000 0.3389 1.0000 0.9980 1.0000 0.9994   3.797 0.1101 1.0000 1.0000 1.0000 1.0000 1.0000 1.0000 1.0000 1.0000 1.0000 1.0000 1.0000 1.0000 1.0000 1.0000 1.0000 1.0000 1.0000 1.0000 1.0000 1.0000 1.0000 1.0000 1.0000 1.0000 1.0000 1.0000
  715.00 0.0399 0.7026 0.1615 0.9994 1.0000 1.0000 0.3487 1.0000 0.9980 1.0000 0.9994   3.222 0.1615 1.0000 1.0000 1.0000 1.0000 1.0000 1.0000 1.0000 1.0000 1.0000 1.0000 1.0000 1.0000 1.0000 1.0000 1.0000 1.0000 1.0000 1.0000 1.0000 1.0000 1.0000 1.0000 1.0000 1.0000 1.0000 1.0000
  720.00 0.0747 0.8237 0.2379 0.9994 1.0000 1.0000 0.3585 1.0000 0.9980 1.0000 0.9994   2.595 0.2379 1.0000 1.0000 1.0000 1.0000 1.0000 1.0000 1.0000 1.0000 1.0000 1.0000 1.0000 1.0000 1.0000 1.0000 1.0000 1.0000 1.0000 1.0000 1.0000 1.0000 1.0000 1.0000 1.0000 1.0000 1.0000 1.0000
  725.00 0.1136 0.8101 0.3759 0.9995 1.0000 1.0000 0.3685 1.0000 0.9980 1.0000 0.9994   2.175 0.3759 1.0000 1.0000 1.0000 1.0000 1.0000 1.0000 1.0000 1.0000 1.0000 1.0000 1.0000 1.0000 1.0000 1.0000 1.0000 1.0000 1.0000 1.0000 1.0000 1.0000 1.0000 1.0000 1.0000 1.0000 1.0000 1.0000
  730.00 0.1211 0.7349 0.4364 0.9995 1.0000 1.0000 0.3786 1.0000 0.9981 1.0000 0.9993   2.111 0.4364 1.0000 1.0000 1.0000 1.0000 1.0000 1.0000 1.0000 1.0000 1.0000 1.0000 1.0000 1.0000 1.0000 1.0000 1.0000 1.0000 1.0000 1.0000 1.0000 1.0000 1.0000 1.0000 1.0000 1.0000 1.0000 1.0000
  735.00 0.1174 0.7384 0.4060 0.9996 1.0000 1.0000 0.3886 1.0000 0.9981 1.0000 0.9993   2.142 0.4060 1.0000 1.0000 1.0000 1.0000 1.0000 1.0000 1.0000 1.0000 1.0000 1.0000 1.0000 1.0000 1.0000 1.0000 1.0000 1.0000 1.0000 1.0000 1.0000 1.0000 1.0000 1.0000 1.0000 1.0000 1.0000 1.0000
  740.00 0.1104 0.6432 0.4176 0.9997 1.0000 1.0000 0.3984 1.0000 0.9981 1.0000 0.9993   2.204 0.4176 1.0000 1.0000 1.0000 1.0000 1.0000 1.0000 1.0000 1.0000 1.0000 1.0000 1.0000 1.0000 1.0000 1.0000 1.0000 1.0000 1.0000 1.0000 1.0000 1.0000 1.0000 1.0000 1.0000 1.0000 1.0000 1.0000
  745.00 0.1256 0.5605 0.5215 0.9997 1.0000 1.0000 0.4077 1.0000 0.9981 1.0000 0.9993   2.074 0.5215 1.0000 1.0000 1.0000 1.0000 1.0000 1.0000 1.0000 1.0000 1.0000 1.0000 1.0000 1.0000 1.0000 1.0000 1.0000 1.0000 1.0000 1.0000 1.0000 1.0000 1.0000 1.0000 1.0000 1.0000 1.0000 1.0000
  750.00 0.1665 0.6080 0.6516 0.9997 1.0000 1.0000 0.4167 1.0000 0.9981 1.0000 0.9993   1.793 0.6516 1.0000 1.0000 1.0000 1.0000 1.0000 1.0000 1.0000 1.0000 1.0000 1.0000 1.0000 1.0000 1.0000 1.0000 1.0000 1.0000 1.0000 1.0000 1.0000 1.0000 1.0000 1.0000 1.0000 1.0000 1.0000 1.0000
 -9999.
