M F 1    3    2    1    1    1    1    1    1    1    1    0    0   0.0000.30000
    2    1    1    0    0    0   0.50000   0.00000   0.00000   0.00000   0.00000
 -99.000 -99.000 -99.000
 -99.00000 -99.00000 -99.00000  4.114728  0.000594 ! H2O & O3 COLUMNS [GM/CM2]
   36TROPICAL MODEL      
   0.00000 100.00000  89.500001117.88687   9.93643  6378.39000  0      100.00657   0.00000
    1    2    1    0
   0.00000   0.00000 -23.07000 359.19250  12.00000   0.00000   0.00000   0.00000
     655.0   33665.0       5.0      10.0NW              
    0   0    0.000  0    0.000  0    1.000
    FREQ  TOT_TRANS  PTH_THRML  THRML_SCT  SURF_EMIS   SOL_SCAT  SING_SCAT  GRND_RFLT  DRCT_RFLT  TOTAL_RAD  REF_SOL  SOL@OBS   DEPTH DIR_EM    TOA_SUN BBODY_T[K]
  655.00 0.00000000 1.5065E-05            0.0000E+00 8.1174E-30 0.0000E+00 0.0000E+00 0.0000E+00 1.5065E-05 0.00E+00 0.00E+00  99.990 0.7000 1.0775E-07    299.670
  660.00 0.00000000 1.5031E-05            0.0000E+00 2.6951E-35 0.0000E+00 0.0000E+00 0.0000E+00 1.5031E-05 0.00E+00 0.00E+00  99.990 0.7000 1.0944E-07    299.670
  665.00 0.00000000 1.4994E-05            0.0000E+00 7.8914E-36 0.0000E+00 0.0000E+00 0.0000E+00 1.4994E-05 0.00E+00 0.00E+00  99.990 0.7000 1.1115E-07    299.669
  670.00 0.00000000 1.4956E-05            0.0000E+00 1.1289E-36 0.0000E+00 0.0000E+00 0.0000E+00 1.4956E-05 0.00E+00 0.00E+00  99.990 0.7000 1.1281E-07    299.669
  675.00 0.00000000 1.4916E-05            0.0000E+00 8.6258E-40 0.0000E+00 0.0000E+00 0.0000E+00 1.4916E-05 0.00E+00 0.00E+00  99.990 0.7000 1.1443E-07    299.668
  680.00 0.00000000 1.4874E-05            0.0000E+00 6.0091E-32 0.0000E+00 0.0000E+00 0.0000E+00 1.4874E-05 0.00E+00 0.00E+00  99.990 0.7000 1.1604E-07    299.667
  685.00 0.00000000 1.4829E-05            0.0000E+00 2.3299E-27 0.0000E+00 0.0000E+00 0.0000E+00 1.4829E-05 0.00E+00 0.00E+00  99.990 0.7000 1.1775E-07    299.667
  690.00 0.00000000 1.4783E-05            0.0000E+00 1.4622E-21 0.0000E+00 0.0000E+00 0.0000E+00 1.4783E-05 0.00E+00 1.44E-19  99.990 0.7000 1.1953E-07    299.666
  695.00 0.00000000 1.4735E-05            0.0000E+00 1.5148E-18 0.0000E+00 0.0000E+00 0.0000E+00 1.4735E-05 0.00E+00 2.87E-15  99.990 0.7000 1.2126E-07    299.665
  700.00 0.00000000 1.4685E-05            0.0000E+00 1.9891E-16 0.0000E+00 0.0000E+00 0.0000E+00 1.4685E-05 0.00E+00 4.72E-13  99.990 0.7000 1.2294E-07    299.663
  705.00 0.00000000 1.4633E-05            0.0000E+00 6.5618E-15 0.0000E+00 0.0000E+00 0.0000E+00 1.4633E-05 0.00E+00 1.38E-11  99.990 0.7000 1.2461E-07    299.660
  710.00 0.00000000 1.4579E-05            0.0000E+00 5.7128E-14 0.0000E+00 0.0000E+00 0.0000E+00 1.4579E-05 0.00E+00 8.92E-11  99.990 0.7000 1.2631E-07    299.652
  715.00 0.00000000 1.4523E-05            0.0000E+00 1.9667E-13 4.6462E-15 0.0000E+00 0.0000E+00 1.4523E-05 0.00E+00 2.30E-10  99.990 0.7000 1.2810E-07    299.645
 -9999.
