#Vasileska2010
#  wavelength [um]       absorption coefficient [m-1]
3.456359102244389581e-01 1.000000000000000000e+08
3.476309226932668417e-01 1.000000000000000000e+08
3.496259351620947808e-01 9.856585063572740555e+07
3.516209476309227200e-01 9.715226911544504762e+07
3.536159600997506591e-01 9.438563394279856980e+07
3.556109725685785428e-01 9.303200297364307940e+07
3.576059850374064819e-01 9.169778509442651272e+07
3.596009975062344211e-01 9.038270189244256914e+07
3.615960099750623602e-01 8.908647894783970714e+07
3.635910224438902993e-01 8.654953577287952602e+07
3.655860349127182385e-01 8.530828615581189096e+07
3.675810473815461776e-01 8.287893574386832118e+07
3.695760598503741168e-01 8.169032801378157735e+07
3.715710723192020004e-01 8.051876669389973581e+07
3.735660847880299396e-01 7.822580890689463913e+07
3.755610972568578787e-01 7.710393396575932205e+07
3.775561097256858178e-01 7.599814838696007431e+07
3.795511221945137570e-01 7.490822142500953376e+07
3.815461346633416406e-01 7.277503686841873825e+07
3.835411471321695798e-01 7.070259966727051139e+07
3.855361596009975189e-01 6.968861878361801803e+07
3.875311720698254581e-01 6.770407446349716187e+07
3.895261845386533972e-01 6.673309690999227762e+07
3.915211970074813363e-01 6.483271789906644076e+07
3.935162094763092755e-01 6.390291988747620583e+07
3.955112219451371591e-01 6.298645656815833598e+07
3.975062344139650983e-01 6.208313670170825720e+07
3.995012468827930374e-01 6.119277179138009995e+07
4.014962593516209766e-01 5.945016632996173948e+07
4.034912718204488602e-01 5.859756214748147130e+07
4.054862842892767993e-01 5.775718558246400952e+07
4.074812967581047385e-01 5.775718558246400952e+07
4.094763092269326776e-01 5.692886127261136472e+07
4.114713216957606168e-01 5.611241637058258057e+07
4.134663341645885559e-01 5.530768050792576373e+07
4.154613466334164951e-01 5.451448575952742994e+07
4.174563591022444342e-01 5.451448575952742994e+07
4.194513715710723734e-01 5.373266660857058316e+07
4.214463840399003125e-01 5.296205991199705750e+07
4.234413965087281961e-01 5.296205991199705750e+07
4.254364089775561353e-01 5.220250486646337062e+07
4.274314214463840744e-01 5.145384297478661686e+07
4.294264339152120136e-01 5.145384297478661686e+07
4.314214463840399527e-01 5.071591801286979020e+07
4.334164588528678363e-01 5.071591801286979020e+07
4.354114713216957755e-01 5.071591801286979020e+07
4.374064837905237146e-01 5.071591801286979020e+07
4.394014962593516538e-01 4.998857599710321426e+07
4.413965087281795929e-01 4.927166515223173052e+07
4.433915211970074766e-01 4.927166515223173052e+07
4.453865336658354157e-01 4.927166515223173052e+07
4.473815461346633549e-01 4.927166515223173052e+07
4.493765586034912940e-01 4.927166515223173052e+07
4.513715710723192331e-01 4.856503587968447804e+07
4.533665835411471168e-01 4.856503587968447804e+07
4.553615960099750559e-01 4.856503587968447804e+07
4.573566084788029951e-01 4.786854072635713220e+07
4.593516209476309342e-01 4.856503587968447804e+07
4.613466334164588734e-01 4.786854072635713220e+07
4.633416458852868125e-01 4.786854072635713220e+07
4.653366583541147516e-01 4.786854072635713220e+07
4.673316708229426908e-01 4.718203435384351015e+07
4.693266832917706299e-01 4.786854072635713220e+07
4.713216957605985691e-01 4.718203435384351015e+07
4.733167082294264527e-01 4.718203435384351015e+07
4.753117206982543919e-01 4.650537350810689479e+07
4.773067331670823310e-01 4.718203435384351015e+07
4.793017456359102701e-01 4.650537350810689479e+07
4.812967581047382093e-01 4.650537350810689479e+07
4.832917705735660929e-01 4.583841698958778381e+07
4.852867830423940321e-01 4.650537350810689479e+07
4.872817955112219712e-01 4.583841698958778381e+07
4.892768079800499104e-01 4.583841698958778381e+07
4.912718204488778495e-01 4.583841698958778381e+07
4.932668329177057331e-01 4.583841698958778381e+07
4.952618453865336723e-01 4.518102562373898923e+07
4.972568578553616114e-01 4.518102562373898923e+07
4.992518703241895506e-01 4.453306223198420554e+07
5.012468827930174342e-01 4.453306223198420554e+07
5.032418952618453734e-01 4.453306223198420554e+07
5.052369077306733125e-01 4.453306223198420554e+07
5.072319201995012516e-01 4.453306223198420554e+07
5.092269326683291908e-01 4.389439160309299827e+07
5.112219451371571299e-01 4.326488046496582776e+07
5.132169576059850691e-01 4.389439160309299827e+07
5.152119700748130082e-01 4.326488046496582776e+07
5.172069825436409474e-01 4.326488046496582776e+07
5.192019950124688865e-01 4.264439745682422072e+07
5.211970074812968257e-01 4.326488046496582776e+07
5.231920199501247648e-01 4.264439745682422072e+07
5.251870324189527039e-01 4.264439745682422072e+07
5.271820448877806431e-01 4.203281310179921240e+07
5.291770573566085822e-01 4.203281310179921240e+07
5.311720698254364104e-01 4.142999977991387248e+07
5.331670822942643495e-01 4.083583170145209879e+07
5.351620947630922887e-01 4.083583170145209879e+07
5.371571072319202278e-01 4.025018488071021438e+07
5.391521197007481669e-01 3.967293711012496799e+07
5.411471321695759951e-01 3.967293711012496799e+07
5.431421446384039342e-01 3.967293711012496799e+07
5.451371571072318734e-01 3.910396793477176130e+07
5.471321695760598125e-01 3.910396793477176130e+07
5.491271820448877516e-01 3.799039216280680150e+07
5.511221945137156908e-01 3.744555319511923939e+07
5.531172069825436299e-01 3.744555319511923939e+07
5.551122194513715691e-01 3.690852803202300519e+07
5.571072319201995082e-01 3.637920461188930273e+07
5.591022443890274474e-01 3.585747248022046685e+07
5.610972568578553865e-01 3.534322276660116762e+07
5.630922693266833257e-01 3.483634816198043525e+07
5.650872817955112648e-01 3.433674289627960324e+07
5.670822942643392039e-01 3.384430271632062644e+07
5.690773067331671431e-01 3.335892486407202482e+07
5.710723192019950822e-01 3.240895245796229690e+07
5.730673316708230214e-01 3.194415967231902480e+07
5.750623441396509605e-01 3.103447597151884809e+07
5.770573566084788997e-01 3.058939523166791350e+07
5.790523690773068388e-01 2.971829157625718787e+07
5.810473815461346669e-01 2.845792708154479042e+07
5.830423940149626061e-01 2.804979790121965483e+07
5.850374064837905452e-01 2.725101514333131909e+07
5.870324189526184844e-01 2.647497956873992831e+07
5.890274314214464235e-01 2.609528881756354496e+07
5.910224438902742516e-01 2.535216521849197149e+07
5.930174563591021908e-01 2.463020377966157719e+07
5.950124688279301299e-01 2.358562709995035827e+07
5.970074812967580691e-01 2.324737397883671895e+07
5.990024937655860082e-01 2.258535133019339293e+07
6.009975062344139474e-01 2.162749765128534660e+07
6.029925187032418865e-01 2.101160472111329809e+07
6.049875311720698257e-01 2.071026692558193952e+07
6.069825436408977648e-01 2.012049425806837156e+07
6.089775561097257039e-01 1.954751672895625234e+07
6.109725685785536431e-01 1.871849881647789106e+07
6.129675810473815822e-01 1.845004758469996229e+07
6.149625935162095214e-01 1.792463988141537830e+07
6.169576059850374605e-01 1.741419437556705624e+07
6.189526184538653997e-01 1.667565150749316812e+07
6.209476309226933388e-01 1.643649775741014257e+07
6.229426433915212780e-01 1.596843053443319164e+07
6.249376558603492171e-01 1.573941938943930715e+07
6.269326683291770452e-01 1.529120308243658207e+07
6.289276807980050954e-01 1.507190439064015448e+07
6.309226932668329235e-01 1.464269711441733129e+07
6.329177057356609737e-01 1.422571250635823235e+07
6.349127182044888018e-01 1.382060249776667356e+07
6.369077306733166299e-01 1.342702893200619891e+07
6.389027431421446801e-01 1.323446528193710744e+07
6.408977556109725082e-01 1.304466328223132901e+07
6.428927680798005584e-01 1.267318637715702690e+07
6.448877805486283865e-01 1.249143395529592410e+07
6.468827930174563257e-01 1.231228813463751599e+07
6.488778054862842648e-01 1.196166730283204839e+07
6.508728179551122039e-01 1.179011912725205533e+07
6.528678304239401431e-01 1.162103120874158852e+07
6.548628428927680822e-01 1.145436826353947818e+07
6.568578553615960214e-01 1.112817868086800352e+07
6.588528678304239605e-01 1.096858397706119530e+07
6.608478802992518997e-01 1.081127809968446568e+07
6.628428927680798388e-01 1.050340199422462471e+07
6.648379052369077780e-01 1.035276752129745856e+07
6.668329177057357171e-01 1.020429337170612998e+07
6.688279301745636563e-01 1.005794856318729557e+07
6.708229426433915954e-01 9.913702557809481397e+06
6.728179551122195345e-01 9.631386988267807290e+06
6.748129675810474737e-01 9.493258513004910201e+06
6.768079800498753018e-01 9.357111006391897798e+06
6.788029925187033520e-01 9.222916058379447088e+06
6.807980049875311801e-01 9.090645666360784322e+06
6.827930174563592303e-01 8.960272229328397661e+06
6.847880299251870584e-01 8.831768542114371434e+06
6.867830423940148865e-01 8.705107789713611826e+06
6.887780548628429367e-01 8.580263541688172147e+06
6.907730673316707648e-01 8.457209746652120724e+06
6.927680798004988150e-01 8.216371172725133598e+06
6.947630922693266431e-01 8.098536137785202824e+06
6.967581047381545822e-01 7.982391033249753527e+06
6.987531172069825214e-01 7.867911622992649674e+06
7.007481296758104605e-01 7.755074018469971605e+06
7.027431421446383997e-01 7.643854673735199496e+06
7.047381546134663388e-01 7.534230380525889806e+06
7.067331670822942780e-01 7.426178263420744799e+06
7.087281795511222171e-01 7.319675775066146627e+06
7.107231920199501563e-01 7.214700691471206024e+06
7.127182044887780954e-01 7.111231107370286249e+06
7.147132169576060345e-01 6.908722382853623480e+06
7.167082294264339737e-01 6.809640984720570035e+06
7.187032418952619128e-01 6.809640984720570035e+06
7.206982543640898520e-01 6.711980561828954145e+06
7.226932668329177911e-01 6.615720735271370038e+06
7.246882793017457303e-01 6.520841418404425494e+06
7.266832917705736694e-01 6.427322812657141127e+06
7.286783042394016086e-01 6.335145403399658389e+06
7.306733167082295477e-01 6.154737511165595613e+06
7.326683291770574868e-01 6.066469382276555523e+06
7.346633416458854260e-01 6.066469382276555523e+06
7.366583541147131431e-01 5.979467150196832605e+06
7.386533665835413043e-01 5.893712660075395368e+06
7.406483790523690214e-01 5.809188017428859137e+06
7.426433915211971826e-01 5.725875584407503717e+06
7.446384039900248997e-01 5.643757976114671677e+06
7.466334164588528388e-01 5.562818056979139335e+06
7.486284289276807780e-01 5.483038937179332599e+06
7.506234413965087171e-01 5.483038937179332599e+06
7.526184538653366562e-01 5.404403969118945301e+06
7.546134663341645954e-01 5.326896743953092024e+06
7.566084788029925345e-01 5.250501088164230809e+06
7.586034912718204737e-01 5.175201060187187977e+06
7.605985037406484128e-01 5.100980947082684375e+06
7.625935162094763520e-01 5.027825261258421466e+06
7.645885286783042911e-01 4.955718737237347290e+06
7.665835411471322303e-01 4.955718737237347290e+06
7.685785536159601694e-01 4.884646328472119756e+06
7.705735660847881086e-01 4.814593204205362126e+06
7.725685785536160477e-01 4.745544746374930255e+06
7.745635910224439868e-01 4.677486546563512646e+06
7.765586034912719260e-01 4.677486546563512646e+06
7.785536159600998651e-01 4.610404402992045507e+06
7.805486284289278043e-01 4.544284317556130700e+06
7.825436408977557434e-01 4.479112492905151099e+06
7.845386533665836826e-01 4.414875329563097097e+06
7.865336658354113997e-01 4.414875329563097097e+06
7.885286783042395609e-01 4.351559423090731725e+06
7.905236907730672780e-01 4.289151561288531870e+06
7.925187032418954391e-01 4.227638721439615823e+06
7.945137157107231562e-01 4.167008067592347041e+06
7.965087281795510954e-01 4.167008067592347041e+06
7.985037406483790345e-01 4.107246947881783824e+06
8.004987531172069737e-01 4.048342891889623366e+06
8.024937655860349128e-01 4.048342891889623366e+06
8.044887780548628520e-01 3.990283608042005450e+06
8.064837905236907911e-01 3.933056981044589542e+06
8.084788029925187303e-01 3.876651069354459643e+06
8.104738154613466694e-01 3.876651069354459643e+06
8.124688279301746086e-01 3.821054102688245941e+06
8.144638403990025477e-01 3.766254479566022754e+06
8.164588528678304868e-01 3.766254479566022754e+06
8.184538653366584260e-01 3.712240764890438411e+06
8.204488778054863651e-01 3.659001687560486607e+06
8.224438902743143043e-01 3.606526138119614683e+06
8.244389027431422434e-01 3.606526138119614683e+06
8.264339152119701826e-01 3.554803166437440086e+06
8.284289276807981217e-01 3.503821979424828198e+06
8.304239401496260609e-01 3.503821979424828198e+06
8.324189526184537780e-01 3.453571938781670760e+06
8.344139650872819391e-01 3.404042558776929509e+06
8.364089775561096562e-01 3.404042558776929509e+06
8.384039900249378174e-01 3.355223504060654901e+06
8.403990024937655345e-01 3.307104587507237680e+06
8.423940149625934737e-01 3.259675768089672551e+06
8.443890274314214128e-01 3.259675768089672551e+06
8.463840399002493520e-01 3.212927148784266785e+06
8.483790523690772911e-01 3.166848974505429156e+06
8.503740648379052303e-01 3.166848974505429156e+06
8.523690773067331694e-01 3.166848974505429156e+06
8.543640897755611086e-01 3.121431630070086569e+06
8.563591022443890477e-01 3.076665638191226404e+06
8.583541147132169868e-01 3.076665638191226404e+06
8.603491271820449260e-01 3.032541657500313595e+06
8.623441396508728651e-01 3.032541657500313595e+06
8.643391521197008043e-01 2.989050480597964954e+06
8.663341645885287434e-01 2.946183032132676337e+06
8.683291770573566826e-01 2.903930366907038726e+06
8.703241895261846217e-01 2.903930366907038726e+06
8.723192019950125609e-01 2.862283668011122383e+06
8.743142144638405000e-01 2.862283668011122383e+06
8.763092269326684391e-01 2.821234244982657023e+06
8.783042394014963783e-01 2.821234244982657023e+06
8.802992518703243174e-01 2.780773531993597280e+06
8.822942643391520345e-01 2.740893086062645074e+06
8.842892768079801957e-01 2.701584585293486249e+06
8.862842892768079128e-01 2.701584585293486249e+06
8.882793017456360740e-01 2.662839827138207853e+06
8.902743142144637911e-01 2.662839827138207853e+06
8.922693266832917303e-01 2.624650726685702335e+06
8.942643391521196694e-01 2.587009314974568784e+06
8.962593516209476086e-01 2.587009314974568784e+06
8.982543640897755477e-01 2.549907737330182921e+06
9.002493765586034868e-01 2.513338251725719310e+06
9.022443890274314260e-01 2.513338251725719310e+06
9.042394014962593651e-01 2.477293227166569792e+06
9.062344139650873043e-01 2.477293227166569792e+06
9.082294264339152434e-01 2.441765142097992357e+06
9.102244389027431826e-01 2.406746582835559268e+06
9.122194513715711217e-01 2.406746582835559268e+06
9.142144638403990609e-01 2.372230242018170655e+06
9.162094763092270000e-01 2.372230242018170655e+06
9.182044887780549391e-01 2.338208917083185166e+06
9.201995012468828783e-01 2.304675508763466496e+06
9.221945137157108174e-01 2.304675508763466496e+06
9.241895261845387566e-01 2.271623019605989102e+06
9.261845386533666957e-01 2.271623019605989102e+06
9.281795511221946349e-01 2.239044552511635236e+06
9.301745635910225740e-01 2.239044552511635236e+06
9.321695760598502911e-01 2.206933309296004940e+06
9.341645885286784523e-01 2.206933309296004940e+06
9.361596009975061694e-01 2.175282589270816185e+06
9.381546134663343306e-01 2.144085787845656276e+06
9.401496259351620477e-01 2.144085787845656276e+06
9.421446384039899868e-01 2.113336395149804652e+06
9.441396508728179260e-01 2.113336395149804652e+06
9.461346633416458651e-01 2.083027994673818117e+06
9.481296758104738043e-01 2.083027994673818117e+06
9.501246882793017434e-01 2.053154261930583278e+06
9.521197007481296826e-01 2.053154261930583278e+06
9.541147132169576217e-01 2.023708963135570288e+06
9.561097256857855609e-01 2.023708963135570288e+06
9.581047381546135000e-01 1.994685953906029928e+06
9.600997506234414391e-01 1.994685953906029928e+06
9.620947630922693783e-01 1.966079177978847874e+06
9.640897755610973174e-01 1.937882665946768364e+06
9.660847880299252566e-01 1.937882665946768364e+06
9.680798004987531957e-01 1.910090534012743970e+06
9.700748129675811349e-01 1.910090534012743970e+06
9.720698254364090740e-01 1.910090534012743970e+06
9.740648379052370132e-01 1.882696982762165368e+06
9.760598503740649523e-01 1.882696982762165368e+06
9.780548628428928915e-01 1.855696295952698682e+06
9.800498753117208306e-01 1.829082839321462903e+06
9.820448877805485477e-01 1.829082839321462903e+06
9.840399002493767089e-01 1.829082839321462903e+06
9.860349127182044260e-01 1.802851059409311274e+06
9.880299251870325872e-01 1.802851059409311274e+06
9.900249376558603043e-01 1.802851059409311274e+06
9.920199501246882434e-01 1.776995482402011054e+06
9.940149625935161826e-01 1.776995482402011054e+06
9.960099750623441217e-01 1.751510712987986160e+06
9.980049875311720609e-01 1.751510712987986160e+06
1.000000000000000000e+00 1.751510712987986160e+06
1.001995012468827939e+00 1.726391433232502546e+06
1.003990024937655878e+00 1.726391433232502546e+06
1.005985037406483817e+00 1.701632401467942167e+06
1.007980049875311757e+00 1.677228451200029813e+06
1.009975062344139696e+00 1.677228451200029813e+06
1.011970074812967635e+00 1.677228451200029813e+06
1.013965087281795574e+00 1.653174490029742010e+06
1.015960099750623513e+00 1.629465498590660514e+06
1.017955112219451452e+00 1.629465498590660514e+06
1.019950124688279391e+00 1.606096529501584591e+06
1.021945137157107331e+00 1.606096529501584591e+06
1.023940149625935048e+00 1.606096529501584591e+06
1.025935162094763209e+00 1.583062706334130140e+06
1.027930174563591148e+00 1.583062706334130140e+06
1.029925187032419087e+00 1.560359222595199477e+06
1.031920199501246804e+00 1.537981340723981615e+06
1.033915211970074743e+00 1.537981340723981615e+06
1.035910224438902905e+00 1.537981340723981615e+06
1.037905236907730844e+00 1.537981340723981615e+06
1.039900249376558561e+00 1.515924391103354516e+06
1.041895261845386500e+00 1.515924391103354516e+06
1.043890274314214439e+00 1.494183771085492568e+06
1.045885286783042600e+00 1.494183771085492568e+06
1.047880299251870317e+00 1.472754944031402702e+06
1.049875311720698257e+00 1.472754944031402702e+06
1.051870324189526196e+00 1.472754944031402702e+06
1.053865336658354135e+00 1.451633438364283182e+06
1.055860349127182074e+00 1.451633438364283182e+06
1.057855361596010013e+00 1.430814846636413364e+06
1.059850374064837952e+00 1.430814846636413364e+06
1.061845386533665891e+00 1.410294824609456351e+06
1.063840399002493831e+00 1.410294824609456351e+06
1.065835411471321770e+00 1.410294824609456351e+06
1.067830423940149709e+00 1.390069090347947786e+06
1.069825436408977648e+00 1.390069090347947786e+06
1.071820448877805587e+00 1.390069090347947786e+06
1.073815461346633304e+00 1.370133423325772863e+06
1.075810473815461465e+00 1.370133423325772863e+06
1.077805486284289405e+00 1.370133423325772863e+06
1.079800498753117344e+00 1.370133423325772863e+06
1.081795511221945061e+00 1.350483663545457181e+06
1.083790523690773000e+00 1.331115710670114728e+06
1.085785536159601161e+00 1.331115710670114728e+06
1.087780548628429100e+00 1.331115710670114728e+06
1.089775561097256817e+00 1.331115710670114728e+06
1.091770573566084757e+00 1.312025523167804116e+06
1.093765586034912696e+00 1.312025523167804116e+06
1.095760598503740857e+00 1.312025523167804116e+06
1.097755610972568574e+00 1.293209117468198761e+06
1.099750623441396513e+00 1.274662567131310701e+06
1.101745635910224452e+00 1.293209117468198761e+06
1.103740648379052391e+00 1.274662567131310701e+06
1.105735660847880331e+00 1.274662567131310701e+06
1.107730673316708270e+00 1.274662567131310701e+06
1.109725685785536209e+00 1.256382002028176328e+06
1.111720698254364148e+00 1.238363607533251401e+06
1.113715710723192087e+00 1.256382002028176328e+06
1.115710723192020026e+00 1.238363607533251401e+06
1.117705735660847965e+00 1.238363607533251401e+06
1.119700748129675905e+00 1.220603623728427570e+06
1.121695760598503844e+00 1.220603623728427570e+06
1.123690773067331561e+00 1.220603623728427570e+06
1.125685785536159722e+00 1.203098344618440606e+06
1.127680798004987661e+00 1.203098344618440606e+06
1.129675810473815600e+00 1.203098344618440606e+06
1.131670822942643317e+00 1.203098344618440606e+06
1.133665835411471257e+00 1.185844117357518757e+06
1.135660847880299418e+00 1.168837341487169499e+06
1.137655860349127357e+00 1.185844117357518757e+06
1.139650872817955074e+00 1.168837341487169499e+06
1.141645885286783013e+00 1.152074468184850644e+06
1.143640897755610952e+00 1.152074468184850644e+06
1.145635910224439113e+00 1.152074468184850644e+06
1.147630922693266831e+00 1.152074468184850644e+06
1.149625935162094770e+00 1.135551999523428269e+06
1.151620947630922709e+00 1.135551999523428269e+06
1.153615960099750648e+00 1.135551999523428269e+06
1.155610972568578587e+00 1.135551999523428269e+06
1.157605985037406526e+00 1.119266487741278484e+06
1.159600997506234465e+00 1.119266487741278484e+06
1.161596009975062405e+00 1.119266487741278484e+06
1.163591022443890344e+00 1.103214534522818401e+06
1.165586034912718283e+00 1.087392790289396420e+06
1.167581047381546222e+00 1.087392790289396420e+06
1.169576059850374161e+00 1.087392790289396420e+06
1.171571072319202100e+00 1.071797953500315081e+06
1.173566084788029817e+00 1.071797953500315081e+06
1.175561097256857979e+00 1.071797953500315081e+06
1.177556109725685918e+00 1.056426769963901490e+06
1.179551122194513857e+00 1.056426769963901490e+06
1.181546134663341574e+00 1.056426769963901490e+06
1.183541147132169513e+00 1.056426769963901490e+06
1.185536159600997674e+00 1.041276032158456626e+06
1.187531172069825613e+00 1.056426769963901490e+06
1.189526184538653331e+00 1.041276032158456626e+06
1.191521197007481270e+00 1.041276032158456626e+06
1.193516209476309209e+00 1.041276032158456626e+06
1.195511221945137370e+00 1.041276032158456626e+06
1.197506234413965087e+00 1.026342578562931041e+06
1.199501246882793026e+00 1.026342578562931041e+06
1.201496259351620965e+00 1.026342578562931041e+06
1.203491271820448905e+00 1.026342578562931041e+06
1.205486284289276844e+00 1.011623292997211916e+06
1.207481296758104783e+00 1.011623292997211916e+06
1.209476309226932722e+00 1.011623292997211916e+06
1.211471321695760661e+00 1.011623292997211916e+06
1.213466334164588378e+00 9.971151039718588581e+05
1.215461346633416539e+00 9.971151039718588581e+05
1.217456359102244479e+00 9.971151039718588581e+05
1.219451371571072418e+00 9.971151039718588581e+05
1.221446384039900135e+00 9.828149840471784119e+05
1.223441396508728074e+00 9.828149840471784119e+05
1.225436408977556235e+00 9.828149840471784119e+05
1.227431421446384174e+00 9.828149840471784119e+05
1.229426433915211891e+00 9.687199492014900316e+05
1.231421446384039831e+00 9.687199492014900316e+05
1.233416458852867770e+00 9.548270582084330963e+05
1.235411471321695931e+00 9.548270582084330963e+05
1.237406483790523648e+00 9.548270582084330963e+05
1.239401496259351587e+00 9.548270582084330963e+05
1.241396508728179526e+00 9.548270582084330963e+05
1.243391521197007465e+00 9.548270582084330963e+05
1.245386533665835405e+00 9.411334120232341811e+05
1.247381546134663344e+00 9.411334120232341811e+05
1.249376558603491283e+00 9.411334120232341811e+05
1.251371571072319222e+00 9.411334120232341811e+05
1.253366583541147161e+00 9.411334120232341811e+05
1.255361596009975100e+00 9.276361531777440105e+05
1.257356608478803039e+00 9.143324651841808809e+05
1.259351620947630979e+00 9.276361531777440105e+05
1.261346633416458918e+00 9.143324651841808809e+05
1.263341645885286635e+00 9.143324651841808809e+05
1.265336658354114796e+00 9.143324651841808809e+05
1.267331670822942735e+00 9.143324651841808809e+05
1.269326683291770674e+00 9.012195719474058133e+05
1.271321695760598391e+00 9.012195719474058133e+05
1.273316708229426331e+00 8.882947371856201207e+05
1.275311720698254492e+00 8.882947371856201207e+05
1.277306733167082431e+00 8.882947371856201207e+05
1.279301745635910148e+00 8.882947371856201207e+05
1.281296758104738087e+00 8.882947371856201207e+05
1.283291770573566026e+00 8.755552638594037853e+05
1.285286783042394188e+00 8.755552638594037853e+05
1.287281795511221905e+00 8.882947371856201207e+05
1.289276807980049844e+00 8.755552638594037853e+05
1.291271820448877783e+00 8.755552638594037853e+05
1.293266832917705722e+00 8.629984936089072144e+05
1.295261845386533661e+00 8.629984936089072144e+05
1.297256857855361600e+00 8.629984936089072144e+05
1.299251870324189539e+00 8.629984936089072144e+05
1.301246882793017479e+00 8.629984936089072144e+05
1.303241895261845418e+00 8.629984936089072144e+05
1.305236907730673357e+00 8.629984936089072144e+05
1.307231920199501296e+00 8.629984936089072144e+05
1.309226932668329235e+00 8.506218061991329305e+05
1.311221945137157174e+00 8.506218061991329305e+05
1.313216957605984891e+00 8.384226189731640043e+05
1.315211970074813053e+00 8.384226189731640043e+05
1.317206982543640992e+00 8.506218061991329305e+05
1.319201995012468931e+00 8.384226189731640043e+05
1.321197007481296648e+00 8.263983863132410916e+05
1.323192019950124587e+00 8.384226189731640043e+05
1.325187032418952748e+00 8.263983863132410916e+05
1.327182044887780688e+00 8.263983863132410916e+05
1.329177057356608405e+00 8.263983863132410916e+05
1.331172069825436344e+00 8.263983863132410916e+05
1.333167082294264283e+00 8.145465991095707286e+05
1.335162094763092444e+00 8.145465991095707286e+05
1.337157107231920161e+00 8.028647842367351986e+05
1.339152119700748100e+00 8.028647842367351986e+05
1.341147132169576039e+00 8.028647842367351986e+05
1.343142144638403979e+00 8.028647842367351986e+05
1.345137157107231918e+00 7.913505040376355173e+05
1.347132169576059857e+00 7.913505040376355173e+05
1.349127182044887796e+00 7.913505040376355173e+05
1.351122194513715735e+00 7.800013558148101438e+05
1.353117206982543674e+00 7.800013558148101438e+05
1.355112219451371613e+00 7.800013558148101438e+05
1.357107231920199553e+00 7.800013558148101438e+05
1.359102244389027492e+00 7.800013558148101438e+05
1.361097256857855431e+00 7.688149713290728396e+05
1.363092269326683148e+00 7.688149713290728396e+05
1.365087281795511309e+00 7.577890163053245051e+05
1.367082294264339248e+00 7.577890163053245051e+05
1.369077306733167188e+00 7.469211899454541272e+05
1.371072319201994905e+00 7.469211899454541272e+05
1.373067331670822844e+00 7.469211899454541272e+05
1.375062344139651005e+00 7.469211899454541272e+05
1.377057356608478944e+00 7.362092244482325623e+05
1.379052369077306661e+00 7.362092244482325623e+05
1.381047381546134600e+00 7.256508845360920532e+05
1.383042394014962539e+00 7.256508845360920532e+05
1.385037406483790701e+00 7.152439669886777410e+05
1.387032418952618418e+00 7.152439669886777410e+05
1.389027431421446357e+00 7.049863001831115689e+05
1.391022443890274296e+00 7.049863001831115689e+05
1.393017456359102235e+00 7.049863001831115689e+05
1.395012468827930174e+00 7.049863001831115689e+05
1.397007481296758113e+00 6.948757436408251524e+05
1.399002493765586053e+00 6.948757436408251524e+05
1.400997506234413992e+00 6.849101875809144694e+05
1.402992518703241931e+00 6.948757436408251524e+05
1.404987531172069870e+00 6.849101875809144694e+05
1.406982543640897809e+00 6.750875524798844708e+05
1.408977556109725748e+00 6.849101875809144694e+05
1.410972568578553688e+00 6.750875524798844708e+05
1.412967581047381627e+00 6.750875524798844708e+05
1.414962593516209344e+00 6.750875524798844708e+05
1.416957605985037505e+00 6.654057886377108516e+05
1.418952618453865444e+00 6.654057886377108516e+05
1.420947630922693383e+00 6.558628757501287619e+05
1.422942643391521100e+00 6.464568224870569538e+05
1.424937655860349039e+00 6.464568224870569538e+05
1.426932668329177201e+00 6.464568224870569538e+05
1.428927680798005140e+00 6.371856660770620219e+05
1.430922693266832857e+00 6.280474718977804296e+05
1.432917705735660796e+00 6.280474718977804296e+05
1.434912718204488735e+00 6.280474718977804296e+05
1.436907730673316896e+00 6.280474718977804296e+05
1.438902743142144613e+00 6.280474718977804296e+05
1.440897755610972553e+00 6.190403330722283572e+05
1.442892768079800492e+00 6.101623700708820252e+05
1.444887780548628431e+00 6.101623700708820252e+05
1.446882793017456370e+00 6.014117303194786655e+05
1.448877805486284309e+00 6.014117303194786655e+05
1.450872817955112248e+00 6.014117303194786655e+05
1.452867830423940188e+00 5.927865878124410519e+05
1.454862842892768127e+00 5.927865878124410519e+05
1.456857855361596066e+00 5.842851427318345523e+05
1.458852867830424005e+00 5.842851427318345523e+05
1.460847880299251944e+00 5.759056210718054790e+05
1.462842892768079883e+00 5.759056210718054790e+05
1.464837905236907600e+00 5.676462742683941033e+05
1.466832917705735762e+00 5.595053788346567890e+05
1.468827930174563701e+00 5.595053788346567890e+05
1.470822942643391640e+00 5.514812360010275152e+05
1.472817955112219357e+00 5.514812360010275152e+05
1.474812967581047296e+00 5.435721713608349673e+05
1.476807980049875457e+00 5.357765345209008083e+05
1.478802992518703396e+00 5.280926987571476493e+05
1.480798004987531113e+00 5.205190606751509476e+05
1.482793017456359053e+00 5.205190606751509476e+05
1.484788029925186992e+00 5.130540398755595670e+05
1.486783042394015153e+00 5.056960786243093316e+05
1.488778054862842870e+00 4.912952152113415650e+05
1.490773067331670809e+00 4.842493080056854524e+05
1.492768079800498748e+00 4.773044496334274882e+05
1.494763092269326688e+00 4.704591909033639240e+05
1.496758104738154627e+00 4.570617792247814941e+05
1.498753117206982566e+00 4.505068306236962671e+05
1.500748129675810505e+00 4.252137280397847062e+05
1.502743142144638444e+00 4.191155280623032013e+05
1.504738154613466383e+00 4.013406728221590747e+05
1.506733167082294322e+00 3.788079383134879754e+05
1.508728179551122262e+00 3.680205076609888929e+05
1.510723192019950201e+00 3.374666542183911079e+05
1.512718204488778140e+00 2.878870190610687132e+05
1.514713216957605857e+00 2.095098842610844295e+05
1.516708229426434018e+00 1.866449789358943235e+05
1.518703241895261957e+00 1.524708955139855971e+05
1.520698254364089896e+00 1.300703078493998037e+05
1.522693266832917613e+00 1.142132360203112767e+05
1.524688279301745553e+00 9.885102556676263339e+04
1.526683291770573714e+00 8.934422775562925381e+04
1.528678304239401653e+00 7.512494909226009622e+04
1.530673316708229370e+00 6.408780654603325820e+04
1.532668329177057309e+00 6.136981733365370746e+04
1.534663341645885248e+00 4.941422003935696557e+04
1.536658354114713410e+00 4.402138873260093533e+04
1.538653366583541127e+00 3.978772054710008524e+04
1.540648379052369066e+00 3.493713817313071922e+04
1.542643391521197005e+00 3.112426624358376648e+04
1.544638403990024944e+00 2.772751289475983504e+04
1.546633416458852883e+00 2.617078882229029114e+04
1.548628428927680822e+00 2.232585141775263401e+04
1.550623441396508762e+00 1.988931492320217512e+04
1.552618453865336701e+00 1.932292075940774885e+04
1.554613466334164640e+00 1.823806125503159637e+04
1.556608478802992579e+00 1.696723368911587750e+04
1.558603491271820518e+00 1.648405253509631075e+04
1.560598503740648457e+00 1.601463108002810986e+04
1.562593516209476396e+00 1.511551106848498239e+04
1.564588528678304113e+00 1.489873206258975006e+04
1.566583541147132275e+00 1.426687094568343673e+04
1.568578553615960214e+00 1.386058885550361265e+04
1.570573566084788153e+00 1.366180730854794092e+04
1.572568578553615870e+00 1.327275580243406330e+04
1.574563591022443809e+00 1.308240465947197481e+04
1.576558603491271970e+00 1.289478343621656313e+04
1.578553615960099910e+00 1.252757470580697191e+04
1.580548628428927627e+00 1.234791057280484165e+04
1.582543640897755566e+00 1.199627530982585267e+04
1.584538653366583505e+00 1.182423080373359517e+04
1.586533665835411666e+00 1.148750853127458868e+04
1.588528678304239383e+00 1.132276050070255587e+04
1.590523690773067322e+00 1.100031875293986013e+04
1.592518703241895262e+00 1.084255775147659187e+04
1.594513715710723201e+00 1.053379088571210741e+04
1.596508728179551140e+00 1.038272059069084025e+04
1.598503740648379079e+00 1.023381686934522804e+04
1.600498753117207018e+00 9.942385305688099834e+03
1.602493765586034957e+00 9.799796650033031256e+03
1.604488778054862896e+00 9.659252928676565716e+03
1.606483790523690836e+00 9.384183399809364346e+03
1.608478802992518775e+00 9.249600193238815336e+03
1.610473815461346714e+00 9.116947110869705284e+03
1.612468827930174653e+00 8.857320992264936649e+03
1.614463840399002370e+00 8.730293779562776763e+03
1.616458852867830531e+00 8.481678507289789195e+03
1.618453865336658470e+00 8.360038568897838559e+03
1.620448877805486410e+00 8.240143128909037841e+03
1.622443890274314127e+00 8.005486028095562688e+03
1.624438902743142066e+00 7.890675401116682224e+03
1.626433915211970227e+00 7.665970200719109926e+03
1.628428927680798166e+00 7.556028737820162860e+03
1.630423940149625883e+00 7.340853373807410208e+03
1.632418952618453822e+00 7.235574571814752744e+03
1.634413965087281762e+00 7.131805625091602451e+03
1.636408977556109923e+00 6.928710993679441344e+03
1.638403990024937640e+00 6.829342929011288106e+03
1.640399002493765579e+00 6.731399950810877272e+03
1.642394014962593518e+00 6.539707795448719480e+03
1.644389027431421457e+00 6.445918617674992674e+03
1.646384039900249396e+00 6.353474516798071818e+03
1.648379052369077336e+00 6.262356202406184821e+03
1.650374064837905275e+00 6.084021150729420697e+03
1.652369077306733214e+00 5.996767200074024913e+03
1.654364089775561153e+00 5.910764601397243496e+03
1.656359102244389092e+00 5.742441932329913470e+03
1.658354114713217031e+00 5.660086737863674898e+03
1.660349127182044970e+00 5.578912639895320353e+03
1.662344139650872910e+00 5.498902699736931936e+03
1.664339152119700627e+00 5.342308749244903083e+03
1.666334164588528788e+00 5.265692062280117170e+03
1.668329177057356727e+00 5.190174173044374584e+03
1.670324189526184666e+00 5.042371980156390237e+03
1.672319201995012383e+00 4.970056834458712729e+03
1.674314214463840322e+00 4.898778795963331504e+03
1.676309226932668484e+00 4.828522991003897914e+03
1.678304239401496423e+00 4.691019650521243420e+03
1.680299251870324140e+00 4.623743422025385371e+03
1.682294264339152079e+00 4.557432035132807869e+03
1.684289276807980018e+00 4.492071652573790743e+03
1.686284289276808179e+00 4.364149540767109102e+03
1.688279301745635896e+00 4.301561117872287468e+03
1.690274314214463836e+00 4.179064233400631565e+03
1.692269326683291775e+00 4.119130210264768721e+03
1.694264339152119714e+00 4.060055730540691911e+03
1.696259351620947653e+00 3.944436269571941466e+03
1.698254364089775592e+00 3.887867161887733801e+03
1.700249376558603531e+00 3.777151167968186655e+03
1.702244389027431470e+00 3.722981178505152457e+03
1.704239401496259410e+00 3.669588067601628609e+03
1.706234413965087349e+00 3.616960693658692890e+03
1.708229426433915288e+00 3.513959386903161430e+03
1.710224438902743227e+00 3.463563960695089008e+03
1.712219451371571166e+00 3.413891280171602375e+03
1.714214463840398883e+00 3.364930980080060181e+03
1.716209476309227044e+00 3.269106801316362635e+03
1.718204488778054984e+00 3.222222926907888905e+03
1.720199501246882923e+00 3.130462689449122081e+03
1.722194513715710640e+00 3.085567178689593675e+03
1.724189526184538579e+00 2.997698529178359422e+03
1.726184538653366740e+00 2.954707054779335976e+03
1.728179551122194679e+00 2.912332142337097594e+03
1.730174563591022396e+00 2.829396760458943390e+03
1.732169576059850336e+00 2.788818984806069238e+03
1.734164588528678275e+00 2.748823155064756520e+03
1.736159600997506436e+00 2.670544069116179799e+03
1.738154613466334153e+00 2.632244478326327680e+03
1.740149625935162092e+00 2.557285239360036485e+03
1.742144638403990031e+00 2.520609949357115056e+03
1.744139650872817970e+00 2.448829761350107674e+03
1.746134663341645910e+00 2.413709884895584310e+03
1.748129675810473849e+00 2.344973923039857254e+03
1.750124688279301788e+00 2.311343494430220744e+03
1.752119700748129727e+00 2.245522651891179521e+03
1.754114713216957666e+00 2.213318503054482790e+03
1.756109725685785605e+00 2.181576209813596961e+03
1.758104738154613544e+00 2.119450790316629536e+03
1.760099750623441484e+00 2.089054700281233181e+03
1.762094763092269423e+00 2.029564044386077740e+03
1.764089775561097140e+00 2.000457064546005540e+03
1.766084788029925301e+00 1.888144082125246541e+03
