#Vasileska2010
#  wavelength [um]       absorption coefficient [m-1]
1.239401496259351587e+00 1.653174490029742010e+06
1.241396508728179526e+00 1.677228451200029813e+06
1.243391521197007465e+00 1.677228451200029813e+06
1.245386533665835405e+00 1.677228451200029813e+06
1.247381546134663344e+00 1.677228451200029813e+06
1.249376558603491283e+00 1.677228451200029813e+06
1.251371571072319222e+00 1.677228451200029813e+06
1.253366583541147161e+00 1.653174490029742010e+06
1.255361596009975100e+00 1.653174490029742010e+06
1.257356608478803039e+00 1.653174490029742010e+06
1.259351620947630979e+00 1.629465498590660514e+06
1.261346633416458918e+00 1.629465498590660514e+06
1.263341645885286635e+00 1.629465498590660514e+06
1.265336658354114796e+00 1.629465498590660514e+06
1.267331670822942735e+00 1.606096529501584591e+06
1.269326683291770674e+00 1.606096529501584591e+06
1.271321695760598391e+00 1.606096529501584591e+06
1.273316708229426331e+00 1.606096529501584591e+06
1.275311720698254492e+00 1.583062706334130140e+06
1.277306733167082431e+00 1.606096529501584591e+06
1.279301745635910148e+00 1.606096529501584591e+06
1.281296758104738087e+00 1.583062706334130140e+06
1.283291770573566026e+00 1.560359222595199477e+06
1.285286783042394188e+00 1.583062706334130140e+06
1.287281795511221905e+00 1.583062706334130140e+06
1.289276807980049844e+00 1.560359222595199477e+06
1.291271820448877783e+00 1.560359222595199477e+06
1.293266832917705722e+00 1.560359222595199477e+06
1.295261845386533661e+00 1.560359222595199477e+06
1.297256857855361600e+00 1.537981340723981615e+06
1.299251870324189539e+00 1.537981340723981615e+06
1.301246882793017479e+00 1.515924391103354516e+06
1.303241895261845418e+00 1.515924391103354516e+06
1.305236907730673357e+00 1.515924391103354516e+06
1.307231920199501296e+00 1.515924391103354516e+06
1.309226932668329235e+00 1.515924391103354516e+06
1.311221945137157174e+00 1.515924391103354516e+06
1.313216957605984891e+00 1.494183771085492568e+06
1.315211970074813053e+00 1.494183771085492568e+06
1.317206982543640992e+00 1.472754944031402702e+06
1.319201995012468931e+00 1.472754944031402702e+06
1.321197007481296648e+00 1.472754944031402702e+06
1.323192019950124587e+00 1.451633438364283182e+06
1.325187032418952748e+00 1.451633438364283182e+06
1.327182044887780688e+00 1.430814846636413364e+06
1.329177057356608405e+00 1.430814846636413364e+06
1.331172069825436344e+00 1.430814846636413364e+06
1.333167082294264283e+00 1.410294824609456351e+06
1.335162094763092444e+00 1.410294824609456351e+06
1.337157107231920161e+00 1.390069090347947786e+06
1.339152119700748100e+00 1.390069090347947786e+06
1.341147132169576039e+00 1.390069090347947786e+06
1.343142144638403979e+00 1.370133423325772863e+06
1.345137157107231918e+00 1.370133423325772863e+06
1.347132169576059857e+00 1.370133423325772863e+06
1.349127182044887796e+00 1.370133423325772863e+06
1.351122194513715735e+00 1.350483663545457181e+06
1.353117206982543674e+00 1.350483663545457181e+06
1.355112219451371613e+00 1.350483663545457181e+06
1.357107231920199553e+00 1.331115710670114728e+06
1.359102244389027492e+00 1.331115710670114728e+06
1.361097256857855431e+00 1.312025523167804116e+06
1.363092269326683148e+00 1.293209117468198761e+06
1.365087281795511309e+00 1.293209117468198761e+06
1.367082294264339248e+00 1.274662567131310701e+06
1.369077306733167188e+00 1.274662567131310701e+06
1.371072319201994905e+00 1.274662567131310701e+06
1.373067331670822844e+00 1.256382002028176328e+06
1.375062344139651005e+00 1.256382002028176328e+06
1.377057356608478944e+00 1.238363607533251401e+06
1.379052369077306661e+00 1.220603623728427570e+06
1.381047381546134600e+00 1.220603623728427570e+06
1.383042394014962539e+00 1.203098344618440606e+06
1.385037406483790701e+00 1.203098344618440606e+06
1.387032418952618418e+00 1.185844117357518757e+06
1.389027431421446357e+00 1.185844117357518757e+06
1.391022443890274296e+00 1.168837341487169499e+06
1.393017456359102235e+00 1.168837341487169499e+06
1.395012468827930174e+00 1.152074468184850644e+06
1.397007481296758113e+00 1.152074468184850644e+06
1.399002493765586053e+00 1.135551999523428269e+06
1.400997506234413992e+00 1.135551999523428269e+06
1.402992518703241931e+00 1.119266487741278484e+06
1.404987531172069870e+00 1.119266487741278484e+06
1.406982543640897809e+00 1.103214534522818401e+06
1.408977556109725748e+00 1.087392790289396420e+06
1.410972568578553688e+00 1.087392790289396420e+06
1.412967581047381627e+00 1.071797953500315081e+06
1.414962593516209344e+00 1.071797953500315081e+06
1.416957605985037505e+00 1.056426769963901490e+06
1.418952618453865444e+00 1.056426769963901490e+06
1.420947630922693383e+00 1.041276032158456626e+06
1.422942643391521100e+00 1.041276032158456626e+06
1.424937655860349039e+00 1.026342578562931041e+06
1.426932668329177201e+00 1.026342578562931041e+06
1.428927680798005140e+00 1.011623292997211916e+06
1.430922693266832857e+00 9.971151039718588581e+05
1.432917705735660796e+00 9.971151039718588581e+05
1.434912718204488735e+00 9.828149840471784119e+05
1.436907730673316896e+00 9.828149840471784119e+05
1.438902743142144613e+00 9.687199492014900316e+05
1.440897755610972553e+00 9.548270582084330963e+05
1.442892768079800492e+00 9.548270582084330963e+05
1.444887780548628431e+00 9.411334120232341811e+05
1.446882793017456370e+00 9.276361531777440105e+05
1.448877805486284309e+00 9.276361531777440105e+05
1.450872817955112248e+00 9.143324651841808809e+05
1.452867830423940188e+00 9.012195719474058133e+05
1.454862842892768127e+00 9.012195719474058133e+05
1.456857855361596066e+00 8.882947371856201207e+05
1.458852867830424005e+00 8.755552638594037853e+05
1.460847880299251944e+00 8.755552638594037853e+05
1.462842892768079883e+00 8.629984936089072144e+05
1.464837905236907600e+00 8.506218061991329305e+05
1.466832917705735762e+00 8.506218061991329305e+05
1.468827930174563701e+00 8.384226189731640043e+05
1.470822942643391640e+00 8.263983863132410916e+05
1.472817955112219357e+00 8.145465991095707286e+05
1.474812967581047296e+00 8.145465991095707286e+05
1.476807980049875457e+00 8.028647842367351986e+05
1.478802992518703396e+00 7.913505040376355173e+05
1.480798004987531113e+00 7.800013558148101438e+05
1.482793017456359053e+00 7.688149713290728396e+05
1.484788029925186992e+00 7.577890163053245051e+05
1.486783042394015153e+00 7.577890163053245051e+05
1.488778054862842870e+00 7.469211899454541272e+05
1.490773067331670809e+00 7.256508845360920532e+05
1.492768079800498748e+00 7.152439669886777410e+05
1.494763092269326688e+00 7.152439669886777410e+05
1.496758104738154627e+00 7.049863001831115689e+05
1.498753117206982566e+00 6.948757436408251524e+05
1.500748129675810505e+00 6.849101875809144694e+05
1.502743142144638444e+00 6.750875524798844708e+05
1.504738154613466383e+00 6.654057886377108516e+05
1.506733167082294322e+00 6.558628757501287619e+05
1.508728179551122262e+00 6.558628757501287619e+05
1.510723192019950201e+00 6.464568224870569538e+05
1.512718204488778140e+00 6.371856660770620219e+05
1.514713216957605857e+00 6.280474718977804296e+05
1.516708229426434018e+00 6.190403330722283572e+05
1.518703241895261957e+00 6.014117303194786655e+05
1.520698254364089896e+00 5.927865878124410519e+05
1.522693266832917613e+00 5.842851427318345523e+05
1.524688279301745553e+00 5.759056210718054790e+05
1.526683291770573714e+00 5.676462742683941033e+05
1.528678304239401653e+00 5.595053788346567890e+05
1.530673316708229370e+00 5.514812360010275152e+05
1.532668329177057309e+00 5.435721713608349673e+05
1.534663341645885248e+00 5.280926987571476493e+05
1.536658354114713410e+00 5.205190606751509476e+05
1.538653366583541127e+00 5.130540398755595670e+05
1.540648379052369066e+00 4.984436415275673498e+05
1.542643391521197005e+00 4.912952152113415650e+05
1.544638403990024944e+00 4.842493080056854524e+05
1.546633416458852883e+00 4.704591909033639240e+05
1.548628428927680822e+00 4.637121034078613739e+05
1.550623441396508762e+00 4.505068306236962671e+05
1.552618453865336701e+00 4.440458897763019195e+05
1.554613466334164640e+00 4.314006578315444640e+05
1.556608478802992579e+00 4.191155280623032013e+05
1.558603491271820518e+00 4.071802457277065841e+05
1.560598503740648457e+00 4.013406728221590747e+05
1.562593516209476396e+00 3.899115705299217952e+05
1.564588528678304113e+00 3.733752666743509471e+05
1.566583541147132275e+00 3.627425438899752917e+05
1.568578553615960214e+00 3.575402740028302651e+05
1.570573566084788153e+00 3.423768496307875612e+05
1.572568578553615870e+00 3.278565120811397210e+05
1.574563591022443809e+00 3.185200409295798163e+05
1.576558603491271970e+00 3.050114800686083618e+05
1.578553615960099910e+00 3.006371598662454053e+05
1.580548628428927627e+00 2.878870190610687132e+05
1.582543640897755566e+00 2.717239879798151087e+05
1.584538653366583505e+00 2.602000662250056048e+05
1.586533665835411666e+00 2.491648785477367055e+05
1.588528678304239383e+00 2.455914820260532724e+05
1.590523690773067322e+00 2.284786748614919779e+05
1.592518703241895262e+00 2.219722170728393830e+05
1.594513715710723201e+00 2.095098842610844295e+05
1.596508728179551140e+00 2.006244872409899253e+05
1.598503740648379079e+00 1.893606941268974042e+05
1.600498753117207018e+00 1.839682111570384877e+05
1.602493765586034957e+00 1.761660465910467319e+05
1.604488778054862896e+00 1.615403628124053357e+05
1.606483790523690836e+00 1.592236327260872349e+05
1.608478802992518775e+00 1.481289347324763366e+05
1.610473815461346714e+00 1.358309522336494701e+05
1.612468827930174653e+00 1.300703078493998037e+05
1.614463840399002370e+00 1.175610585941053578e+05
1.616458852867830531e+00 1.142132360203112767e+05
1.618453865336658470e+00 1.017485504628810886e+05
1.620448877805486410e+00 9.603601438199862605e+04
1.622443890274314127e+00 8.555510373476351378e+04
1.624438902743142066e+00 7.621802947747253347e+04
1.626433915211970227e+00 6.888791437091799162e+04
1.628428927680798166e+00 6.136981733365370746e+04
1.630423940149625883e+00 5.546769905261277745e+04
1.632418952618453822e+00 4.800703603393435333e+04
1.634413965087281762e+00 4.215442423283718381e+04
1.636408977556109923e+00 3.755389226976953796e+04
1.638403990024937640e+00 3.157712944477155543e+04
1.640399002493765579e+00 2.895552829725549964e+04
1.642394014962593518e+00 2.265069623379289260e+04
1.644389027431421457e+00 1.904580121417776536e+04
1.646384039900249396e+00 1.601463108002810986e+04
1.648379052369077336e+00 1.308240465947197481e+04
1.650374064837905275e+00 8.986196471838098660e+03
1.652369077306733214e+00 7.131805625091602451e+03
1.654364089775561153e+00 6.084021150729420697e+03
1.656359102244389092e+00 5.115739323137007887e+03
1.658354114713217031e+00 4.623743422025385371e+03
1.660349127182044970e+00 4.239870306446520772e+03
1.662344139650872910e+00 3.616960693658692890e+03
1.664339152119700627e+00 3.413891280171602375e+03
1.666334164588528788e+00 3.130462689449122081e+03
1.668329177057356727e+00 2.912332142337097594e+03
1.670324189526184666e+00 2.748823155064756520e+03
1.672319201995012383e+00 2.594494160874307454e+03
1.674314214463840322e+00 2.484460637792615671e+03
1.676309226932668484e+00 2.448829761350107674e+03
1.678304239401496423e+00 2.311343494430220744e+03
1.680299251870324140e+00 2.245522651891179521e+03
1.682294264339152079e+00 2.181576209813596961e+03
1.684289276807980018e+00 2.059094535577841270e+03
1.686284289276808179e+00 2.029564044386077740e+03
1.688279301745635896e+00 1.943489430886667606e+03
1.690274314214463836e+00 1.888144082125246541e+03
1.692269326683291775e+00 1.834374819953669430e+03
1.694264339152119714e+00 1.756578258629427182e+03
1.696259351620947653e+00 1.706555637047059463e+03
1.698254364089775592e+00 1.657957525108756727e+03
1.700249376558603531e+00 1.587642891004495596e+03
1.702244389027431470e+00 1.564873720576233836e+03
1.704239401496259410e+00 1.520310328331100436e+03
1.706234413965087349e+00 1.477015981570136773e+03
1.708229426433915288e+00 1.434954541293151578e+03
1.710224438902743227e+00 1.394090897641422544e+03
1.712219451371571166e+00 1.354390940590518539e+03
1.714214463840398883e+00 1.315821531477708049e+03
1.716209476309227044e+00 1.278350475340193270e+03
1.718204488778054984e+00 1.241946494041075539e+03
1.720199501246882923e+00 1.224135126292178484e+03
1.722194513715710640e+00 1.189275052232070266e+03
1.724189526184538579e+00 1.155407699267350608e+03
1.726184538653366740e+00 1.138837427093550104e+03
1.728179551122194679e+00 1.122504797372788516e+03
1.730174563591022396e+00 1.106406401957336129e+03
1.732169576059850336e+00 1.090538881577392658e+03
