2.040675032453483251e+00 1.457730128940475173e+06
2.046300302899178192e+00 1.450223631063283654e+06
2.051925573344872689e+00 1.442755787467337679e+06
2.057550843790567185e+00 1.435326399104625685e+06
2.063176114236261238e+00 1.427935267952124355e+06
2.068801384681955735e+00 1.413266990278946934e+06
2.074426655127650676e+00 1.405989452789795818e+06
2.080051925573345173e+00 1.391546610623253975e+06
2.085677196019039670e+00 1.384380920986140613e+06
2.091302466464734167e+00 1.377252130657744128e+06
2.096927736910428219e+00 1.370160049627180444e+06
2.102553007356123160e+00 1.356085260303263087e+06
2.108178277801817657e+00 1.349102176860272186e+06
2.113803548247512154e+00 1.335243701771233464e+06
2.119428818693206651e+00 1.328367940741199534e+06
2.125054089138901148e+00 1.321527586049109232e+06
2.130679359584595645e+00 1.307952367325974628e+06
2.136304630030290141e+00 1.294516598255897872e+06
2.141929900475984638e+00 1.287850559114718344e+06
2.147555170921679135e+00 1.281218846360618249e+06
2.153180441367373632e+00 1.274621283231830923e+06
2.158805711813068129e+00 1.268057693876812700e+06
2.164430982258762626e+00 1.255031737604953349e+06
2.170056252704457123e+00 1.248569023494088789e+06
2.175681523150151619e+00 1.242139588759695180e+06
2.181306793595846116e+00 1.229379872821798781e+06
2.186932064041540613e+00 1.216751229391610017e+06
2.192557334487235110e+00 1.210485638567104470e+06
2.198182604932929607e+00 1.204252312043984886e+06
2.203807875378624104e+00 1.198051083679083269e+06
2.209433145824318601e+00 1.185744261124545941e+06
2.215058416270013097e+00 1.179638338908690261e+06
2.220683686715707594e+00 1.173563858789860271e+06
2.226308957161402091e+00 1.161508578039898304e+06
2.231934227607096588e+00 1.155527456087147119e+06
2.237559498052791085e+00 1.143657451917302562e+06
2.243184768498485582e+00 1.137768253316947492e+06
2.248810038944180079e+00 1.131909380807765061e+06
2.254435309389874575e+00 1.120281990217174403e+06
2.260060579835569072e+00 1.114513162219134858e+06
2.265685850281263569e+00 1.108774040470737033e+06
2.271311120726958066e+00 1.103064472001346759e+06
2.276936391172652563e+00 1.097384304628047161e+06
2.282561661618347060e+00 1.086111568352298811e+06
2.288186932064041557e+00 1.080518698986175237e+06
2.293812202509736053e+00 1.074954629780786112e+06
2.299437472955430550e+00 1.063912299396789167e+06
2.305062743401125047e+00 1.058433743895750260e+06
2.310688013846819544e+00 1.052983399902741658e+06
2.316313284292514041e+00 1.042166766094706487e+06
2.321938554738208538e+00 1.036800187972969026e+06
2.327563825183903035e+00 1.031461244738157489e+06
2.333189095629597531e+00 1.020865694445017842e+06
2.338814366075292028e+00 1.010378985551962978e+06
2.344439636520986525e+00 1.005176096787007176e+06
2.350064906966681022e+00 1.000000000000000000e+06
2.355690177412375519e+00 9.948505572271830169e+05
2.361315447858070016e+00 9.897276312152375467e+05
2.366940718303764513e+00 9.795607839909242466e+05
2.372565988749459009e+00 9.745165917912670411e+05
2.378191259195153506e+00 9.645059979735175148e+05
2.383816529640848003e+00 9.595393295329140965e+05
2.389441800086542500e+00 9.545982366672171047e+05
2.395067070532236997e+00 9.447922515388875036e+05
2.400692340977931494e+00 9.399270979073869530e+05
2.406317611423625991e+00 9.350869971060930984e+05
2.411942881869320487e+00 9.254814386259829625e+05
2.417568152315014984e+00 9.207157249204742257e+05
2.423193422760709481e+00 9.112577934481611010e+05
2.428818693206403978e+00 9.065653235895164544e+05
2.434443963652098475e+00 9.018970173358719330e+05
2.440069234097792972e+00 8.972527502581273438e+05
2.445694504543487469e+00 8.926323985679204343e+05
2.451319774989181965e+00 8.834629493806026876e+05
2.456945045434876462e+00 8.789136074808640406e+05
2.462570315880570959e+00 8.743876921568912221e+05
2.468195586326265456e+00 8.654056593221974326e+05
2.473820856771959953e+00 8.609493024042467587e+05
2.479446127217654450e+00 8.565158932412192225e+05
2.485071397663348947e+00 8.477174461158344056e+05
2.490696668109043443e+00 8.433521736395431217e+05
2.496321938554737940e+00 8.390093798840554664e+05
2.501947209000432437e+00 8.303907661200115690e+05
2.507572479446127378e+00 8.261147163908010116e+05
2.513197749891821431e+00 8.176285613655142952e+05
2.518823020337515928e+00 8.134182298793427180e+05
2.524448290783210425e+00 8.092295792542130221e+05
2.530073561228904921e+00 8.009168745845746016e+05
2.535698831674599862e+00 7.967925989731188165e+05
2.541324102120294359e+00 7.926895610829025973e+05
2.546949372565988856e+00 7.886076515514967032e+05
2.552574643011682909e+00 7.805067829282742459e+05
2.558199913457377406e+00 7.724891294150257017e+05
2.563825183903072347e+00 7.685112408504798077e+05
2.569450454348766844e+00 7.645538361954544671e+05
2.575075724794461340e+00 7.567000572342490777e+05
2.580700995240155837e+00 7.528034735933347838e+05
2.586326265685849890e+00 7.489269551868879935e+05
2.591951536131544831e+00 7.450703986901330063e+05
2.597576806577239328e+00 7.412337013103582431e+05
2.603202077022933825e+00 7.336194753748037620e+05
2.608827347468628322e+00 7.260834655760689639e+05
2.614452617914322818e+00 7.223445403217972489e+05
2.620077888360017315e+00 7.186248684491532622e+05
2.625703158805711368e+00 7.112428887825413840e+05
2.631328429251405865e+00 7.075803842291833134e+05
2.636953699697101250e+00 7.003118575775165809e+05
2.642578970142795747e+00 6.967056417437966447e+05
2.648204240588489800e+00 6.931179959121382562e+05
2.653829511034184296e+00 6.859980322467726655e+05
2.659454781479878793e+00 6.824655246374534909e+05
2.665080051925573290e+00 6.789512074739123927e+05
2.670705322371267787e+00 6.754549870854903711e+05
2.676330592816962284e+00 6.685164643606413156e+05
2.681955863262656781e+00 6.650739770847301697e+05
2.687581133708351278e+00 6.582420919229665305e+05
2.693206404154046218e+00 6.548525119399505202e+05
2.698831674599740715e+00 6.514803864050803240e+05
2.704456945045435212e+00 6.447881396198871080e+05
2.710082215491129709e+00 6.414678399943240220e+05
2.715707485936824206e+00 6.348784457783366088e+05
2.721332756382518259e+00 6.316091755541067105e+05
2.726958026828212756e+00 6.283567402498046868e+05
2.732583297273907252e+00 6.219020280855668243e+05
2.738208567719601749e+00 6.186995791816420387e+05
2.743833838165296246e+00 6.123440689373102505e+05
2.749459108610991187e+00 6.091908381970436312e+05
2.755084379056685684e+00 6.029330052467851201e+05
2.760709649502380181e+00 5.998282362404240994e+05
2.766334919948074678e+00 5.967394550643842667e+05
2.771960190393769174e+00 5.906095273135447642e+05
2.777585460839463671e+00 5.875682173515631584e+05
2.783210731285158168e+00 5.815324999367224518e+05
2.788836001730852665e+00 5.755587836370469304e+05
2.794461272176546718e+00 5.725949766183163738e+05
2.800086542622241215e+00 5.667130698541901074e+05
2.805711813067936156e+00 5.608915842055028770e+05
2.811337083513630652e+00 5.551298990042736987e+05
2.816962353959325149e+00 5.494273999582539545e+05
2.822587624405019646e+00 5.437834790854289895e+05
2.828212894850714143e+00 5.354261172440550290e+05
2.833838165296408640e+00 5.271971989829551894e+05
2.839463435742103137e+00 5.190947502637155703e+05
2.845088706187797634e+00 5.111168273867495591e+05
2.850713976633492130e+00 5.006700001459183404e+05
2.856339247079186627e+00 4.904366978636723361e+05
2.861964517524881124e+00 4.754775813105534180e+05
2.867589787970575621e+00 4.609747421302835573e+05
2.873215058416270118e+00 4.469142631212521228e+05
2.878840328861964615e+00 4.288318123940625810e+05
2.884465599307659112e+00 4.093620919381794520e+05
2.890090869753353608e+00 3.907763311225892976e+05
2.895716140199048105e+00 3.692024497294169851e+05
2.901341410644742602e+00 3.470233871144688455e+05
2.906966681090437099e+00 3.261766851564944373e+05
2.912591951536131596e+00 3.050035770490062423e+05
2.918217221981826093e+00 2.866811270270445384e+05
2.923842492427520590e+00 2.666913738354771631e+05
2.929467762873215086e+00 2.442825116672055738e+05
2.935093033318909583e+00 2.214580542368400493e+05
2.940718303764604080e+00 1.956499857601684052e+05
2.946343574210298577e+00 1.746435160688784090e+05
2.951968844655993074e+00 1.519197894316714664e+05
2.957594115101687571e+00 1.328367940741199418e+05
2.963219385547382068e+00 1.161508578039899439e+05
2.968844655993076564e+00 1.000000000000000000e+05
2.974469926438771061e+00 8.654056593221983348e+04
2.980095196884465558e+00 7.374167607841771678e+04
2.985720467330160055e+00 6.381646380616706301e+04
2.991345737775854552e+00 5.465981550043512834e+04
2.996971008221549049e+00 4.657591923186741042e+04
3.002596278667243546e+00 3.968758826630446856e+04
3.008221549112938042e+00 3.399305011450350867e+04
3.013846819558632539e+00 2.957004721262531893e+04
3.019472090004327036e+00 2.493796359139147535e+04
3.025097360450021533e+00 2.092318536838451837e+04
3.030722630895716030e+00 1.693166049231570651e+04
3.036347901341410971e+00 1.342155052405846072e+04
3.041973171787105468e+00 1.020865694445016925e+04
3.047598442232799520e+00 7.412337013103582649e+03
3.053223712678494017e+00 5.137624175547719460e+03
3.058848983124188514e+00 3.488196137535288017e+03
3.064474253569883011e+00 2.442825116672055628e+03
3.070099524015577508e+00 1.801380184698539097e+03
3.075724794461272005e+00 1.534965627312401921e+03
3.081350064906966502e+00 1.413266990278948469e+03
3.086975335352660998e+00 1.342155052405845936e+03
3.092600605798355939e+00 1.281218846360617363e+03
3.098225876244050436e+00 1.242139588759694107e+03
3.103851146689744933e+00 1.204252312043985739e+03
3.109476417135439430e+00 1.173563858789859069e+03
3.115101687581133927e+00 1.143657451917301387e+03
3.120726958026827980e+00 1.069419212431355845e+03
3.126352228472522476e+00 1.074954629780786718e+03
3.131977498918216973e+00 1.080518698986174286e+03
