#Vasileska2010
#  wavelength [um]       absorption coefficient [m-1]
3.216957605985037438e-01 6.673309690999227762e+07
3.236907730673316830e-01 6.577604462489807606e+07
3.256857855361596221e-01 6.119277179138009995e+07
3.276807980049875058e-01 5.530768050792576373e+07
3.296758104738154449e-01 5.145384297478661686e+07
3.316708229426433840e-01 4.786854072635713220e+07
3.336658354114713232e-01 4.389439160309299827e+07
3.356608478802992623e-01 4.142999977991387248e+07
3.376558603491272015e-01 3.799039216280680150e+07
3.396508728179551406e-01 3.585747248022046685e+07
3.416458852867830798e-01 3.288050805520569533e+07
3.436408977556110189e-01 3.148603270945617184e+07
3.456359102244389581e-01 2.929208688654356077e+07
3.476309226932668417e-01 2.725101514333131909e+07
3.496259351620947808e-01 2.572104339888136089e+07
3.516209476309227200e-01 2.498857730218163133e+07
3.536159600997506591e-01 2.291397191270910949e+07
3.556109725685785428e-01 2.101160472111329809e+07
3.576059850374064819e-01 1.954751672895625234e+07
3.596009975062344211e-01 1.845004758469996229e+07
3.615960099750623602e-01 1.792463988141537830e+07
3.635910224438902993e-01 1.643649775741014257e+07
3.655860349127182385e-01 1.573941938943930715e+07
3.675810473815461776e-01 1.485575076963801682e+07
3.695760598503741168e-01 1.382060249776667356e+07
3.715710723192020004e-01 1.362239441490628198e+07
3.735660847880299396e-01 1.231228813463751599e+07
3.755610972568578787e-01 1.179011912725205533e+07
3.775561097256858178e-01 1.112817868086800352e+07
3.795511221945137570e-01 1.065622822354809940e+07
3.815461346633416406e-01 1.005794856318729557e+07
3.835411471321695798e-01 9.631386988267807290e+06
3.855361596009975189e-01 8.960272229328397661e+06
3.875311720698254581e-01 8.216371172725133598e+06
3.895261845386533972e-01 7.982391033249753527e+06
3.915211970074813363e-01 7.643854673735199496e+06
3.935162094763092755e-01 7.009245431651980616e+06
3.955112219451371591e-01 6.711980561828954145e+06
3.975062344139650983e-01 6.244289955871045589e+06
3.995012468827930374e-01 5.979467150196832605e+06
4.014962593516209766e-01 5.809188017428859137e+06
4.034912718204488602e-01 5.404403969118945301e+06
4.054862842892767993e-01 5.100980947082684375e+06
4.074812967581047385e-01 4.884646328472119756e+06
4.094763092269326776e-01 4.677486546563512646e+06
4.114713216957606168e-01 4.479112492905151099e+06
4.134663341645885559e-01 4.351559423090731725e+06
4.154613466334164951e-01 4.167008067592347041e+06
4.174563591022444342e-01 3.933056981044589542e+06
4.194513715710723734e-01 3.766254479566022754e+06
4.214463840399003125e-01 3.606526138119614683e+06
4.234413965087281961e-01 3.453571938781670760e+06
4.254364089775561353e-01 3.404042558776929509e+06
4.274314214463840744e-01 3.259675768089672551e+06
4.294264339152120136e-01 3.121431630070086569e+06
4.314214463840399527e-01 3.032541657500313595e+06
4.334164588528678363e-01 2.903930366907038726e+06
4.354114713216957755e-01 2.740893086062645074e+06
4.374064837905237146e-01 2.701584585293486249e+06
4.394014962593516538e-01 2.587009314974568784e+06
4.413965087281795929e-01 2.513338251725719310e+06
4.433915211970074766e-01 2.406746582835559268e+06
4.453865336658354157e-01 2.338208917083185166e+06
4.473815461346633549e-01 2.271623019605989102e+06
4.493765586034912940e-01 2.144085787845656276e+06
4.513715710723192331e-01 2.113336395149804652e+06
4.533665835411471168e-01 1.994685953906029928e+06
4.553615960099750559e-01 1.966079177978847874e+06
4.573566084788029951e-01 1.882696982762165368e+06
4.593516209476309342e-01 1.829082839321462903e+06
4.613466334164588734e-01 1.776995482402011054e+06
4.633416458852868125e-01 1.726391433232502546e+06
4.653366583541147516e-01 1.677228451200029813e+06
4.673316708229426908e-01 1.629465498590660514e+06
4.693266832917706299e-01 1.583062706334130140e+06
4.713216957605985691e-01 1.537981340723981615e+06
4.733167082294264527e-01 1.494183771085492568e+06
4.753117206982543919e-01 1.472754944031402702e+06
4.773067331670823310e-01 1.430814846636413364e+06
4.793017456359102701e-01 1.390069090347947786e+06
4.812967581047382093e-01 1.370133423325772863e+06
4.832917705735660929e-01 1.331115710670114728e+06
4.852867830423940321e-01 1.293209117468198761e+06
4.872817955112219712e-01 1.274662567131310701e+06
4.892768079800499104e-01 1.256382002028176328e+06
4.912718204488778495e-01 1.220603623728427570e+06
4.932668329177057331e-01 1.203098344618440606e+06
4.952618453865336723e-01 1.185844117357518757e+06
4.972568578553616114e-01 1.168837341487169499e+06
4.992518703241895506e-01 1.152074468184850644e+06
5.012468827930174342e-01 1.119266487741278484e+06
5.032418952618453734e-01 1.087392790289396420e+06
5.052369077306733125e-01 1.071797953500315081e+06
5.072319201995012516e-01 1.056426769963901490e+06
5.092269326683291908e-01 1.026342578562931041e+06
5.112219451371571299e-01 1.011623292997211916e+06
5.132169576059850691e-01 9.971151039718588581e+05
5.152119700748130082e-01 9.828149840471784119e+05
5.172069825436409474e-01 9.687199492014900316e+05
5.192019950124688865e-01 9.411334120232341811e+05
5.211970074812968257e-01 9.276361531777440105e+05
5.231920199501247648e-01 9.143324651841808809e+05
5.251870324189527039e-01 9.012195719474058133e+05
5.271820448877806431e-01 8.755552638594037853e+05
5.291770573566085822e-01 8.629984936089072144e+05
5.311720698254364104e-01 8.506218061991329305e+05
5.331670822942643495e-01 8.384226189731640043e+05
5.351620947630922887e-01 8.263983863132410916e+05
5.371571072319202278e-01 8.028647842367351986e+05
5.391521197007481669e-01 7.913505040376355173e+05
5.411471321695759951e-01 7.800013558148101438e+05
5.431421446384039342e-01 7.688149713290728396e+05
5.451371571072318734e-01 7.469211899454541272e+05
5.471321695760598125e-01 7.362092244482325623e+05
5.491271820448877516e-01 7.256508845360920532e+05
5.511221945137156908e-01 7.152439669886777410e+05
5.531172069825436299e-01 7.049863001831115689e+05
5.551122194513715691e-01 6.948757436408251524e+05
5.571072319201995082e-01 6.849101875809144694e+05
5.591022443890274474e-01 6.750875524798844708e+05
5.610972568578553865e-01 6.654057886377108516e+05
5.630922693266833257e-01 6.558628757501287619e+05
5.650872817955112648e-01 6.464568224870569538e+05
5.670822942643392039e-01 6.280474718977804296e+05
5.690773067331671431e-01 6.190403330722283572e+05
5.710723192019950822e-01 6.190403330722283572e+05
5.730673316708230214e-01 6.014117303194786655e+05
5.750623441396509605e-01 5.927865878124410519e+05
5.770573566084788997e-01 5.842851427318345523e+05
5.790523690773068388e-01 5.759056210718054790e+05
5.810473815461346669e-01 5.676462742683941033e+05
5.830423940149626061e-01 5.514812360010275152e+05
5.850374064837905452e-01 5.435721713608349673e+05
5.870324189526184844e-01 5.357765345209008083e+05
5.890274314214464235e-01 5.357765345209008083e+05
5.910224438902742516e-01 5.280926987571476493e+05
5.930174563591021908e-01 5.205190606751509476e+05
5.950124688279301299e-01 5.130540398755595670e+05
5.970074812967580691e-01 4.984436415275673498e+05
5.990024937655860082e-01 4.912952152113415650e+05
6.009975062344139474e-01 4.842493080056854524e+05
6.029925187032418865e-01 4.842493080056854524e+05
6.049875311720698257e-01 4.773044496334274882e+05
6.069825436408977648e-01 4.773044496334274882e+05
6.089775561097257039e-01 4.637121034078613739e+05
6.109725685785536431e-01 4.570617792247814941e+05
6.129675810473815822e-01 4.570617792247814941e+05
6.149625935162095214e-01 4.440458897763019195e+05
6.169576059850374605e-01 4.376776084709956194e+05
6.189526184538653997e-01 4.376776084709956194e+05
6.209476309226933388e-01 4.252137280397847062e+05
6.229426433915212780e-01 4.191155280623032013e+05
6.249376558603492171e-01 4.131047853810290690e+05
6.269326683291770452e-01 4.071802457277065841e+05
6.289276807980050954e-01 4.013406728221590747e+05
6.309226932668329235e-01 3.899115705299217952e+05
6.329177057356609737e-01 3.843196562199408654e+05
6.349127182044888018e-01 3.788079383134879754e+05
6.369077306733166299e-01 3.733752666743509471e+05
6.389027431421446801e-01 3.733752666743509471e+05
6.408977556109725082e-01 3.627425438899752917e+05
6.428927680798005584e-01 3.575402740028302651e+05
6.448877805486283865e-01 3.524126124362002010e+05
6.468827930174563257e-01 3.524126124362002010e+05
6.488778054862842648e-01 3.473584891953299521e+05
6.508728179551122039e-01 3.423768496307875612e+05
6.528678304239401431e-01 3.326268783422853448e+05
6.548628428927680822e-01 3.278565120811397210e+05
6.568578553615960214e-01 3.278565120811397210e+05
6.588528678304239605e-01 3.231545599974010838e+05
6.608478802992518997e-01 3.185200409295798163e+05
6.628428927680798388e-01 3.139519877875080565e+05
6.648379052369077780e-01 3.094494473505317001e+05
6.668329177057357171e-01 3.006371598662454053e+05
6.688279301745636563e-01 2.963255739492564462e+05
6.708229426433915954e-01 2.963255739492564462e+05
6.728179551122195345e-01 2.920758226142860367e+05
6.748129675810474737e-01 2.837582892073810799e+05
6.768079800498753018e-01 2.796887715066421079e+05
6.788029925187033520e-01 2.756776167681377265e+05
6.807980049875311801e-01 2.717239879798151087e+05
6.827930174563592303e-01 2.678270601336264517e+05
6.847880299251870584e-01 2.639860200533695170e+05
6.867830423940148865e-01 2.602000662250056048e+05
6.887780548628429367e-01 2.564684086294022854e+05
6.907730673316707648e-01 2.527902685774831625e+05
6.927680798004988150e-01 2.455914820260532724e+05
6.947630922693266431e-01 2.420693333478684945e+05
6.967581047381545822e-01 2.385976975425606361e+05
6.987531172069825214e-01 2.385976975425606361e+05
7.007481296758104605e-01 2.351758501800849626e+05
7.027431421446383997e-01 2.318030772198046034e+05
7.047381546134663388e-01 2.252019493984669971e+05
7.067331670822942780e-01 2.219722170728393830e+05
7.087281795511222171e-01 2.156510456921247824e+05
7.107231920199501563e-01 2.125582875912839663e+05
7.127182044887780954e-01 2.125582875912839663e+05
7.147132169576060345e-01 2.065051995878658490e+05
7.167082294264339737e-01 2.035436065807862033e+05
7.187032418952619128e-01 2.006244872409899253e+05
7.206982543640898520e-01 1.977472324326481321e+05
7.226932668329177911e-01 1.921159234213109303e+05
7.246882793017457303e-01 1.893606941268974042e+05
7.266832917705736694e-01 1.866449789358943235e+05
7.286783042394016086e-01 1.839682111570384877e+05
7.306733167082295477e-01 1.813298322262657748e+05
7.326683291770574868e-01 1.787292915901558590e+05
7.346633416458854260e-01 1.761660465910467319e+05
7.366583541147131431e-01 1.736395623537970823e+05
7.386533665835413043e-01 1.686947749088415876e+05
7.406483790523690214e-01 1.662754398669253569e+05
7.426433915211971826e-01 1.638908017031323980e+05
7.446384039900248997e-01 1.592236327260872349e+05
7.466334164588528388e-01 1.569401280095743423e+05
7.486284289276807780e-01 1.569401280095743423e+05
7.506234413965087171e-01 1.524708955139855971e+05
7.526184538653366562e-01 1.502842351352707483e+05
7.546134663341645954e-01 1.481289347324763366e+05
7.566084788029925345e-01 1.460045445567067654e+05
7.586034912718204737e-01 1.439106213091373502e+05
7.605985037406484128e-01 1.418467280485113442e+05
7.625935162094763520e-01 1.398124340999621199e+05
7.645885286783042911e-01 1.358309522336494701e+05
7.665835411471322303e-01 1.338829334957048995e+05
7.685785536159601694e-01 1.319628522561067366e+05
7.705735660847881086e-01 1.300703078493998037e+05
7.725685785536160477e-01 1.282049053562699701e+05
7.745635910224439868e-01 1.245539746709250321e+05
7.765586034912719260e-01 1.227676846350054548e+05
7.785536159600998651e-01 1.192715913634013850e+05
7.805486284289278043e-01 1.175610585941053578e+05
7.825436408977557434e-01 1.175610585941053578e+05
7.845386533665836826e-01 1.142132360203112767e+05
7.865336658354113997e-01 1.125752476220105891e+05
7.885286783042395609e-01 1.109607504239112313e+05
7.905236907730672780e-01 1.093694075271145994e+05
7.925187032418954391e-01 1.062548611307099782e+05
7.945137157107231562e-01 1.047310077152949525e+05
7.965087281795510954e-01 1.032290086339499831e+05
7.985037406483790345e-01 1.017485504628810886e+05
8.004987531172069737e-01 1.002893242732608924e+05
8.024937655860349128e-01 9.743335421201976715e+04
8.044887780548628520e-01 9.603601438199862605e+04
8.064837905236907911e-01 9.330116714014681929e+04
8.084788029925187303e-01 9.196308904474730662e+04
8.104738154613466694e-01 9.064420098784661968e+04
8.124688279301746086e-01 8.806289808125764830e+04
8.144638403990025477e-01 8.679994458826509072e+04
8.164588528678304868e-01 8.555510373476351378e+04
8.184538653366584260e-01 8.432811575844847539e+04
8.204488778054863651e-01 8.192667796163205639e+04
8.224438902743143043e-01 8.075172703047549294e+04
8.244389027431422434e-01 7.959362665062861925e+04
8.264339152119701826e-01 7.732701436236131121e+04
8.284289276807981217e-01 7.621802947747253347e+04
8.304239401496260609e-01 7.512494909226009622e+04
8.324189526184537780e-01 7.298559271495362918e+04
8.344139650872819391e-01 7.193887030102153949e+04
8.364089775561096562e-01 6.989024487345940724e+04
8.384039900249378174e-01 6.888791437091799162e+04
8.403990024937655345e-01 6.692617195765158976e+04
8.423940149625934737e-01 6.596635068798881548e+04
8.443890274314214128e-01 6.408780654603325820e+04
8.463840399002493520e-01 6.316869167587694392e+04
8.483790523690772911e-01 6.226275828578791698e+04
8.503740648379052303e-01 6.048968248850786040e+04
8.523690773067331694e-01 5.876709911831338832e+04
8.543640897755611086e-01 5.792429113990653423e+04
8.563591022443890477e-01 5.709357028676415939e+04
8.583541147132169868e-01 5.546769905261277745e+04
8.603491271820449260e-01 5.467220939927309519e+04
8.623441396508728651e-01 5.311529200694143947e+04
8.643391521197008043e-01 5.235353938429224945e+04
8.663341645885287434e-01 5.086265147408821940e+04
8.683291770573566826e-01 5.013320508132029499e+04
8.703241895261846217e-01 4.870554631680226885e+04
8.723192019950125609e-01 4.800703603393435333e+04
8.743142144638405000e-01 4.663992484203648200e+04
8.763092269326684391e-01 4.531174529777668795e+04
8.783042394014963783e-01 4.466190719064771110e+04
8.802992518703243174e-01 4.154986682568909600e+04
8.822942643391520345e-01 4.215442423283718381e+04
8.842892768079801957e-01 4.215442423283718381e+04
8.862842892768079128e-01 4.154986682568909600e+04
8.882793017456360740e-01 4.036663843560249370e+04
8.902743142144637911e-01 3.978772054710008524e+04
8.922693266832917303e-01 3.865467334081989975e+04
8.942643391521196694e-01 3.810030758884087845e+04
8.962593516209476086e-01 3.701531336252295296e+04
8.982543640897755477e-01 3.544547928901761043e+04
9.002493765586034868e-01 3.493713817313071922e+04
9.022443890274314260e-01 3.394222249919490423e+04
9.042394014962593651e-01 3.297563934618090570e+04
9.062344139650873043e-01 3.250271942413282886e+04
9.082294264339152434e-01 3.157712944477155543e+04
9.102244389027431826e-01 3.067789777711690112e+04
9.122194513715711217e-01 3.023793090117412066e+04
9.142144638403990609e-01 2.937683600405100151e+04
9.162094763092270000e-01 2.854026277225864033e+04
9.182044887780549391e-01 2.813095277514850750e+04
9.201995012468828783e-01 2.732985894485103563e+04
9.221945137157108174e-01 2.655157811097320882e+04
9.241895261845387566e-01 2.617078882229029114e+04
9.261845386533666957e-01 2.542551518626627512e+04
9.281795511221946349e-01 2.470146493774975897e+04
9.301745635910225740e-01 2.434720903537900449e+04
9.321695760598502911e-01 2.331463427465322820e+04
9.341645885286784523e-01 2.298026759542080617e+04
9.361596009975061694e-01 2.232585141775263401e+04
9.381546134663343306e-01 2.137900323272302194e+04
9.401496259351620477e-01 2.077018675485476706e+04
9.421446384039899868e-01 2.017870773185702637e+04
9.441396508728179260e-01 1.988931492320217512e+04
9.461346633416458651e-01 1.932292075940774885e+04
9.481296758104738043e-01 1.850342805079068421e+04
9.501246882793017434e-01 1.797650021548691439e+04
9.521197007481296826e-01 1.721410973443749754e+04
9.541147132169576217e-01 1.672389821502877385e+04
9.561097256857855609e-01 1.601463108002810986e+04
9.581047381546135000e-01 1.533544424462768802e+04
9.600997506234414391e-01 1.511551106848498239e+04
9.620947630922693783e-01 1.468506199142941296e+04
9.640897755610973174e-01 1.406226270671432576e+04
9.660847880299252566e-01 1.366180730854794092e+04
9.680798004987531957e-01 1.327275580243406330e+04
9.700748129675811349e-01 1.289478343621656313e+04
9.720698254364090740e-01 1.252757470580697191e+04
9.740648379052370132e-01 1.199627530982585267e+04
9.760598503740649523e-01 1.165465367283170235e+04
9.780548628428928915e-01 1.116037520296362163e+04
9.800498753117208306e-01 1.100031875293986013e+04
9.820448877805485477e-01 1.038272059069084025e+04
9.840399002493767089e-01 1.023381686934522804e+04
9.860349127182044260e-01 9.659252928676565716e+03
9.880299251870325872e-01 9.249600193238815336e+03
9.900249376558603043e-01 8.857320992264936649e+03
9.920199501246882434e-01 8.481678507289789195e+03
9.940149625935161826e-01 8.121967168610620320e+03
9.960099750623441217e-01 7.890675401116682224e+03
9.980049875311720609e-01 7.556028737820162860e+03
1.000000000000000000e+00 7.340853373807410208e+03
1.001995012468827939e+00 7.029524880058179406e+03
1.003990024937655878e+00 6.731399950810877272e+03
1.005985037406483817e+00 6.445918617674992674e+03
1.007980049875311757e+00 6.353474516798071818e+03
1.009975062344139696e+00 5.910764601397243496e+03
1.011970074812967635e+00 5.825995408442655389e+03
1.013965087281795574e+00 5.498902699736931936e+03
1.015960099750623513e+00 5.342308749244903083e+03
1.017955112219451452e+00 5.042371980156390237e+03
1.019950124688279391e+00 4.828522991003897914e+03
1.021945137157107331e+00 4.691019650521243420e+03
1.023940149625935048e+00 4.492071652573790743e+03
1.025935162094763209e+00 4.364149540767109102e+03
1.027930174563591148e+00 4.060055730540691911e+03
1.029925187032419087e+00 3.887867161887733801e+03
1.031920199501246804e+00 3.777151167968186655e+03
1.033915211970074743e+00 3.565088074864593636e+03
1.035910224438902905e+00 3.413891280171602375e+03
1.037905236907730844e+00 3.269106801316362635e+03
1.039900249376558561e+00 3.222222926907888905e+03
1.041895261845386500e+00 2.997698529178359422e+03
1.043890274314214439e+00 2.870564949432260619e+03
1.045885286783042600e+00 2.788818984806069238e+03
1.047880299251870317e+00 2.670544069116179799e+03
1.049875311720698257e+00 2.557285239360036485e+03
1.051870324189526196e+00 2.379093679925967081e+03
1.053865336658354135e+00 2.278195376398691224e+03
1.055860349127182074e+00 2.181576209813596961e+03
1.057855361596010013e+00 2.089054700281233181e+03
1.059850374064837952e+00 1.971767522272272799e+03
1.061845386533665891e+00 1.888144082125246541e+03
1.063840399002493831e+00 1.834374819953669430e+03
1.065835411471321770e+00 1.756578258629427182e+03
1.067830423940149709e+00 1.682081080227389066e+03
1.069825436408977648e+00 1.610743356613431843e+03
1.071820448877805587e+00 1.542431094060919349e+03
1.073815461346633304e+00 1.374097551895514698e+03
1.075810473815461465e+00 1.394090897641422544e+03
1.077805486284289405e+00 1.394090897641422544e+03
1.079800498753117344e+00 1.374097551895514698e+03
