2000 0.9963
2001 0.9982
2002 0.999
2003 0.9986
2004 0.999
2005 0.999
2006 0.9978
2007 0.9947
2008 0.9621
2009 0.9773
2010 0.9965
2011 0.9985
2012 0.9988
2013 0.9986
2014 0.9981
2015 0.9965
2016 0.9804
2017 0.7476
2018 0.8985
2019 0.9302
2020 0.9952
2021 0.9977
2022 0.9977
2023 0.9616
2024 0.9978
2025 0.9988
2026 0.9962
2027 0.9715
2028 0.9987
2029 0.9993
2030 0.9989
2031 0.9995
2032 0.9993
2033 0.9994
2034 0.9949
2035 0.9991
2036 0.9993
2037 0.998
2038 0.9887
2039 0.9987
2040 0.9966
2041 0.8581
2042 0.9808
2043 0.9965
2044 0.9536
2045 0.9981
2046 0.9979
2047 0.9878
2048 0.9989
2049 0.9988
2050 0.9994
2051 0.9988
2052 0.9987
2053 0.999
2054 0.9984
2055 0.9986
2056 0.9995
2057 0.9987
2058 0.9985
2059 0.9987
2060 0.9633
2061 0.994
2062 0.9989
2063 0.9977
2064 0.9937
2065 0.8492
2066 0.9423
2067 0.9981
2068 0.9985
2069 0.9988
2070 0.9994
2071 0.9992
2072 0.9989
2073 0.9968
2074 0.9792
2075 0.9981
2076 0.9992
2077 0.9939
2078 0.9959
2079 0.9899
2080 0.999
2081 0.9993
2082 0.9945
2083 0.9995
2084 0.9995
2085 0.9993
2086 0.9991
2087 0.9813
2088 0.9977
2089 0.9978
2090 0.9119
2091 0.9971
2092 0.999
2093 0.9985
2094 0.9989
2095 0.9984
2096 0.9995
2097 0.9942
2098 0.9992
2099 0.9991
2100 0.9936
2101 0.9991
2102 0.9997
2103 0.999
2104 0.9996
2105 0.9996
2106 0.9961
2107 0.9986
2108 0.9978
2109 0.9996
2110 0.9996
2111 0.9997
2112 0.9989
2113 0.9995
2114 0.9933
2115 0.9671
2116 0.9974
2117 0.9996
2118 0.9997
2119 0.9995
2120 0.9991
2121 0.9982
2122 0.9988
2123 0.9991
2124 0.9975
2125 0.9963
2126 0.9997
2127 0.9997
2128 0.9993
2129 0.9995
2130 0.9994
2131 0.9997
2132 0.9992
2133 0.9998
2134 0.9997
2135 0.9995
2136 0.9698
2137 0.9931
2138 0.9972
2139 0.9891
2140 0.9984
2141 0.9997
2142 0.9994
2143 0.9997
2144 0.9996
2145 0.9928
2146 0.9988
2147 0.9966
2148 0.9987
2149 0.9996
2150 0.9997
2151 0.9989
2152 0.9993
2153 0.9948
2154 0.9996
2155 0.9989
2156 0.9996
2157 0.9984
2158 0.9991
2159 0.9997
2160 0.9996
2161 0.9989
2162 0.9876
2163 0.9966
2164 0.9996
2165 0.9996
2166 0.999
2167 0.9994
2168 0.9996
2169 0.999
2170 0.9996
2171 0.9982
2172 0.9991
2173 0.9988
2174 0.9996
2175 0.9993
2176 0.9988
2177 0.9994
2178 0.9994
2179 0.9991
2180 0.9986
2181 0.9973
2182 0.999
2183 0.9985
2184 0.9991
2185 0.9979
2186 0.9987
2187 0.9942
2188 0.9985
2189 0.9984
2190 0.9979
2191 0.9983
2192 0.9982
2193 0.9985
2194 0.9974
2195 0.9979
2196 0.9978
2197 0.9974
2198 0.9975
2199 0.997
2200 0.9955
2201 0.997
2202 0.9969
2203 0.9966
2204 0.9965
2205 0.9929
2206 0.9959
2207 0.9955
2208 0.9963
2209 0.9952
2210 0.9934
2211 0.9958
2212 0.9948
2213 0.9956
2214 0.9956
2215 0.9963
2216 0.9964
2217 0.9965
2218 0.9965
2219 0.9948
2220 0.9976
2221 0.9976
2222 0.9979
2223 0.9984
2224 0.9985
2225 0.9977
2226 0.9967
2227 0.9968
2228 0.9965
2229 0.994
2230 0.9956
2231 0.9929
2232 0.9952
2233 0.99
2234 0.9944
2235 0.9886
2236 0.9937
2237 0.9895
2238 0.9908
2239 0.9874
2240 0.991
2241 0.9929
2242 0.9831
2243 0.9917
2244 0.9805
2245 0.9921
2246 0.9767
2247 0.991
2248 0.9723
2249 0.99
2250 0.9634
2251 0.9894
2252 0.9591
2253 0.9881
2254 0.9512
2255 0.985
2256 0.944
2257 0.9846
2258 0.9373
2259 0.9241
2260 0.9836
2261 0.9168
2262 0.9835
2263 0.9035
2264 0.9856
2265 0.891
2266 0.9827
2267 0.8935
2268 0.9795
2269 0.9003
2270 0.8898
2271 0.9795
2272 0.8829
2273 0.9786
2274 0.8912
2275 0.9009
2276 0.975
2277 0.9021
2278 0.9767
2279 0.9187
2280 0.9338
2281 0.9737
2282 0.9488
2283 0.9762
2284 0.9718
2285 0.9594
2286 0.9354
2287 0.891
2288 0.9577
2289 0.8547
2290 0.8728
2291 0.9314
2292 0.8093
2293 0.8379
2294 0.7637
2295 0.9122
2296 0.7123
2297 0.8418
2298 0.7388
2299 0.8105
2300 0.6358
2301 0.7719
2302 0.7655
2303 0.6371
2304 0.761
2305 0.5701
2306 0.7373
2307 0.4393
2308 0.7129
2309 0.3634
2310 0.6868
2311 0.3126
2312 0.5738
2313 0.2893
2314 0.5956
2315 0.3176
2316 0.5469
2317 0.3002
2318 0.5035
2319 0.1977
2320 0.4576
2321 0.1403
2322 0.4273
2323 0.0896
2324 0.3879
2325 0.1252
2326 0.3634
2327 0.1306
2328 0.2872
2329 0.1003
2330 0.2639
2331 0.1702
2332 0.1327
2333 0.2328
2334 0.0759
2335 0.2829
2336 0.0618
2337 0.225
2338 0.1289
2339 0.1363
2340 0.1943
2341 0.0701
2342 0.2087
2343 0.0882
2344 0.1569
2345 0.2393
2346 0.0845
2347 0.3357
2348 0.2632
2349 0.4843
2350 0.1766
2351 0.2541
2352 0.227
2353 0.1109
2354 0.1365
2355 0.1342
2356 0.0653
2357 0.0865
2358 0.0951
2359 0.0736
2360 0.0432
2361 0.1076
2362 0.1236
2363 0.0656
2364 0.0586
2365 0.1185
2366 0.1511
2367 0.1403
2368 0.1045
2369 0.1219
2370 0.1728
2371 0.2379
2372 0.3779
2373 0.3015
2374 0.3158
2375 0.3459
2376 0.3821
2377 0.4406
2378 0.5017
2379 0.5639
2380 0.6317
2381 0.6842
2382 0.7446
2383 0.7426
2384 0.8884
2385 0.9272
2386 0.9518
2387 0.9558
2388 0.9856
2389 0.9883
2390 0.9958
2391 0.9967
2392 0.9981
2393 0.9987
2394 0.9989
2395 0.9991
2396 0.9991
2397 0.9992
2398 0.9992
2399 0.9993
2400 0.9993
2401 0.9993
2402 0.9993
2403 0.9993
2404 0.9994
2405 0.9994
2406 0.9994
2407 0.9994
2408 0.9994
2409 0.9994
2410 0.9995
2411 0.9995
2412 0.9995
2413 0.9995
2414 0.9995
2415 0.9995
2416 0.9995
2417 0.9995
2418 0.9995
2419 0.9995
2420 0.9995
2421 0.9995
2422 0.9996
2423 0.9995
2424 0.9996
2425 0.9996
2426 0.9996
2427 0.9996
2428 0.9996
2429 0.9996
2430 0.9996
2431 0.9996
2432 0.9996
2433 0.9996
2434 0.9996
2435 0.9996
2436 0.9996
2437 0.9996
2438 0.9996
2439 0.9996
2440 0.9996
2441 0.9996
2442 0.9996
2443 0.9996
2444 0.9996
2445 0.9996
2446 0.9996
2447 0.9996
2448 0.9996
2449 0.9996
2450 0.9996
2451 0.9996
2452 0.9996
2453 0.9997
2454 0.9997
2455 0.9997
2456 0.9997
2457 0.9997
2458 0.9997
2459 0.9997
2460 0.9997
2461 0.9997
2462 0.9997
2463 0.9997
2464 0.9997
2465 0.9997
2466 0.9997
2467 0.9997
2468 0.9997
2469 0.9997
2470 0.9997
2471 0.9997
2472 0.9997
2473 0.9997
2474 0.9997
2475 0.9997
2476 0.9997
2477 0.9997
2478 0.9997
2479 0.9997
2480 0.9997
2481 0.9998
2482 0.9997
2483 0.9998
2484 0.9998
2485 0.9998
2486 0.9998
2487 0.9998
2488 0.9998
2489 0.9998
2490 0.9998
2491 0.9998
2492 0.9998
2493 0.9998
2494 0.9998
2495 0.9998
2496 0.9998
2497 0.9998
2498 0.9998
2499 0.9998
2500 0.9998
2501 0.9998
2502 0.9998
2503 0.9998
2504 0.9998
2505 0.9998
2506 0.9998
2507 0.9998
2508 0.9998
2509 0.9998
2510 0.9998
2511 0.9998
2512 0.9998
2513 0.9998
2514 0.9998
2515 0.9998
2516 0.9998
2517 0.9998
2518 0.9998
2519 0.9998
2520 0.9998
2521 0.9998
2522 0.9998
2523 0.9998
2524 0.9998
2525 0.9998
2526 0.9998
2527 0.9998
2528 0.9998
2529 0.9998
2530 0.9998
2531 0.9998
2532 0.9998
2533 0.9998
2534 0.9998
2535 0.9998
2536 0.9998
2537 0.9998
2538 0.9998
2539 0.9998
2540 0.9998
2541 0.9998
2542 0.9998
2543 0.9998
2544 0.9998
2545 0.9997
2546 0.9998
2547 0.9997
2548 0.9997
2549 0.9997
2550 0.9997
2551 0.9998
2552 0.9998
2553 0.9997
2554 0.9998
2555 0.9998
2556 0.9997
2557 0.9998
2558 0.9998
2559 0.9998
2560 0.9998
2561 0.9998
2562 0.9998
2563 0.9998
2564 0.9996
2565 0.9997
2566 0.9998
2567 0.9998
2568 0.9998
2569 0.9998
2570 0.9997
2571 0.9996
2572 0.9998
2573 0.9998
2574 0.9996
2575 0.9998
2576 0.9998
2577 0.9995
2578 0.9998
2579 0.9994
2580 0.9998
2581 0.9996
2582 0.9996
2583 0.9997
2584 0.9998
2585 0.9996
2586 0.9998
2587 0.9998
2588 0.9998
2589 0.9997
2590 0.9997
2591 0.9994
2592 0.9998
2593 0.9996
2594 0.9996
2595 0.9999
2596 0.9999
2597 0.9996
2598 0.9999
2599 0.9999
2600 0.9998
2601 0.9995
2602 0.9999
2603 0.9999
2604 0.9999
2605 0.9996
2606 0.9994
2607 0.9994
2608 0.9989
2609 0.9998
2610 0.9999
2611 0.9999
2612 0.9998
2613 0.9995
2614 0.9999
2615 0.9999
2616 0.9999
2617 0.9999
2618 0.9999
2619 0.9998
2620 0.9993
2621 0.9998
2622 0.9987
2623 0.9991
2624 0.9995
2625 0.9992
2626 0.9998
2627 0.9999
2628 0.9993
2629 0.9998
2630 0.9999
2631 0.9999
2632 0.9999
2633 0.9999
2634 0.9999
2635 0.9998
2636 0.999
2637 0.999
2638 0.9996
2639 0.9986
2640 0.9998
2641 0.9999
2642 0.9992
2643 0.9995
2644 0.9992
2645 0.9998
2646 0.9999
2647 0.9999
2648 0.9998
2649 0.999
2650 0.9997
2651 0.9998
2652 0.999
2653 0.9998
2654 0.9998
2655 0.9989
2656 0.9997
2657 0.9992
2658 0.9998
2659 0.9993
2660 0.9997
2661 0.9992
2662 0.9998
2663 0.9989
2664 0.9997
2665 0.9998
2666 0.9989
2667 0.9998
2668 0.9999
2669 0.9999
2670 0.9999
2671 0.9998
2672 0.9998
2673 0.9989
2674 0.9999
2675 0.9993
2676 0.9997
2677 0.9993
2678 0.9989
2679 0.9998
2680 0.9998
2681 0.9989
2682 0.9998
2683 0.9999
2684 0.9999
2685 0.9999
2686 0.9998
2687 0.9998
2688 0.9998
2689 0.9998
2690 0.9992
2691 0.9999
2692 0.9998
2693 0.9988
2694 0.9998
2695 0.9991
2696 0.9997
2697 0.9999
2698 0.9998
2699 0.9998
2700 0.9999
2701 0.9999
2702 0.9998
2703 0.9998
2704 0.9999
2705 0.9999
2706 0.9997
2707 0.9997
2708 0.9993
2709 0.9996
2710 0.9997
2711 0.9997
2712 0.9997
2713 0.9998
2714 0.9997
2715 0.999
2716 0.9991
2717 0.9994
2718 0.9993
2719 0.9988
2720 0.9977
2721 0.998
2722 0.9979
2723 0.9979
2724 0.9989
2725 0.9998
2726 0.9988
2727 0.9997
2728 0.9998
2729 0.9998
2730 0.9996
2731 0.9995
2732 0.9998
2733 0.9999
2734 0.9999
2735 0.9999
2736 0.9997
2737 0.9997
2738 0.9997
2739 0.9992
2740 0.9998
2741 0.9998
2742 0.9998
2743 0.9998
2744 0.9998
2745 0.9998
2746 0.9999
2747 0.9998
2748 0.9998
2749 0.9999
2750 0.9998
2751 0.9991
2752 0.9997
2753 0.9997
2754 0.9989
2755 0.9999
2756 0.9997
2757 0.999
2758 0.9997
2759 0.9998
2760 0.9999
2761 0.9999
2762 0.9998
2763 0.9999
2764 0.9998
2765 0.999
2766 0.9998
2767 0.9988
2768 0.9997
2769 0.9993
2770 0.9993
2771 0.9998
2772 0.9988
2773 0.9997
2774 0.9998
2775 0.9999
2776 0.9999
2777 0.9989
2778 0.9997
2779 0.9998
2780 0.9988
2781 0.9998
2782 0.9998
2783 0.9987
2784 0.9997
2785 0.9997
2786 0.9991
2787 0.999
2788 0.9997
2789 0.9994
2790 0.999
2791 0.9997
2792 0.9989
2793 0.9998
2794 0.9999
2795 0.9998
2796 0.9991
2797 0.9991
2798 0.9993
2799 0.9997
2800 0.9996
2801 0.9985
2802 0.9988
2803 0.9989
2804 0.9997
2805 0.9998
2806 0.9998
2807 0.9998
2808 0.9999
2809 0.9991
2810 0.9998
2811 0.9993
2812 0.9997
2813 0.9987
2814 0.9992
2815 0.9991
2816 0.9998
2817 0.9993
2818 0.9999
2819 0.999
2820 0.9997
2821 0.9997
2822 0.9992
2823 0.9996
2824 0.9991
2825 0.9991
2826 0.9998
2827 0.9994
2828 0.9992
2829 0.9997
2830 0.9992
2831 0.9998
2832 0.9995
2833 0.9998
2834 0.9995
2835 0.9993
2836 0.9998
2837 0.9999
2838 0.9992
2839 0.9998
2840 0.9998
2841 0.9997
2842 0.9997
2843 0.9996
2844 0.9995
2845 0.9994
2846 0.9996
2847 0.9998
2848 0.9997
2849 0.9996
2850 0.9998
2851 0.9996
2852 0.9998
2853 0.9999
2854 0.9996
2855 0.9995
2856 0.9997
2857 0.9998
2858 0.9998
2859 0.9997
2860 0.9999
2861 0.9998
2862 0.9997
2863 0.9997
2864 0.9992
2865 0.9996
2866 0.9996
2867 0.9996
2868 0.9996
2869 0.9998
2870 0.9999
2871 0.9995
2872 0.9998
2873 0.9998
2874 0.9997
2875 0.9996
2876 0.9996
2877 0.9997
2878 0.9997
2879 0.9995
2880 0.9989
2881 0.9998
2882 0.9999
2883 0.9998
2884 0.9997
2885 0.9994
2886 0.9996
2887 0.9997
2888 0.9998
2889 0.9998
2890 0.9992
2891 0.9997
2892 0.9998
2893 0.9993
2894 0.9964
2895 0.9992
2896 0.9994
2897 0.9994
2898 0.9998
2899 0.9998
2900 0.9997
2901 0.9998
2902 0.9989
2903 0.9997
2904 0.9991
2905 0.9998
2906 0.999
2907 0.9982
2908 0.9997
2909 0.9998
2910 0.9996
2911 0.9996
2912 0.9978
2913 0.9998
2914 0.9998
2915 0.9998
2916 0.9989
2917 0.9986
2918 0.9988
2919 0.9992
2920 0.9998
2921 0.9997
2922 0.9997
2923 0.9998
2924 0.9998
2925 0.9997
2926 0.9996
2927 0.9967
2928 0.9987
2929 0.9997
2930 0.9968
2931 0.9988
2932 0.9995
2933 0.992
2934 0.9933
2935 0.9915
2936 0.9987
2937 0.9939
2938 0.9966
2939 0.9996
2940 0.9993
2941 0.9997
2942 0.9997
2943 0.9996
2944 0.9998
2945 0.9994
2946 0.9971
2947 0.9995
2948 0.9942
2949 0.9993
2950 0.9997
2951 0.9998
2952 0.9997
2953 0.9987
2954 0.9882
2955 0.9985
2956 0.992
2957 0.9967
2958 0.9943
2959 0.9961
2960 0.9995
2961 0.9945
2962 0.9937
2963 0.9995
2964 0.9993
2965 0.9991
2966 0.982
2967 0.9981
2968 0.994
2969 0.9967
2970 0.9967
2971 0.9994
2972 0.999
2973 0.9707
2974 0.9962
2975 0.9734
2976 0.9989
2977 0.9986
2978 0.9782
2979 0.993
2980 0.982
2981 0.9926
2982 0.9972
2983 0.9989
2984 0.9914
2985 0.9988
2986 0.9993
2987 0.9959
2988 0.9643
2989 0.9826
2990 0.9973
2991 0.9987
2992 0.9855
2993 0.9914
2994 0.9522
2995 0.9844
2996 0.9984
2997 0.9994
2998 0.9993
2999 0.9974
3000 0.9994
3001 0.9991
3002 0.9991
3003 0.9908
3004 0.9739
3005 0.9528
3006 0.998
3007 0.9985
3008 0.9984
3009 0.9966
3010 0.9294
3011 0.9867
3012 0.9623
3013 0.9105
3014 0.9734
3015 0.986
3016 0.931
3017 0.9841
3018 0.9849
3019 0.9926
3020 0.9986
3021 0.9982
3022 0.9807
3023 0.9936
3024 0.9981
3025 0.993
3026 0.9435
3027 0.9974
3028 0.9981
3029 0.9958
3030 0.9829
3031 0.8929
3032 0.8556
3033 0.9932
3034 0.9161
3035 0.9863
3036 0.964
3037 0.9974
3038 0.9973
3039 0.9989
3040 0.9992
3041 0.9992
3042 0.999
3043 0.9992
3044 0.9988
3045 0.9992
3046 0.999
3047 0.9984
3048 0.9876
3049 0.9009
3050 0.9957
3051 0.9972
3052 0.9979
3053 0.9987
3054 0.9983
3055 0.9948
3056 0.8718
3057 0.9722
3058 0.989
3059 0.9964
3060 0.9615
3061 0.9952
3062 0.9976
3063 0.9953
3064 0.8751
3065 0.9739
3066 0.974
3067 0.8682
3068 0.9921
3069 0.9976
3070 0.9986
3071 0.9989
3072 0.999
3073 0.9989
3074 0.999
3075 0.9987
3076 0.9978
3077 0.9853
3078 0.9427
3079 0.9809
3080 0.9027
3081 0.9409
3082 0.9838
3083 0.9546
3084 0.9973
3085 0.9981
3086 0.9864
3087 0.977
3088 0.9967
3089 0.9987
3090 0.9986
3091 0.9986
3092 0.9982
3093 0.9945
3094 0.9707
3095 0.9695
3096 0.8499
3097 0.9742
3098 0.9957
3099 0.9877
3100 0.9209
3101 0.8654
3102 0.9681
3103 0.9271
3104 0.9909
3105 0.994
3106 0.995
3107 0.9563
3108 0.9803
3109 0.9898
3110 0.9666
3111 0.9893
3112 0.9499
3113 0.9875
3114 0.9549
3115 0.9812
3116 0.8515
3117 0.9862
3118 0.9459
3119 0.8853
3120 0.9915
3121 0.9928
3122 0.8771
3123 0.9213
3124 0.9944
3125 0.9791
3126 0.961
3127 0.9178
3128 0.9943
3129 0.9949
3130 0.9976
3131 0.9952
3132 0.9909
3133 0.8368
3134 0.9858
3135 0.9963
3136 0.9978
3137 0.9988
3138 0.9991
3139 0.9988
3140 0.9967
3141 0.9985
3142 0.9973
3143 0.9781
3144 0.9989
3145 0.9992
3146 0.9992
3147 0.9991
3148 0.999
3149 0.9982
3150 0.9993
3151 0.9903
3152 0.9942
3153 0.9984
3154 0.9994
3155 0.9989
3156 0.9993
3157 0.9993
3158 0.9989
3159 0.9994
3160 0.9995
3161 0.9995
3162 0.9991
3163 0.9992
3164 0.9958
3165 0.9981
3166 0.9979
3167 0.9965
3168 0.9873
3169 0.9956
3170 0.9867
3171 0.9981
3172 0.999
3173 0.9971
3174 0.9988
3175 0.9943
3176 0.9971
3177 0.992
3178 0.8325
3179 0.985
3180 0.9942
3181 0.9977
3182 0.9968
3183 0.9947
3184 0.9942
3185 0.9023
3186 0.99
3187 0.9982
3188 0.9987
3189 0.9991
3190 0.9988
3191 0.9983
3192 0.9964
3193 0.9987
3194 0.9986
3195 0.9968
3196 0.9495
3197 0.9811
3198 0.8606
3199 0.9906
3200 0.9726
3201 0.9967
3202 0.9976
3203 0.997
3204 0.9985
3205 0.9986
3206 0.9988
3207 0.9971
3208 0.9971
3209 0.9809
3210 0.8728
3211 0.9932
3212 0.9961
3213 0.9926
3214 0.8407
3215 0.9839
3216 0.9919
3217 0.9695
3218 0.9947
3219 0.8863
3220 0.9389
3221 0.9904
3222 0.9633
3223 0.9958
3224 0.9982
3225 0.9978
3226 0.9891
3227 0.9376
3228 0.9868
3229 0.99
3230 0.928
3231 0.9895
3232 0.984
3233 0.9383
3234 0.9949
3235 0.9962
3236 0.9859
3237 0.9293
3238 0.9946
3239 0.9968
3240 0.9506
3241 0.9943
3242 0.9863
3243 0.9914
3244 0.9809
3245 0.8039
3246 0.9869
3247 0.9908
3248 0.9977
3249 0.9966
3250 0.9984
3251 0.9984
3252 0.9962
3253 0.9947
3254 0.8623
3255 0.9874
3256 0.9859
3257 0.9339
3258 0.9868
3259 0.997
3260 0.9485
3261 0.9911
3262 0.9979
3263 0.9828
3264 0.9944
3265 0.9593
3266 0.9857
3267 0.9968
3268 0.9986
3269 0.9985
3270 0.9862
3271 0.9872
3272 0.9794
3273 0.9526
3274 0.8581
3275 0.9837
3276 0.9445
3277 0.9087
3278 0.9942
3279 0.9809
3280 0.9516
3281 0.9936
3282 0.9972
3283 0.9565
3284 0.9716
3285 0.9961
3286 0.9955
3287 0.9977
3288 0.9561
3289 0.967
3290 0.9949
3291 0.9297
3292 0.982
3293 0.9157
3294 0.9776
3295 0.9969
3296 0.9961
3297 0.9798
3298 0.9342
3299 0.9971
3300 0.9893
3301 0.9956
3302 0.9986
3303 0.9809
3304 0.9971
3305 0.9987
3306 0.9984
3307 0.9971
3308 0.9543
3309 0.8658
3310 0.9928
3311 0.9606
3312 0.9733
3313 0.9076
3314 0.9868
3315 0.9965
3316 0.9985
3317 0.9847
3318 0.9952
3319 0.9915
3320 0.9972
3321 0.9989
3322 0.9977
3323 0.9729
3324 0.9925
3325 0.9672
3326 0.9625
3327 0.9703
3328 0.979
3329 0.9959
3330 0.985
3331 0.9985
3332 0.9986
3333 0.9975
3334 0.9929
3335 0.9371
3336 0.9892
3337 0.8764
3338 0.9969
3339 0.9927
3340 0.9836
3341 0.993
3342 0.9881
3343 0.996
3344 0.999
3345 0.999
3346 0.993
3347 0.9985
3348 0.9932
3349 0.9983
3350 0.996
3351 0.9884
3352 0.9977
3353 0.9913
3354 0.9818
3355 0.9801
3356 0.9283
3357 0.9457
3358 0.9961
3359 0.9936
3360 0.9457
3361 0.986
3362 0.8946
3363 0.9851
3364 0.9306
3365 0.9619
3366 0.8725
3367 0.9743
3368 0.924
3369 0.9633
3370 0.9925
3371 0.9905
3372 0.9985
3373 0.9987
3374 0.9958
3375 0.9859
3376 0.995
3377 0.9971
3378 0.9836
3379 0.9899
3380 0.9844
3381 0.9967
3382 0.9973
3383 0.9685
3384 0.9126
3385 0.9732
3386 0.9154
3387 0.9961
3388 0.9968
3389 0.9977
3390 0.9969
3391 0.9948
3392 0.946
3393 0.7784
3394 0.9924
3395 0.996
3396 0.9877
3397 0.8313
3398 0.9816
3399 0.9897
3400 0.9951
3401 0.9694
3402 0.9769
3403 0.9887
3404 0.9373
3405 0.9971
3406 0.9975
3407 0.9907
3408 0.9974
3409 0.9803
3410 0.9972
3411 0.9982
3412 0.9944
3413 0.9735
3414 0.9938
3415 0.997
3416 0.9943
3417 0.995
3418 0.9706
3419 0.961
3420 0.7423
3421 0.9443
3422 0.8267
3423 0.9454
3424 0.9863
3425 0.9969
3426 0.9958
3427 0.9929
3428 0.9399
3429 0.9956
3430 0.9934
3431 0.9015
3432 0.9899
3433 0.9617
3434 0.9943
3435 0.9973
3436 0.9823
3437 0.99
3438 0.9752
3439 0.9886
3440 0.9791
3441 0.9837
3442 0.9351
3443 0.7805
3444 0.9872
3445 0.9154
3446 0.9679
3447 0.4901
3448 0.8894
3449 0.9787
3450 0.9921
3451 0.9959
3452 0.9959
3453 0.9924
3454 0.9961
3455 0.9946
3456 0.951
3457 0.9882
3458 0.9838
3459 0.9644
3460 0.9662
3461 0.8993
3462 0.9304
3463 0.8093
3464 0.9877
3465 0.9843
3466 0.9716
3467 0.8355
3468 0.9902
3469 0.9825
3470 0.9618
3471 0.9802
3472 0.9837
3473 0.9654
3474 0.9832
3475 0.8023
3476 0.9868
3477 0.9928
3478 0.9929
3479 0.9791
3480 0.9266
3481 0.8124
3482 0.6446
3483 0.9371
3484 0.9547
3485 0.9691
3486 0.8971
3487 0.9802
3488 0.6999
3489 0.9736
3490 0.9916
3491 0.9503
3492 0.9843
3493 0.9806
3494 0.9872
3495 0.8517
3496 0.9409
3497 0.7833
3498 0.9805
3499 0.9781
3500 0.9133
3501 0.9093
3502 0.7093
3503 0.4985
3504 0.7886
3505 0.7781
3506 0.9267
3507 0.9643
3508 0.974
3509 0.6531
3510 0.7666
3511 0.8954
3512 0.8546
3513 0.9158
3514 0.957
3515 0.9886
3516 0.988
3517 0.9384
3518 0.9752
3519 0.8107
3520 0.9516
3521 0.9455
3522 0.8675
3523 0.4609
3524 0.7142
3525 0.8566
3526 0.7883
3527 0.5221
3528 0.7128
3529 0.5769
3530 0.9237
3531 0.6996
3532 0.9659
3533 0.9849
3534 0.9783
3535 0.9774
3536 0.7164
3537 0.8345
3538 0.9745
3539 0.9509
3540 0.9484
3541 0.9709
3542 0.9642
3543 0.7336
3544 0.611
3545 0.4693
3546 0.8051
3547 0.4288
3548 0.7228
3549 0.9183
3550 0.8787
3551 0.9258
3552 0.38
3553 0.8452
3554 0.7096
3555 0.9516
3556 0.9682
3557 0.7836
3558 0.9455
3559 0.9374
3560 0.5912
3561 0.818
3562 0.7558
3563 0.8136
3564 0.5361
3565 0.6706
3566 0.0811
3567 0.3588
3568 0.1474
3569 0.6213
3570 0.8835
3571 0.7671
3572 0.9538
3573 0.8799
3574 0.7085
3575 0.7687
3576 0.9351
3577 0.5747
3578 0.9156
3579 0.7794
3580 0.66
3581 0.8868
3582 0.8992
3583 0.7391
3584 0.6809
3585 0.7331
3586 0.6048
3587 0.1804
3588 0.3565
3589 0.2896
3590 0.7574
3591 0.8288
3592 0.8853
3593 0.3793
3594 0.7005
3595 0.4476
3596 0.4078
3597 0.8484
3598 0.4537
3599 0.6148
3600 0.4967
3601 0.3434
3602 0.7679
3603 0.5959
3604 0.9004
3605 0.7892
3606 0.7718
3607 0.1944
3608 0.6467
3609 0.1966
3610 0.5201
3611 0.8043
3612 0.4601
3613 0.2416
3614 0.566
3615 0.2443
3616 0.7107
3617 0.5848
3618 0.1684
3619 0.404
3620 0.1891
3621 0.3595
3622 0.7321
3623 0.7193
3624 0.767
3625 0.7345
3626 0.479
3627 0.5792
3628 0.1356
3629 0.0529
3630 0.151
3631 0.4508
3632 0.7111
3633 0.684
3634 0.2863
3635 0.7558
3636 0.8939
3637 0.8376
3638 0.4858
3639 0.8522
3640 0.7883
3641 0.8708
3642 0.5777
3643 0.5604
3644 0.8576
3645 0.6773
3646 0.4368
3647 0.024
3648 0.2376
3649 0.0588
3650 0.1218
3651 0.0455
3652 0.4623
3653 0.6806
3654 0.8255
3655 0.7159
3656 0.1656
3657 0.3904
3658 0.8215
3659 0.8766
3660 0.6955
3661 0.8826
3662 0.8759
3663 0.9006
3664 0.9066
3665 0.8737
3666 0.834
3667 0.8207
3668 0.5018
3669 0.123
3670 0.1924
3671 0.039
3672 0.5301
3673 0.6725
3674 0.2832
3675 0.0195
3676 0.0114
3677 0.2378
3678 0.6201
3679 0.3891
3680 0.4602
3681 0.7747
3682 0.8666
3683 0.8355
3684 0.8121
3685 0.6426
3686 0.7728
3687 0.4856
3688 0.0861
3689 0.1526
3690 0.3177
3691 0.0683
3692 0.3823
3693 0.6565
3694 0.6333
3695 0.7648
3696 0.6004
3697 0.8226
3698 0.7358
3699 0.8262
3700 0.7281
3701 0.5561
3702 0.1287
3703 0.6127
3704 0.8403
3705 0.6395
3706 0.7353
3707 0.6502
3708 0.6439
3709 0.2298
3710 0.3332
3711 0.2233
3712 0.027
3713 0.2615
3714 0.7248
3715 0.5722
3716 0.7975
3717 0.7634
3718 0.7762
3719 0.2949
3720 0.6489
3721 0.7623
3722 0.1556
3723 0.3227
3724 0.5797
3725 0.386
3726 0.3475
3727 0.3295
3728 0.5141
3729 0.7787
3730 0.5268
3731 0.4313
3732 0.0261
3733 0.3036
3734 0.2673
3735 0.0315
3736 0.2049
3737 0.1184
3738 0.2913
3739 0.4487
3740 0.5591
3741 0.1965
3742 0.5185
3743 0.4644
3744 0.0001
3745 0.0069
3746 0.2528
3747 0.3592
3748 0.3851
3749 0.0366
3750 0.0804
3751 0.1821
3752 0.01
3753 0.1515
3754 0.4132
3755 0.6358
3756 0.5328
3757 0.345
3758 0.6566
3759 0.3107
3760 0.1304
3761 0.7356
3762 0.7201
3763 0.838
3764 0.7484
3765 0.5555
3766 0.2202
3767 0.7484
3768 0.7955
3769 0.5075
3770 0.0687
3771 0.6728
3772 0.7416
3773 0.9023
3774 0.8895
3775 0.9215
3776 0.9145
3777 0.8858
3778 0.6544
3779 0.3862
3780 0.3419
3781 0.861
3782 0.7946
3783 0.9055
3784 0.7471
3785 0.3183
3786 0.726
3787 0.8245
3788 0.9179
3789 0.8796
3790 0.8818
3791 0.928
3792 0.9203
3793 0.8824
3794 0.8742
3795 0.8017
3796 0.3168
3797 0.4486
3798 0.4767
3799 0.6241
3800 0.4158
3801 0.0567
3802 0.1461
3803 0.2185
3804 0.7099
3805 0.7429
3806 0.4547
3807 0.0207
3808 0.4556
3809 0.781
3810 0.8354
3811 0.8667
3812 0.8645
3813 0.8255
3814 0.7491
3815 0.427
3816 0.0074
3817 0.3079
3818 0.5903
3819 0.4897
3820 0.1755
3821 0.0491
3822 0.0826
3823 0.44
3824 0.5497
3825 0.7533
3826 0.5052
3827 0.2686
3828 0.5513
3829 0.7706
3830 0.7948
3831 0.4589
3832 0.2114
3833 0.7113
3834 0.6018
3835 0.095
3836 0.5217
3837 0.2631
3838 0.0089
3839 0.3532
3840 0.1641
3841 0.1679
3842 0.6691
3843 0.5588
3844 0.2015
3845 0.6493
3846 0.785
3847 0.847
3848 0.8459
3849 0.6319
3850 0.4472
3851 0.4476
3852 0.0169
3853 0.1027
3854 0.0005
3855 0.1474
3856 0.5593
3857 0.2112
3858 0.6878
3859 0.7916
3860 0.8285
3861 0.6406
3862 0.2118
3863 0.5129
3864 0.3916
3865 0.0805
3866 0.4297
3867 0.7817
3868 0.7198
3869 0.1864
3870 0.0465
3871 0.2884
3872 0.7381
3873 0.7054
3874 0.1119
3875 0.5543
3876 0.8435
3877 0.8537
3878 0.8806
3879 0.7914
3880 0.111
3881 0.2466
3882 0.7728
3883 0.5008
3884 0.6705
3885 0.4569
3886 0.0581
3887 0.7129
3888 0.8635
3889 0.8772
3890 0.7775
3891 0.1836
3892 0.3412
3893 0.6425
3894 0.5761
3895 0.8816
3896 0.9135
3897 0.8764
3898 0.4802
3899 0.2261
3900 0.5429
3901 0.6547
3902 0.0779
3903 0.6375
3904 0.116
3905 0.3863
3906 0.3559
3907 0.8657
3908 0.9374
3909 0.9462
3910 0.9463
3911 0.9591
3912 0.9634
3913 0.9364
3914 0.9255
3915 0.9498
3916 0.6665
3917 0.3769
3918 0.7947
3919 0.903
3920 0.3877
3921 0.8801
3922 0.9459
3923 0.7737
3924 0.5083
3925 0.3837
3926 0.8683
3927 0.9535
3928 0.8905
3929 0.623
3930 0.8055
3931 0.7133
3932 0.4963
3933 0.7432
3934 0.7392
3935 0.9091
3936 0.9698
3937 0.9792
3938 0.8522
3939 0.9051
3940 0.9707
3941 0.9332
3942 0.8125
3943 0.4309
3944 0.7879
3945 0.9536
3946 0.9761
3947 0.7535
3948 0.6694
3949 0.9272
3950 0.4805
3951 0.8812
3952 0.9361
3953 0.7392
3954 0.9679
3955 0.9289
3956 0.9754
3957 0.8154
3958 0.8903
3959 0.9754
3960 0.9122
3961 0.9654
3962 0.653
3963 0.9856
3964 0.957
3965 0.9496
3966 0.9921
3967 0.9913
3968 0.9769
3969 0.8153
3970 0.9836
3971 0.9818
3972 0.8472
3973 0.8905
3974 0.8521
3975 0.8841
3976 0.8451
3977 0.9663
3978 0.9942
3979 0.9843
3980 0.9554
3981 0.9661
3982 0.8997
3983 0.9411
3984 0.9936
3985 0.9667
3986 0.9805
3987 0.9963
3988 0.9964
3989 0.9756
3990 0.937
3991 0.8674
3992 0.9917
3993 0.9642
3994 0.9894
3995 0.823
3996 0.9895
3997 0.9918
3998 0.9969
3999 0.9926
4000 0.9938
