2000.00  0.9963  
2001.00  0.9982  
2002.00  0.9990  
2003.00  0.9986  
2004.00  0.9990  
2005.00  0.9990  
2006.00  0.9978  
2007.00  0.9947  
2008.00  0.9621  
2009.00  0.9773  
2010.00  0.9965  
2011.00  0.9985  
2012.00  0.9988  
2013.00  0.9986  
2014.00  0.9981  
2015.00  0.9965  
2016.00  0.9804  
2017.00  0.7476  
2018.00  0.8985  
2019.00  0.9302  
2020.00  0.9952  
2021.00  0.9977  
2022.00  0.9977  
2023.00  0.9616  
2024.00  0.9978  
2025.00  0.9988  
2026.00  0.9962  
2027.00  0.9715  
2028.00  0.9987  
2029.00  0.9993  
2030.00  0.9989  
2031.00  0.9995  
2032.00  0.9993  
2033.00  0.9994  
2034.00  0.9949  
2035.00  0.9991  
2036.00  0.9993  
2037.00  0.9980  
2038.00  0.9887  
2039.00  0.9987  
2040.00  0.9966  
2041.00  0.8581  
2042.00  0.9808  
2043.00  0.9965  
2044.00  0.9536  
2045.00  0.9981  
2046.00  0.9979  
2047.00  0.9878  
2048.00  0.9989  
2049.00  0.9988  
2050.00  0.9994  
2051.00  0.9988  
2052.00  0.9987  
2053.00  0.9990  
2054.00  0.9984  
2055.00  0.9986  
2056.00  0.9995  
2057.00  0.9987  
2058.00  0.9985  
2059.00  0.9987  
2060.00  0.9633  
2061.00  0.9940  
2062.00  0.9989  
2063.00  0.9977  
2064.00  0.9937  
2065.00  0.8492  
2066.00  0.9423  
2067.00  0.9981  
2068.00  0.9985  
2069.00  0.9988  
2070.00  0.9994  
2071.00  0.9992  
2072.00  0.9989  
2073.00  0.9968  
2074.00  0.9792  
2075.00  0.9981  
2076.00  0.9992  
2077.00  0.9939  
2078.00  0.9959  
2079.00  0.9899  
2080.00  0.9990  
2081.00  0.9993  
2082.00  0.9945  
2083.00  0.9995  
2084.00  0.9995  
2085.00  0.9993  
2086.00  0.9991  
2087.00  0.9813  
2088.00  0.9977  
2089.00  0.9978  
2090.00  0.9119  
2091.00  0.9971  
2092.00  0.9990  
2093.00  0.9985  
2094.00  0.9989  
2095.00  0.9984  
2096.00  0.9995  
2097.00  0.9942  
2098.00  0.9992  
2099.00  0.9991  
2100.00  0.9936  
2101.00  0.9991  
2102.00  0.9997  
2103.00  0.9990  
2104.00  0.9996  
2105.00  0.9996  
2106.00  0.9961  
2107.00  0.9986  
2108.00  0.9978  
2109.00  0.9996  
2110.00  0.9996  
2111.00  0.9997  
2112.00  0.9989  
2113.00  0.9995  
2114.00  0.9933  
2115.00  0.9671  
2116.00  0.9974  
2117.00  0.9996  
2118.00  0.9997  
2119.00  0.9995  
2120.00  0.9991  
2121.00  0.9982  
2122.00  0.9988  
2123.00  0.9991  
2124.00  0.9975  
2125.00  0.9963  
2126.00  0.9997  
2127.00  0.9997  
2128.00  0.9993  
2129.00  0.9995  
2130.00  0.9994  
2131.00  0.9997  
2132.00  0.9992  
2133.00  0.9998  
2134.00  0.9997  
2135.00  0.9995  
2136.00  0.9698  
2137.00  0.9931  
2138.00  0.9972  
2139.00  0.9891  
2140.00  0.9984  
2141.00  0.9997  
2142.00  0.9994  
2143.00  0.9997  
2144.00  0.9996  
2145.00  0.9928  
2146.00  0.9988  
2147.00  0.9966  
2148.00  0.9987  
2149.00  0.9996  
2150.00  0.9997  
2151.00  0.9989  
2152.00  0.9993  
2153.00  0.9948  
2154.00  0.9996  
2155.00  0.9989  
2156.00  0.9996  
2157.00  0.9984  
2158.00  0.9991  
2159.00  0.9997  
2160.00  0.9996  
2161.00  0.9989  
2162.00  0.9876  
2163.00  0.9966  
2164.00  0.9996  
2165.00  0.9996  
2166.00  0.9990  
2167.00  0.9994  
2168.00  0.9996  
2169.00  0.9990  
2170.00  0.9996  
2171.00  0.9982  
2172.00  0.9991  
2173.00  0.9988  
2174.00  0.9996  
2175.00  0.9993  
2176.00  0.9988  
2177.00  0.9994  
2178.00  0.9994  
2179.00  0.9991  
2180.00  0.9986  
2181.00  0.9973  
2182.00  0.9990  
2183.00  0.9985  
2184.00  0.9991  
2185.00  0.9979  
2186.00  0.9987  
2187.00  0.9942  
2188.00  0.9985  
2189.00  0.9984  
2190.00  0.9979  
2191.00  0.9983  
2192.00  0.9982  
2193.00  0.9985  
2194.00  0.9974  
2195.00  0.9979  
2196.00  0.9978  
2197.00  0.9974  
2198.00  0.9975  
2199.00  0.9970  
2200.00  0.9955  
2201.00  0.9970  
2202.00  0.9969  
2203.00  0.9966  
2204.00  0.9965  
2205.00  0.9929  
2206.00  0.9959  
2207.00  0.9955  
2208.00  0.9963  
2209.00  0.9952  
2210.00  0.9934  
2211.00  0.9958  
2212.00  0.9948  
2213.00  0.9956  
2214.00  0.9956  
2215.00  0.9963  
2216.00  0.9964  
2217.00  0.9965  
2218.00  0.9965  
2219.00  0.9948  
2220.00  0.9976  
2221.00  0.9976  
2222.00  0.9979  
2223.00  0.9984  
2224.00  0.9985  
2225.00  0.9977  
2226.00  0.9967  
2227.00  0.9968  
2228.00  0.9965  
2229.00  0.9940  
2230.00  0.9956  
2231.00  0.9929  
2232.00  0.9952  
2233.00  0.9900  
2234.00  0.9944  
2235.00  0.9886  
2236.00  0.9937  
2237.00  0.9895  
2238.00  0.9908  
2239.00  0.9874  
2240.00  0.9910  
2241.00  0.9929  
2242.00  0.9831  
2243.00  0.9917  
2244.00  0.9805  
2245.00  0.9921  
2246.00  0.9767  
2247.00  0.9910  
2248.00  0.9723  
2249.00  0.9900  
2250.00  0.9634  
2251.00  0.9894  
2252.00  0.9591  
2253.00  0.9881  
2254.00  0.9512  
2255.00  0.9850  
2256.00  0.9440  
2257.00  0.9846  
2258.00  0.9373  
2259.00  0.9241  
2260.00  0.9836  
2261.00  0.9168  
2262.00  0.9835  
2263.00  0.9035  
2264.00  0.9856  
2265.00  0.8910  
2266.00  0.9827  
2267.00  0.8935  
2268.00  0.9795  
2269.00  0.9003  
2270.00  0.8898  
2271.00  0.9795  
2272.00  0.8829  
2273.00  0.9786  
2274.00  0.8912  
2275.00  0.9009  
2276.00  0.9750  
2277.00  0.9021  
2278.00  0.9767  
2279.00  0.9187  
2280.00  0.9338  
2281.00  0.9737  
2282.00  0.9488  
2283.00  0.9762  
2284.00  0.9718  
2285.00  0.9594  
2286.00  0.9354  
2287.00  0.8910  
2288.00  0.9577  
2289.00  0.8547  
2290.00  0.8728  
2291.00  0.9314  
2292.00  0.8093  
2293.00  0.8379  
2294.00  0.7637  
2295.00  0.9122  
2296.00  0.7123  
2297.00  0.8418  
2298.00  0.7388  
2299.00  0.8105  
2300.00  0.6358  
2301.00  0.7719  
2302.00  0.7655  
2303.00  0.6371  
2304.00  0.7610  
2305.00  0.5701  
2306.00  0.7373  
2307.00  0.4393  
2308.00  0.7129  
2309.00  0.3634  
2310.00  0.6868  
2311.00  0.3126  
2312.00  0.5738  
2313.00  0.2893  
2314.00  0.5956  
2315.00  0.3176  
2316.00  0.5469  
2317.00  0.3002  
2318.00  0.5035  
2319.00  0.1977  
2320.00  0.4576  
2321.00  0.1403  
2322.00  0.4273  
2323.00  0.0896  
2324.00  0.3879  
2325.00  0.1252  
2326.00  0.3634  
2327.00  0.1306  
2328.00  0.2872  
2329.00  0.1003  
2330.00  0.2639  
2331.00  0.1702  
2332.00  0.1327  
2333.00  0.2328  
2334.00  0.0759  
2335.00  0.2829  
2336.00  0.0618  
2337.00  0.2250  
2338.00  0.1289  
2339.00  0.1363  
2340.00  0.1943  
2341.00  0.0701  
2342.00  0.2087  
2343.00  0.0882  
2344.00  0.1569  
2345.00  0.2393  
2346.00  0.0845  
2347.00  0.3357  
2348.00  0.2632  
2349.00  0.4843  
2350.00  0.1766  
2351.00  0.2541  
2352.00  0.2270  
2353.00  0.1109  
2354.00  0.1365  
2355.00  0.1342  
2356.00  0.0653  
2357.00  0.0865  
2358.00  0.0951  
2359.00  0.0736  
2360.00  0.0432  
2361.00  0.1076  
2362.00  0.1236  
2363.00  0.0656  
2364.00  0.0586  
2365.00  0.1185  
2366.00  0.1511  
2367.00  0.1403  
2368.00  0.1045  
2369.00  0.1219  
2370.00  0.1728  
2371.00  0.2379  
2372.00  0.3779  
2373.00  0.3015  
2374.00  0.3158  
2375.00  0.3459  
2376.00  0.3821  
2377.00  0.4406  
2378.00  0.5017  
2379.00  0.5639  
2380.00  0.6317  
2381.00  0.6842  
2382.00  0.7446  
2383.00  0.7426  
2384.00  0.8884  
2385.00  0.9272  
2386.00  0.9518  
2387.00  0.9558  
2388.00  0.9856  
2389.00  0.9883  
2390.00  0.9958  
2391.00  0.9967  
2392.00  0.9981  
2393.00  0.9987  
2394.00  0.9989  
2395.00  0.9991  
2396.00  0.9991  
2397.00  0.9992  
2398.00  0.9992  
2399.00  0.9993  
2400.00  0.9993  
2401.00  0.9993  
2402.00  0.9993  
2403.00  0.9993  
2404.00  0.9994  
2405.00  0.9994  
2406.00  0.9994  
2407.00  0.9994  
2408.00  0.9994  
2409.00  0.9994  
2410.00  0.9995  
2411.00  0.9995  
2412.00  0.9995  
2413.00  0.9995  
2414.00  0.9995  
2415.00  0.9995  
2416.00  0.9995  
2417.00  0.9995  
2418.00  0.9995  
2419.00  0.9995  
2420.00  0.9995  
2421.00  0.9995  
2422.00  0.9996  
2423.00  0.9995  
2424.00  0.9996  
2425.00  0.9996  
2426.00  0.9996  
2427.00  0.9996  
2428.00  0.9996  
2429.00  0.9996  
2430.00  0.9996  
2431.00  0.9996  
2432.00  0.9996  
2433.00  0.9996  
2434.00  0.9996  
2435.00  0.9996  
2436.00  0.9996  
2437.00  0.9996  
2438.00  0.9996  
2439.00  0.9996  
2440.00  0.9996  
2441.00  0.9996  
2442.00  0.9996  
2443.00  0.9996  
2444.00  0.9996  
2445.00  0.9996  
2446.00  0.9996  
2447.00  0.9996  
2448.00  0.9996  
2449.00  0.9996  
2450.00  0.9996  
2451.00  0.9996  
2452.00  0.9996  
2453.00  0.9997  
2454.00  0.9997  
2455.00  0.9997  
2456.00  0.9997  
2457.00  0.9997  
2458.00  0.9997  
2459.00  0.9997  
2460.00  0.9997  
2461.00  0.9997  
2462.00  0.9997  
2463.00  0.9997  
2464.00  0.9997  
2465.00  0.9997  
2466.00  0.9997  
2467.00  0.9997  
2468.00  0.9997  
2469.00  0.9997  
2470.00  0.9997  
2471.00  0.9997  
2472.00  0.9997  
2473.00  0.9997  
2474.00  0.9997  
2475.00  0.9997  
2476.00  0.9997  
2477.00  0.9997  
2478.00  0.9997  
2479.00  0.9997  
2480.00  0.9997  
2481.00  0.9998  
2482.00  0.9997  
2483.00  0.9998  
2484.00  0.9998  
2485.00  0.9998  
2486.00  0.9998  
2487.00  0.9998  
2488.00  0.9998  
2489.00  0.9998  
2490.00  0.9998  
2491.00  0.9998  
2492.00  0.9998  
2493.00  0.9998  
2494.00  0.9998  
2495.00  0.9998  
2496.00  0.9998  
2497.00  0.9998  
2498.00  0.9998  
2499.00  0.9998  
2500.00  0.9998  
2501.00  0.9998  
2502.00  0.9998  
2503.00  0.9998  
2504.00  0.9998  
2505.00  0.9998  
2506.00  0.9998  
2507.00  0.9998  
2508.00  0.9998  
2509.00  0.9998  
2510.00  0.9998  
2511.00  0.9998  
2512.00  0.9998  
2513.00  0.9998  
2514.00  0.9998  
2515.00  0.9998  
2516.00  0.9998  
2517.00  0.9998  
2518.00  0.9998  
2519.00  0.9998  
2520.00  0.9998  
2521.00  0.9998  
2522.00  0.9998  
2523.00  0.9998  
2524.00  0.9998  
2525.00  0.9998  
2526.00  0.9998  
2527.00  0.9998  
2528.00  0.9998  
2529.00  0.9998  
2530.00  0.9998  
2531.00  0.9998  
2532.00  0.9998  
2533.00  0.9998  
2534.00  0.9998  
2535.00  0.9998  
2536.00  0.9998  
2537.00  0.9998  
2538.00  0.9998  
2539.00  0.9998  
2540.00  0.9998  
2541.00  0.9998  
2542.00  0.9998  
2543.00  0.9998  
2544.00  0.9998  
2545.00  0.9997  
2546.00  0.9998  
2547.00  0.9997  
2548.00  0.9997  
2549.00  0.9997  
2550.00  0.9997  
2551.00  0.9998  
2552.00  0.9998  
2553.00  0.9997  
2554.00  0.9998  
2555.00  0.9998  
2556.00  0.9997  
2557.00  0.9998  
2558.00  0.9998  
2559.00  0.9998  
2560.00  0.9998  
2561.00  0.9998  
2562.00  0.9998  
2563.00  0.9998  
2564.00  0.9996  
2565.00  0.9997  
2566.00  0.9998  
2567.00  0.9998  
2568.00  0.9998  
2569.00  0.9998  
2570.00  0.9997  
2571.00  0.9996  
2572.00  0.9998  
2573.00  0.9998  
2574.00  0.9996  
2575.00  0.9998  
2576.00  0.9998  
2577.00  0.9995  
2578.00  0.9998  
2579.00  0.9994  
2580.00  0.9998  
2581.00  0.9996  
2582.00  0.9996  
2583.00  0.9997  
2584.00  0.9998  
2585.00  0.9996  
2586.00  0.9998  
2587.00  0.9998  
2588.00  0.9998  
2589.00  0.9997  
2590.00  0.9997  
2591.00  0.9994  
2592.00  0.9998  
2593.00  0.9996  
2594.00  0.9996  
2595.00  0.9999  
2596.00  0.9999  
2597.00  0.9996  
2598.00  0.9999  
2599.00  0.9999  
2600.00  0.9998  
2601.00  0.9995  
2602.00  0.9999  
2603.00  0.9999  
2604.00  0.9999  
2605.00  0.9996  
2606.00  0.9994  
2607.00  0.9994  
2608.00  0.9989  
2609.00  0.9998  
2610.00  0.9999  
2611.00  0.9999  
2612.00  0.9998  
2613.00  0.9995  
2614.00  0.9999  
2615.00  0.9999  
2616.00  0.9999  
2617.00  0.9999  
2618.00  0.9999  
2619.00  0.9998  
2620.00  0.9993  
2621.00  0.9998  
2622.00  0.9987  
2623.00  0.9991  
2624.00  0.9995  
2625.00  0.9992  
2626.00  0.9998  
2627.00  0.9999  
2628.00  0.9993  
2629.00  0.9998  
2630.00  0.9999  
2631.00  0.9999  
2632.00  0.9999  
2633.00  0.9999  
2634.00  0.9999  
2635.00  0.9998  
2636.00  0.9990  
2637.00  0.9990  
2638.00  0.9996  
2639.00  0.9986  
2640.00  0.9998  
2641.00  0.9999  
2642.00  0.9992  
2643.00  0.9995  
2644.00  0.9992  
2645.00  0.9998  
2646.00  0.9999  
2647.00  0.9999  
2648.00  0.9998  
2649.00  0.9990  
2650.00  0.9997  
2651.00  0.9998  
2652.00  0.9990  
2653.00  0.9998  
2654.00  0.9998  
2655.00  0.9989  
2656.00  0.9997  
2657.00  0.9992  
2658.00  0.9998  
2659.00  0.9993  
2660.00  0.9997  
2661.00  0.9992  
2662.00  0.9998  
2663.00  0.9989  
2664.00  0.9997  
2665.00  0.9998  
2666.00  0.9989  
2667.00  0.9998  
2668.00  0.9999  
2669.00  0.9999  
2670.00  0.9999  
2671.00  0.9998  
2672.00  0.9998  
2673.00  0.9989  
2674.00  0.9999  
2675.00  0.9993  
2676.00  0.9997  
2677.00  0.9993  
2678.00  0.9989  
2679.00  0.9998  
2680.00  0.9998  
2681.00  0.9989  
2682.00  0.9998  
2683.00  0.9999  
2684.00  0.9999  
2685.00  0.9999  
2686.00  0.9998  
2687.00  0.9998  
2688.00  0.9998  
2689.00  0.9998  
2690.00  0.9992  
2691.00  0.9999  
2692.00  0.9998  
2693.00  0.9988  
2694.00  0.9998  
2695.00  0.9991  
2696.00  0.9997  
2697.00  0.9999  
2698.00  0.9998  
2699.00  0.9998  
2700.00  0.9999  
2701.00  0.9999  
2702.00  0.9998  
2703.00  0.9998  
2704.00  0.9999  
2705.00  0.9999  
2706.00  0.9997  
2707.00  0.9997  
2708.00  0.9993  
2709.00  0.9996  
2710.00  0.9997  
2711.00  0.9997  
2712.00  0.9997  
2713.00  0.9998  
2714.00  0.9997  
2715.00  0.9990  
2716.00  0.9991  
2717.00  0.9994  
2718.00  0.9993  
2719.00  0.9988  
2720.00  0.9977  
2721.00  0.9980  
2722.00  0.9979  
2723.00  0.9979  
2724.00  0.9989  
2725.00  0.9998  
2726.00  0.9988  
2727.00  0.9997  
2728.00  0.9998  
2729.00  0.9998  
2730.00  0.9996  
2731.00  0.9995  
2732.00  0.9998  
2733.00  0.9999  
2734.00  0.9999  
2735.00  0.9999  
2736.00  0.9997  
2737.00  0.9997  
2738.00  0.9997  
2739.00  0.9992  
2740.00  0.9998  
2741.00  0.9998  
2742.00  0.9998  
2743.00  0.9998  
2744.00  0.9998  
2745.00  0.9998  
2746.00  0.9999  
2747.00  0.9998  
2748.00  0.9998  
2749.00  0.9999  
2750.00  0.9998  
2751.00  0.9991  
2752.00  0.9997  
2753.00  0.9997  
2754.00  0.9989  
2755.00  0.9999  
2756.00  0.9997  
2757.00  0.9990  
2758.00  0.9997  
2759.00  0.9998  
2760.00  0.9999  
2761.00  0.9999  
2762.00  0.9998  
2763.00  0.9999  
2764.00  0.9998  
2765.00  0.9990  
2766.00  0.9998  
2767.00  0.9988  
2768.00  0.9997  
2769.00  0.9993  
2770.00  0.9993  
2771.00  0.9998  
2772.00  0.9988  
2773.00  0.9997  
2774.00  0.9998  
2775.00  0.9999  
2776.00  0.9999  
2777.00  0.9989  
2778.00  0.9997  
2779.00  0.9998  
2780.00  0.9988  
2781.00  0.9998  
2782.00  0.9998  
2783.00  0.9987  
2784.00  0.9997  
2785.00  0.9997  
2786.00  0.9991  
2787.00  0.9990  
2788.00  0.9997  
2789.00  0.9994  
2790.00  0.9990  
2791.00  0.9997  
2792.00  0.9989  
2793.00  0.9998  
2794.00  0.9999  
2795.00  0.9998  
2796.00  0.9991  
2797.00  0.9991  
2798.00  0.9993  
2799.00  0.9997  
2800.00  0.9996  
2801.00  0.9985  
2802.00  0.9988  
2803.00  0.9989  
2804.00  0.9997  
2805.00  0.9998  
2806.00  0.9998  
2807.00  0.9998  
2808.00  0.9999  
2809.00  0.9991  
2810.00  0.9998  
2811.00  0.9993  
2812.00  0.9997  
2813.00  0.9987  
2814.00  0.9992  
2815.00  0.9991  
2816.00  0.9998  
2817.00  0.9993  
2818.00  0.9999  
2819.00  0.9990  
2820.00  0.9997  
2821.00  0.9997  
2822.00  0.9992  
2823.00  0.9996  
2824.00  0.9991  
2825.00  0.9991  
2826.00  0.9998  
2827.00  0.9994  
2828.00  0.9992  
2829.00  0.9997  
2830.00  0.9992  
2831.00  0.9998  
2832.00  0.9995  
2833.00  0.9998  
2834.00  0.9995  
2835.00  0.9993  
2836.00  0.9998  
2837.00  0.9999  
2838.00  0.9992  
2839.00  0.9998  
2840.00  0.9998  
2841.00  0.9997  
2842.00  0.9997  
2843.00  0.9996  
2844.00  0.9995  
2845.00  0.9994  
2846.00  0.9996  
2847.00  0.9998  
2848.00  0.9997  
2849.00  0.9996  
2850.00  0.9998  
2851.00  0.9996  
2852.00  0.9998  
2853.00  0.9999  
2854.00  0.9996  
2855.00  0.9995  
2856.00  0.9997  
2857.00  0.9998  
2858.00  0.9998  
2859.00  0.9997  
2860.00  0.9999  
2861.00  0.9998  
2862.00  0.9997  
2863.00  0.9997  
2864.00  0.9992  
2865.00  0.9996  
2866.00  0.9996  
2867.00  0.9996  
2868.00  0.9996  
2869.00  0.9998  
2870.00  0.9999  
2871.00  0.9995  
2872.00  0.9998  
2873.00  0.9998  
2874.00  0.9997  
2875.00  0.9996  
2876.00  0.9996  
2877.00  0.9997  
2878.00  0.9997  
2879.00  0.9995  
2880.00  0.9989  
2881.00  0.9998  
2882.00  0.9999  
2883.00  0.9998  
2884.00  0.9997  
2885.00  0.9994  
2886.00  0.9996  
2887.00  0.9997  
2888.00  0.9998  
2889.00  0.9998  
2890.00  0.9992  
2891.00  0.9997  
2892.00  0.9998  
2893.00  0.9993  
2894.00  0.9964  
2895.00  0.9992  
2896.00  0.9994  
2897.00  0.9994  
2898.00  0.9998  
2899.00  0.9998  
2900.00  0.9997  
2901.00  0.9998  
2902.00  0.9989  
2903.00  0.9997  
2904.00  0.9991  
2905.00  0.9998  
2906.00  0.9990  
2907.00  0.9982  
2908.00  0.9997  
2909.00  0.9998  
2910.00  0.9996  
2911.00  0.9996  
2912.00  0.9978  
2913.00  0.9998  
2914.00  0.9998  
2915.00  0.9998  
2916.00  0.9989  
2917.00  0.9986  
2918.00  0.9988  
2919.00  0.9992  
2920.00  0.9998  
2921.00  0.9997  
2922.00  0.9997  
2923.00  0.9998  
2924.00  0.9998  
2925.00  0.9997  
2926.00  0.9996  
2927.00  0.9967  
2928.00  0.9987  
2929.00  0.9997  
2930.00  0.9968  
2931.00  0.9988  
2932.00  0.9995  
2933.00  0.9920  
2934.00  0.9933  
2935.00  0.9915  
2936.00  0.9987  
2937.00  0.9939  
2938.00  0.9966  
2939.00  0.9996  
2940.00  0.9993  
2941.00  0.9997  
2942.00  0.9997  
2943.00  0.9996  
2944.00  0.9998  
2945.00  0.9994  
2946.00  0.9971  
2947.00  0.9995  
2948.00  0.9942  
2949.00  0.9993  
2950.00  0.9997  
2951.00  0.9998  
2952.00  0.9997  
2953.00  0.9987  
2954.00  0.9882  
2955.00  0.9985  
2956.00  0.9920  
2957.00  0.9967  
2958.00  0.9943  
2959.00  0.9961  
2960.00  0.9995  
2961.00  0.9945  
2962.00  0.9937  
2963.00  0.9995  
2964.00  0.9993  
2965.00  0.9991  
2966.00  0.9820  
2967.00  0.9981  
2968.00  0.9940  
2969.00  0.9967  
2970.00  0.9967  
2971.00  0.9994  
2972.00  0.9990  
2973.00  0.9707  
2974.00  0.9962  
2975.00  0.9734  
2976.00  0.9989  
2977.00  0.9986  
2978.00  0.9782  
2979.00  0.9930  
2980.00  0.9820  
2981.00  0.9926  
2982.00  0.9972  
2983.00  0.9989  
2984.00  0.9914  
2985.00  0.9988  
2986.00  0.9993  
2987.00  0.9959  
2988.00  0.9643  
2989.00  0.9826  
2990.00  0.9973  
2991.00  0.9987  
2992.00  0.9855  
2993.00  0.9914  
2994.00  0.9522  
2995.00  0.9844  
2996.00  0.9984  
2997.00  0.9994  
2998.00  0.9993  
2999.00  0.9974  
3000.00  0.9994  
3001.00  0.9991  
3002.00  0.9991  
3003.00  0.9908  
3004.00  0.9739  
3005.00  0.9528  
3006.00  0.9980  
3007.00  0.9985  
3008.00  0.9984  
3009.00  0.9966  
3010.00  0.9294  
3011.00  0.9867  
3012.00  0.9623  
3013.00  0.9105  
3014.00  0.9734  
3015.00  0.9860  
3016.00  0.9310  
3017.00  0.9841  
3018.00  0.9849  
3019.00  0.9926  
3020.00  0.9986  
3021.00  0.9982  
3022.00  0.9807  
3023.00  0.9936  
3024.00  0.9981  
3025.00  0.9930  
3026.00  0.9435  
3027.00  0.9974  
3028.00  0.9981  
3029.00  0.9958  
3030.00  0.9829  
3031.00  0.8929  
3032.00  0.8556  
3033.00  0.9932  
3034.00  0.9161  
3035.00  0.9863  
3036.00  0.9640  
3037.00  0.9974  
3038.00  0.9973  
3039.00  0.9989  
3040.00  0.9992  
3041.00  0.9992  
3042.00  0.9990  
3043.00  0.9992  
3044.00  0.9988  
3045.00  0.9992  
3046.00  0.9990  
3047.00  0.9984  
3048.00  0.9876  
3049.00  0.9009  
3050.00  0.9957  
3051.00  0.9972  
3052.00  0.9979  
3053.00  0.9987  
3054.00  0.9983  
3055.00  0.9948  
3056.00  0.8718  
3057.00  0.9722  
3058.00  0.9890  
3059.00  0.9964  
3060.00  0.9615  
3061.00  0.9952  
3062.00  0.9976  
3063.00  0.9953  
3064.00  0.8751  
3065.00  0.9739  
3066.00  0.9740  
3067.00  0.8682  
3068.00  0.9921  
3069.00  0.9976  
3070.00  0.9986  
3071.00  0.9989  
3072.00  0.9990  
3073.00  0.9989  
3074.00  0.9990  
3075.00  0.9987  
3076.00  0.9978  
3077.00  0.9853  
3078.00  0.9427  
3079.00  0.9809  
3080.00  0.9027  
3081.00  0.9409  
3082.00  0.9838  
3083.00  0.9546  
3084.00  0.9973  
3085.00  0.9981  
3086.00  0.9864  
3087.00  0.9770  
3088.00  0.9967  
3089.00  0.9987  
3090.00  0.9986  
3091.00  0.9986  
3092.00  0.9982  
3093.00  0.9945  
3094.00  0.9707  
3095.00  0.9695  
3096.00  0.8499  
3097.00  0.9742  
3098.00  0.9957  
3099.00  0.9877  
3100.00  0.9209  
3101.00  0.8654  
3102.00  0.9681  
3103.00  0.9271  
3104.00  0.9909  
3105.00  0.9940  
3106.00  0.9950  
3107.00  0.9563  
3108.00  0.9803  
3109.00  0.9898  
3110.00  0.9666  
3111.00  0.9893  
3112.00  0.9499  
3113.00  0.9875  
3114.00  0.9549  
3115.00  0.9812  
3116.00  0.8515  
3117.00  0.9862  
3118.00  0.9459  
3119.00  0.8853  
3120.00  0.9915  
3121.00  0.9928  
3122.00  0.8771  
3123.00  0.9213  
3124.00  0.9944  
3125.00  0.9791  
3126.00  0.9610  
3127.00  0.9178  
3128.00  0.9943  
3129.00  0.9949  
3130.00  0.9976  
3131.00  0.9952  
3132.00  0.9909  
3133.00  0.8368  
3134.00  0.9858  
3135.00  0.9963  
3136.00  0.9978  
3137.00  0.9988  
3138.00  0.9991  
3139.00  0.9988  
3140.00  0.9967  
3141.00  0.9985  
3142.00  0.9973  
3143.00  0.9781  
3144.00  0.9989  
3145.00  0.9992  
3146.00  0.9992  
3147.00  0.9991  
3148.00  0.9990  
3149.00  0.9982  
3150.00  0.9993  
3151.00  0.9903  
3152.00  0.9942  
3153.00  0.9984  
3154.00  0.9994  
3155.00  0.9989  
3156.00  0.9993  
3157.00  0.9993  
3158.00  0.9989  
3159.00  0.9994  
3160.00  0.9995  
3161.00  0.9995  
3162.00  0.9991  
3163.00  0.9992  
3164.00  0.9958  
3165.00  0.9981  
3166.00  0.9979  
3167.00  0.9965  
3168.00  0.9873  
3169.00  0.9956  
3170.00  0.9867  
3171.00  0.9981  
3172.00  0.9990  
3173.00  0.9971  
3174.00  0.9988  
3175.00  0.9943  
3176.00  0.9971  
3177.00  0.9920  
3178.00  0.8325  
3179.00  0.9850  
3180.00  0.9942  
3181.00  0.9977  
3182.00  0.9968  
3183.00  0.9947  
3184.00  0.9942  
3185.00  0.9023  
3186.00  0.9900  
3187.00  0.9982  
3188.00  0.9987  
3189.00  0.9991  
3190.00  0.9988  
3191.00  0.9983  
3192.00  0.9964  
3193.00  0.9987  
3194.00  0.9986  
3195.00  0.9968  
3196.00  0.9495  
3197.00  0.9811  
3198.00  0.8606  
3199.00  0.9906  
3200.00  0.9726  
3201.00  0.9967  
3202.00  0.9976  
3203.00  0.9970  
3204.00  0.9985  
3205.00  0.9986  
3206.00  0.9988  
3207.00  0.9971  
3208.00  0.9971  
3209.00  0.9809  
3210.00  0.8728  
3211.00  0.9932  
3212.00  0.9961  
3213.00  0.9926  
3214.00  0.8407  
3215.00  0.9839  
3216.00  0.9919  
3217.00  0.9695  
3218.00  0.9947  
3219.00  0.8863  
3220.00  0.9389  
3221.00  0.9904  
3222.00  0.9633  
3223.00  0.9958  
3224.00  0.9982  
3225.00  0.9978  
3226.00  0.9891  
3227.00  0.9376  
3228.00  0.9868  
3229.00  0.9900  
3230.00  0.9280  
3231.00  0.9895  
3232.00  0.9840  
3233.00  0.9383  
3234.00  0.9949  
3235.00  0.9962  
3236.00  0.9859  
3237.00  0.9293  
3238.00  0.9946  
3239.00  0.9968  
3240.00  0.9506  
3241.00  0.9943  
3242.00  0.9863  
3243.00  0.9914  
3244.00  0.9809  
3245.00  0.8039  
3246.00  0.9869  
3247.00  0.9908  
3248.00  0.9977  
3249.00  0.9966  
3250.00  0.9984  
3251.00  0.9984  
3252.00  0.9962  
3253.00  0.9947  
3254.00  0.8623  
3255.00  0.9874  
3256.00  0.9859  
3257.00  0.9339  
3258.00  0.9868  
3259.00  0.9970  
3260.00  0.9485  
3261.00  0.9911  
3262.00  0.9979  
3263.00  0.9828  
3264.00  0.9944  
3265.00  0.9593  
3266.00  0.9857  
3267.00  0.9968  
3268.00  0.9986  
3269.00  0.9985  
3270.00  0.9862  
3271.00  0.9872  
3272.00  0.9794  
3273.00  0.9526  
3274.00  0.8581  
3275.00  0.9837  
3276.00  0.9445  
3277.00  0.9087  
3278.00  0.9942  
3279.00  0.9809  
3280.00  0.9516  
3281.00  0.9936  
3282.00  0.9972  
3283.00  0.9565  
3284.00  0.9716  
3285.00  0.9961  
3286.00  0.9955  
3287.00  0.9977  
3288.00  0.9561  
3289.00  0.9670  
3290.00  0.9949  
3291.00  0.9297  
3292.00  0.9820  
3293.00  0.9157  
3294.00  0.9776  
3295.00  0.9969  
3296.00  0.9961  
3297.00  0.9798  
3298.00  0.9342  
3299.00  0.9971  
3300.00  0.9893  
3301.00  0.9956  
3302.00  0.9986  
3303.00  0.9809  
3304.00  0.9971  
3305.00  0.9987  
3306.00  0.9984  
3307.00  0.9971  
3308.00  0.9543  
3309.00  0.8658  
3310.00  0.9928  
3311.00  0.9606  
3312.00  0.9733  
3313.00  0.9076  
3314.00  0.9868  
3315.00  0.9965  
3316.00  0.9985  
3317.00  0.9847  
3318.00  0.9952  
3319.00  0.9915  
3320.00  0.9972  
3321.00  0.9989  
3322.00  0.9977  
3323.00  0.9729  
3324.00  0.9925  
3325.00  0.9672  
3326.00  0.9625  
3327.00  0.9703  
3328.00  0.9790  
3329.00  0.9959  
3330.00  0.9850  
3331.00  0.9985  
3332.00  0.9986  
3333.00  0.9975  
3334.00  0.9929  
3335.00  0.9371  
3336.00  0.9892  
3337.00  0.8764  
3338.00  0.9969  
3339.00  0.9927  
3340.00  0.9836  
3341.00  0.9930  
3342.00  0.9881  
3343.00  0.9960  
3344.00  0.9990  
3345.00  0.9990  
3346.00  0.9930  
3347.00  0.9985  
3348.00  0.9932  
3349.00  0.9983  
3350.00  0.9960  
3351.00  0.9884  
3352.00  0.9977  
3353.00  0.9913  
3354.00  0.9818  
3355.00  0.9801  
3356.00  0.9283  
3357.00  0.9457  
3358.00  0.9961  
3359.00  0.9936  
3360.00  0.9457  
3361.00  0.9860  
3362.00  0.8946  
3363.00  0.9851  
3364.00  0.9306  
3365.00  0.9619  
3366.00  0.8725  
3367.00  0.9743  
3368.00  0.9240  
3369.00  0.9633  
3370.00  0.9925  
3371.00  0.9905  
3372.00  0.9985  
3373.00  0.9987  
3374.00  0.9958  
3375.00  0.9859  
3376.00  0.9950  
3377.00  0.9971  
3378.00  0.9836  
3379.00  0.9899  
3380.00  0.9844  
3381.00  0.9967  
3382.00  0.9973  
3383.00  0.9685  
3384.00  0.9126  
3385.00  0.9732  
3386.00  0.9154  
3387.00  0.9961  
3388.00  0.9968  
3389.00  0.9977  
3390.00  0.9969  
3391.00  0.9948  
3392.00  0.9460  
3393.00  0.7784  
3394.00  0.9924  
3395.00  0.9960  
3396.00  0.9877  
3397.00  0.8313  
3398.00  0.9816  
3399.00  0.9897  
3400.00  0.9951  
3401.00  0.9694  
3402.00  0.9769  
3403.00  0.9887  
3404.00  0.9373  
3405.00  0.9971  
3406.00  0.9975  
3407.00  0.9907  
3408.00  0.9974  
3409.00  0.9803  
3410.00  0.9972  
3411.00  0.9982  
3412.00  0.9944  
3413.00  0.9735  
3414.00  0.9938  
3415.00  0.9970  
3416.00  0.9943  
3417.00  0.9950  
3418.00  0.9706  
3419.00  0.9610  
3420.00  0.7423  
3421.00  0.9443  
3422.00  0.8267  
3423.00  0.9454  
3424.00  0.9863  
3425.00  0.9969  
3426.00  0.9958  
3427.00  0.9929  
3428.00  0.9399  
3429.00  0.9956  
3430.00  0.9934  
3431.00  0.9015  
3432.00  0.9899  
3433.00  0.9617  
3434.00  0.9943  
3435.00  0.9973  
3436.00  0.9823  
3437.00  0.9900  
3438.00  0.9752  
3439.00  0.9886  
3440.00  0.9791  
3441.00  0.9837  
3442.00  0.9351  
3443.00  0.7805  
3444.00  0.9872  
3445.00  0.9154  
3446.00  0.9679  
3447.00  0.4901  
3448.00  0.8894  
3449.00  0.9787  
3450.00  0.9921  
3451.00  0.9959  
3452.00  0.9959  
3453.00  0.9924  
3454.00  0.9961  
3455.00  0.9946  
3456.00  0.9510  
3457.00  0.9882  
3458.00  0.9838  
3459.00  0.9644  
3460.00  0.9662  
3461.00  0.8993  
3462.00  0.9304  
3463.00  0.8093  
3464.00  0.9877  
3465.00  0.9843  
3466.00  0.9716  
3467.00  0.8355  
3468.00  0.9902  
3469.00  0.9825  
3470.00  0.9618  
3471.00  0.9802  
3472.00  0.9837  
3473.00  0.9654  
3474.00  0.9832  
3475.00  0.8023  
3476.00  0.9868  
3477.00  0.9928  
3478.00  0.9929  
3479.00  0.9791  
3480.00  0.9266  
3481.00  0.8124  
3482.00  0.6446  
3483.00  0.9371  
3484.00  0.9547  
3485.00  0.9691  
3486.00  0.8971  
3487.00  0.9802  
3488.00  0.6999  
3489.00  0.9736  
3490.00  0.9916  
3491.00  0.9503  
3492.00  0.9843  
3493.00  0.9806  
3494.00  0.9872  
3495.00  0.8517  
3496.00  0.9409  
3497.00  0.7833  
3498.00  0.9805  
3499.00  0.9781  
3500.00  0.9133  
3501.00  0.9093  
3502.00  0.7093  
3503.00  0.4985  
3504.00  0.7886  
3505.00  0.7781  
3506.00  0.9267  
3507.00  0.9643  
3508.00  0.9740  
3509.00  0.6531  
3510.00  0.7666  
3511.00  0.8954  
3512.00  0.8546  
3513.00  0.9158  
3514.00  0.9570  
3515.00  0.9886  
3516.00  0.9880  
3517.00  0.9384  
3518.00  0.9752  
3519.00  0.8107  
3520.00  0.9516  
3521.00  0.9455  
3522.00  0.8675  
3523.00  0.4609  
3524.00  0.7142  
3525.00  0.8566  
3526.00  0.7883  
3527.00  0.5221  
3528.00  0.7128  
3529.00  0.5769  
3530.00  0.9237  
3531.00  0.6996  
3532.00  0.9659  
3533.00  0.9849  
3534.00  0.9783  
3535.00  0.9774  
3536.00  0.7164  
3537.00  0.8345  
3538.00  0.9745  
3539.00  0.9509  
3540.00  0.9484  
3541.00  0.9709  
3542.00  0.9642  
3543.00  0.7336  
3544.00  0.6110  
3545.00  0.4693  
3546.00  0.8051  
3547.00  0.4288  
3548.00  0.7228  
3549.00  0.9183  
3550.00  0.8787  
3551.00  0.9258  
3552.00  0.3800  
3553.00  0.8452  
3554.00  0.7096  
3555.00  0.9516  
3556.00  0.9682  
3557.00  0.7836  
3558.00  0.9455  
3559.00  0.9374  
3560.00  0.5912  
3561.00  0.8180  
3562.00  0.7558  
3563.00  0.8136  
3564.00  0.5361  
3565.00  0.6706  
3566.00  0.0811  
3567.00  0.3588  
3568.00  0.1474  
3569.00  0.6213  
3570.00  0.8835  
3571.00  0.7671  
3572.00  0.9538  
3573.00  0.8799  
3574.00  0.7085  
3575.00  0.7687  
3576.00  0.9351  
3577.00  0.5747  
3578.00  0.9156  
3579.00  0.7794  
3580.00  0.6600  
3581.00  0.8868  
3582.00  0.8992  
3583.00  0.7391  
3584.00  0.6809  
3585.00  0.7331  
3586.00  0.6048  
3587.00  0.1804  
3588.00  0.3565  
3589.00  0.2896  
3590.00  0.7574  
3591.00  0.8288  
3592.00  0.8853  
3593.00  0.3793  
3594.00  0.7005  
3595.00  0.4476  
3596.00  0.4078  
3597.00  0.8484  
3598.00  0.4537  
3599.00  0.6148  
3600.00  0.4967  
3601.00  0.3434  
3602.00  0.7679  
3603.00  0.5959  
3604.00  0.9004  
3605.00  0.7892  
3606.00  0.7718  
3607.00  0.1944  
3608.00  0.6467  
3609.00  0.1966  
3610.00  0.5201  
3611.00  0.8043  
3612.00  0.4601  
3613.00  0.2416  
3614.00  0.5660  
3615.00  0.2443  
3616.00  0.7107  
3617.00  0.5848  
3618.00  0.1684  
3619.00  0.4040  
3620.00  0.1891  
3621.00  0.3595  
3622.00  0.7321  
3623.00  0.7193  
3624.00  0.7670  
3625.00  0.7345  
3626.00  0.4790  
3627.00  0.5792  
3628.00  0.1356  
3629.00  0.0529  
3630.00  0.1510  
3631.00  0.4508  
3632.00  0.7111  
3633.00  0.6840  
3634.00  0.2863  
3635.00  0.7558  
3636.00  0.8939  
3637.00  0.8376  
3638.00  0.4858  
3639.00  0.8522  
3640.00  0.7883  
3641.00  0.8708  
3642.00  0.5777  
3643.00  0.5604  
3644.00  0.8576  
3645.00  0.6773  
3646.00  0.4368  
3647.00  0.0240  
3648.00  0.2376  
3649.00  0.0588  
3650.00  0.1218  
3651.00  0.0455  
3652.00  0.4623  
3653.00  0.6806  
3654.00  0.8255  
3655.00  0.7159  
3656.00  0.1656  
3657.00  0.3904  
3658.00  0.8215  
3659.00  0.8766  
3660.00  0.6955  
3661.00  0.8826  
3662.00  0.8759  
3663.00  0.9006  
3664.00  0.9066  
3665.00  0.8737  
3666.00  0.8340  
3667.00  0.8207  
3668.00  0.5018  
3669.00  0.1230  
3670.00  0.1924  
3671.00  0.0390  
3672.00  0.5301  
3673.00  0.6725  
3674.00  0.2832  
3675.00  0.0195  
3676.00  0.0114  
3677.00  0.2378  
3678.00  0.6201  
3679.00  0.3891  
3680.00  0.4602  
3681.00  0.7747  
3682.00  0.8666  
3683.00  0.8355  
3684.00  0.8121  
3685.00  0.6426  
3686.00  0.7728  
3687.00  0.4856  
3688.00  0.0861  
3689.00  0.1526  
3690.00  0.3177  
3691.00  0.0683  
3692.00  0.3823  
3693.00  0.6565  
3694.00  0.6333  
3695.00  0.7648  
3696.00  0.6004  
3697.00  0.8226  
3698.00  0.7358  
3699.00  0.8262  
3700.00  0.7281  
3701.00  0.5561  
3702.00  0.1287  
3703.00  0.6127  
3704.00  0.8403  
3705.00  0.6395  
3706.00  0.7353  
3707.00  0.6502  
3708.00  0.6439  
3709.00  0.2298  
3710.00  0.3332  
3711.00  0.2233  
3712.00  0.0270  
3713.00  0.2615  
3714.00  0.7248  
3715.00  0.5722  
3716.00  0.7975  
3717.00  0.7634  
3718.00  0.7762  
3719.00  0.2949  
3720.00  0.6489  
3721.00  0.7623  
3722.00  0.1556  
3723.00  0.3227  
3724.00  0.5797  
3725.00  0.3860  
3726.00  0.3475  
3727.00  0.3295  
3728.00  0.5141  
3729.00  0.7787  
3730.00  0.5268  
3731.00  0.4313  
3732.00  0.0261  
3733.00  0.3036  
3734.00  0.2673  
3735.00  0.0315  
3736.00  0.2049  
3737.00  0.1184  
3738.00  0.2913  
3739.00  0.4487  
3740.00  0.5591  
3741.00  0.1965  
3742.00  0.5185  
3743.00  0.4644  
3744.00  0.0001  
3745.00  0.0069  
3746.00  0.2528  
3747.00  0.3592  
3748.00  0.3851  
3749.00  0.0366  
3750.00  0.0804  
3751.00  0.1821  
3752.00  0.0100  
3753.00  0.1515  
3754.00  0.4132  
3755.00  0.6358  
3756.00  0.5328  
3757.00  0.3450  
3758.00  0.6566  
3759.00  0.3107  
3760.00  0.1304  
3761.00  0.7356  
3762.00  0.7201  
3763.00  0.8380  
3764.00  0.7484  
3765.00  0.5555  
3766.00  0.2202  
3767.00  0.7484  
3768.00  0.7955  
3769.00  0.5075  
3770.00  0.0687  
3771.00  0.6728  
3772.00  0.7416  
3773.00  0.9023  
3774.00  0.8895  
3775.00  0.9215  
3776.00  0.9145  
3777.00  0.8858  
3778.00  0.6544  
3779.00  0.3862  
3780.00  0.3419  
3781.00  0.8610  
3782.00  0.7946  
3783.00  0.9055  
3784.00  0.7471  
3785.00  0.3183  
3786.00  0.7260  
3787.00  0.8245  
3788.00  0.9179  
3789.00  0.8796  
3790.00  0.8818  
3791.00  0.9280  
3792.00  0.9203  
3793.00  0.8824  
3794.00  0.8742  
3795.00  0.8017  
3796.00  0.3168  
3797.00  0.4486  
3798.00  0.4767  
3799.00  0.6241  
3800.00  0.4158  
3801.00  0.0567  
3802.00  0.1461  
3803.00  0.2185  
3804.00  0.7099  
3805.00  0.7429  
3806.00  0.4547  
3807.00  0.0207  
3808.00  0.4556  
3809.00  0.7810  
3810.00  0.8354  
3811.00  0.8667  
3812.00  0.8645  
3813.00  0.8255  
3814.00  0.7491  
3815.00  0.4270  
3816.00  0.0074  
3817.00  0.3079  
3818.00  0.5903  
3819.00  0.4897  
3820.00  0.1755  
3821.00  0.0491  
3822.00  0.0826  
3823.00  0.4400  
3824.00  0.5497  
3825.00  0.7533  
3826.00  0.5052  
3827.00  0.2686  
3828.00  0.5513  
3829.00  0.7706  
3830.00  0.7948  
3831.00  0.4589  
3832.00  0.2114  
3833.00  0.7113  
3834.00  0.6018  
3835.00  0.0950  
3836.00  0.5217  
3837.00  0.2631  
3838.00  0.0089  
3839.00  0.3532  
3840.00  0.1641  
3841.00  0.1679  
3842.00  0.6691  
3843.00  0.5588  
3844.00  0.2015  
3845.00  0.6493  
3846.00  0.7850  
3847.00  0.8470  
3848.00  0.8459  
3849.00  0.6319  
3850.00  0.4472  
3851.00  0.4476  
3852.00  0.0169  
3853.00  0.1027  
3854.00  0.0005  
3855.00  0.1474  
3856.00  0.5593  
3857.00  0.2112  
3858.00  0.6878  
3859.00  0.7916  
3860.00  0.8285  
3861.00  0.6406  
3862.00  0.2118  
3863.00  0.5129  
3864.00  0.3916  
3865.00  0.0805  
3866.00  0.4297  
3867.00  0.7817  
3868.00  0.7198  
3869.00  0.1864  
3870.00  0.0465  
3871.00  0.2884  
3872.00  0.7381  
3873.00  0.7054  
3874.00  0.1119  
3875.00  0.5543  
3876.00  0.8435  
3877.00  0.8537  
3878.00  0.8806  
3879.00  0.7914  
3880.00  0.1110  
3881.00  0.2466  
3882.00  0.7728  
3883.00  0.5008  
3884.00  0.6705  
3885.00  0.4569  
3886.00  0.0581  
3887.00  0.7129  
3888.00  0.8635  
3889.00  0.8772  
3890.00  0.7775  
3891.00  0.1836  
3892.00  0.3412  
3893.00  0.6425  
3894.00  0.5761  
3895.00  0.8816  
3896.00  0.9135  
3897.00  0.8764  
3898.00  0.4802  
3899.00  0.2261  
3900.00  0.5429  
3901.00  0.6547  
3902.00  0.0779  
3903.00  0.6375  
3904.00  0.1160  
3905.00  0.3863  
3906.00  0.3559  
3907.00  0.8657  
3908.00  0.9374  
3909.00  0.9462  
3910.00  0.9463  
3911.00  0.9591  
3912.00  0.9634  
3913.00  0.9364  
3914.00  0.9255  
3915.00  0.9498  
3916.00  0.6665  
3917.00  0.3769  
3918.00  0.7947  
3919.00  0.9030  
3920.00  0.3877  
3921.00  0.8801  
3922.00  0.9459  
3923.00  0.7737  
3924.00  0.5083  
3925.00  0.3837  
3926.00  0.8683  
3927.00  0.9535  
3928.00  0.8905  
3929.00  0.6230  
3930.00  0.8055  
3931.00  0.7133  
3932.00  0.4963  
3933.00  0.7432  
3934.00  0.7392  
3935.00  0.9091  
3936.00  0.9698  
3937.00  0.9792  
3938.00  0.8522  
3939.00  0.9051  
3940.00  0.9707  
3941.00  0.9332  
3942.00  0.8125  
3943.00  0.4309  
3944.00  0.7879  
3945.00  0.9536  
3946.00  0.9761  
3947.00  0.7535  
3948.00  0.6694  
3949.00  0.9272  
3950.00  0.4805  
3951.00  0.8812  
3952.00  0.9361  
3953.00  0.7392  
3954.00  0.9679  
3955.00  0.9289  
3956.00  0.9754  
3957.00  0.8154  
3958.00  0.8903  
3959.00  0.9754  
3960.00  0.9122  
3961.00  0.9654  
3962.00  0.6530  
3963.00  0.9856  
3964.00  0.9570  
3965.00  0.9496  
3966.00  0.9921  
3967.00  0.9913  
3968.00  0.9769  
3969.00  0.8153  
3970.00  0.9836  
3971.00  0.9818  
3972.00  0.8472  
3973.00  0.8905  
3974.00  0.8521  
3975.00  0.8841  
3976.00  0.8451  
3977.00  0.9663  
3978.00  0.9942  
3979.00  0.9843  
3980.00  0.9554  
3981.00  0.9661  
3982.00  0.8997  
3983.00  0.9411  
3984.00  0.9936  
3985.00  0.9667  
3986.00  0.9805  
3987.00  0.9963  
3988.00  0.9964  
3989.00  0.9756  
3990.00  0.9370  
3991.00  0.8674  
3992.00  0.9917  
3993.00  0.9642  
3994.00  0.9894  
3995.00  0.8230  
3996.00  0.9895  
3997.00  0.9918  
3998.00  0.9969  
3999.00  0.9926  
4000.00  0.9938  
