1999.5985812 0.0461118231473
2001.80321028 0.0473526853517
2004.00783937 0.0458120298404
2006.21246846 0.0443691572488
2008.41709754 0.0457862201354
2010.62172663 0.0494493053187
2012.82635572 0.0526145720574
2015.0309848 0.0526633600754
2017.23561389 0.0504935181933
2019.44024297 0.0491238863436
2021.64487206 0.0497819545007
2023.84950115 0.0521847623839
2026.05413023 0.055259204008
2028.25875932 0.05717429561
2030.46338841 0.057079110072
2032.66801749 0.0564006707358
2034.87264658 0.0569959411316
2037.07727566 0.058365237341
2039.28190475 0.0586098452226
2041.48653384 0.0580802865053
2043.69116292 0.0591533261291
2045.89579201 0.0625169258306
2048.1004211 0.0663815591591
2050.30505018 0.0687697862291
2052.50967927 0.0688362851441
2054.71430835 0.0672734673424
2056.91893744 0.0656051488908
2059.12356653 0.0649472722746
2061.32819561 0.0661391563256
2063.5328247 0.0694800664928
2065.73745378 0.073494343629
2067.94208287 0.0754335944354
2070.14671196 0.0743955204242
2072.35134104 0.072841000579
2074.55597013 0.0736407466236
2076.76059922 0.0764740928181
2078.9652283 0.0789114515382
2081.16985739 0.0799973515023
2083.37448647 0.080796254274
2085.57911556 0.0824793662369
2087.78374465 0.0850444314658
2089.98837373 0.0878614089943
2092.19300282 0.0908500281625
2094.39763191 0.0938194257208
2096.60226099 0.0961182091517
2098.80689008 0.0978027761612
2101.01151916 0.099380996086
2103.21614825 0.100711445723
2105.42077734 0.101511643932
2107.62540642 0.102667024249
2109.83003551 0.10564009296
2112.0346646 0.110770181912
2114.23929368 0.116908866022
2116.44392277 0.122527548231
2118.64855185 0.127599373798
2120.85318094 0.133113938823
2123.05781003 0.138801826907
2125.26243911 0.144033896957
2127.4670682 0.149484560594
2129.67169729 0.15580190567
2131.87632637 0.162722839294
2134.08095546 0.170004225678
2136.28558454 0.177672465346
2138.49021363 0.185602565002
2140.69484272 0.193935275958
2142.8994718 0.203711002081
2145.10410089 0.215546498685
2147.30872997 0.228576548635
2149.51335906 0.242273183764
2151.71798815 0.256974148717
2153.92261723 0.272196968187
2156.12724632 0.287173127954
2158.33187541 0.302859756352
2160.53650449 0.320830438841
2162.74113358 0.339931299859
2164.94576266 0.357231607642
2167.15039175 0.372421337139
2169.35502084 0.388037498312
2171.55964992 0.406196353999
2173.76427901 0.427016535925
2175.9689081 0.448586943209
2178.17353718 0.468598411902
2180.37816627 0.487676622257
2182.58279535 0.508974475971
2184.78742444 0.533253978376
2186.99205353 0.55751279495
2189.19668261 0.580055460375
2191.4013117 0.602869661694
2193.60594079 0.627407206034
2195.81056987 0.653145784471
2198.01519896 0.679252613585
2200.21982804 0.704065415193
2202.42445713 0.727151304557
2204.62908622 0.750846869861
2206.8337153 0.77656726899
2209.03834439 0.804416419896
2211.24297348 0.834507121169
2213.44760256 0.864710876869
2215.65223165 0.892029805295
2217.85686073 0.91672666326
2220.06148982 0.942160828328
2222.26611891 0.970764597746
2224.47074799 1.00042743058
2226.67537708 1.0266814634
2228.88000616 1.04843198669
2231.08463525 1.06891465071
2233.28926434 1.09144192163
2235.49389342 1.11351655165
2237.69852251 1.12793452416
2239.9031516 1.13386987761
2242.10778068 1.1383717029
2244.31240977 1.14466669809
2246.51703885 1.14873786585
2248.72166794 1.14712446451
2250.92629703 1.14172535819
2253.13092611 1.13576121917
2255.3355552 1.13002132451
2257.54018429 1.12521739616
2259.74481337 1.12162439203
2261.94944246 1.11799339545
2264.15407154 1.11501756107
2266.35870063 1.1135329206
2268.56332972 1.11203289185
2270.7679588 1.11208551985
2272.97258789 1.11392596202
2275.17721698 1.10940011939
2277.38184606 1.10201941573
2279.58647515 1.10981892371
2281.79110423 1.12313814721
2283.99573332 1.09989986386
2286.20036241 1.01333417956
2288.40499149 0.878478244097
2290.60962058 0.737599231831
2292.81424967 0.62578944839
2295.01887875 0.548481874445
2297.22350784 0.487932835504
2299.42813692 0.423770876638
2301.63276601 0.353209598181
2303.8373951 0.287672048748
2306.04202418 0.230070091318
2308.24665327 0.176888375943
2310.45128235 0.131242599641
2312.65591144 0.0958473047831
2314.86054053 0.0684483204364
2317.06516961 0.048157144226
2319.2697987 0.0353536748271
2321.47442779 0.0289514406968
2323.67905687 0.0268750917316
2325.88368596 0.0271033396559
2328.08831504 0.0273770315005
2330.29294413 0.0265795725056
2332.49757322 0.0256887019233
2334.7022023 0.0232163122861
2336.90683139 0.0160298388061
2339.11146048 0.00789989438688
2341.31608956 0.00725708611941
2343.52071865 0.0127294756423
2345.72534773 0.0159218964293
2347.92997682 0.0171367903342
2350.13460591 0.018958114027
2352.33923499 0.0228354829037
2354.54386408 0.0313941974145
2356.74849317 0.048439713228
2358.95312225 0.0597891379627
2361.15775134 0.0321308047888
2363.36238042 0.00978261006842
2365.56700951 0.0182147799171
2367.7716386 0.00360169366401
2369.97626768 0.0100125802791
2372.18089677 0.0179342879839
2374.38552586 0.0272141296897
2376.59015494 0.0471949967024
2378.79478403 0.0812566026449
2380.99941311 0.122590401916
2383.2040422 0.159460687461
2385.40867129 0.189438777437
2387.61330037 0.221514577998
2389.81792946 0.256224243901
2392.02255854 0.276017806105
2394.22718763 0.259960290028
2396.43181672 0.199736534633
2398.6364458 0.114406514422
2400.84107489 0.0447755515793
2403.04570398 0.0122831809979
2405.25033306 0.00433941441943
2407.45496215 0.00332941132061
2409.65959123 0.0029284757463
2411.86422032 0.00253292783021
2414.06884941 0.00245029526066
2416.27347849 0.0028811004983
2418.47810758 0.00362997417018
2420.68273667 0.0040478621707
2422.88736575 0.00367229439573
2425.09199484 0.0031087954036
2427.29662392 0.00294318349195
2429.50125301 0.00282454654968
2431.7058821 0.00263891668938
2433.91051118 0.0026362890004
2436.11514027 0.00276456935801
2438.31976936 0.00293812943095
2440.52439844 0.00308723494747
2442.72902753 0.00305527896306
2444.93365661 0.00281040120583
2447.1382857 0.00245677052906
2449.34291479 0.00215892507315
2451.54754387 0.00208105676513
2453.75217296 0.00219029321901
2455.95680205 0.00219024921135
2458.16143113 0.00199779807531
2460.36606022 0.00203567417887
2462.5706893 0.00237654952311
2464.77531839 0.00246539514635
2466.97994748 0.00225634776755
2469.18457656 0.00223710761242
2471.38920565 0.00226888120878
2473.59383473 0.00187051461733
2475.79846382 0.00125226066091
2478.00309291 0.000943260390651
2480.20772199 0.00102582231112
2482.41235108 0.0011598237698
2484.61698017 0.00106896118863
2486.82160925 0.000901865473607
2489.02623834 0.000844982771521
2491.23086742 0.000685467433645
2493.43549651 0.000300780068412
2495.6401256 0.000220923514947
2497.84475468 0.00072001115419
2500.04938377 0.00089777832016
2502.25401286 0.000248873879365
2504.45864194 0.000299432271541
2506.66327103 3.62254292144e-05
2508.86790011 0.000791366539882
2511.0725292 0.00156402625467
2513.27715829 0.00171620860046
2515.48178737 0.00139394362501
2517.68641646 0.00129829304014
2519.89104555 0.00162318271455
2522.09567463 0.00175996582629
2524.30030372 0.00124827294908
2526.5049328 0.00053016281383
2528.70956189 0.000132825324155
2530.91419098 7.38302126404e-05
2533.11882006 0.000211583780134
2535.32344915 0.000240852453265
2537.52807824 0.000296267214237
2539.73270732 0.000299160087061
2541.93733641 0.000191232737452
2544.14196549 0.000205710646485
2546.34659458 0.000179410404813
2548.55122367 0.000146818915116
2550.75585275 0.000443070398713
2552.96048184 0.000531805341688
2555.16511092 0.000646481836162
2557.36974001 0.000713919881636
2559.5743691 0.000618311591701
2561.77899818 0.000550638959663
2563.98362727 0.000674663071021
2566.18825636 0.0010401154794
2568.39288544 0.00137321922792
2570.59751453 0.00109203976509
2572.80214361 0.000228360846657
2575.0067727 0.000370701461352
2577.21140179 0.000241108945408
2579.41603087 0.000350430366734
2581.62065996 0.00115022018333
2583.82528905 0.00190430435847
2586.02991813 0.00222261325993
2588.23454722 0.00195537378322
2590.4391763 0.00138165680406
2592.64380539 0.000968724261995
2594.84843448 0.000776987161737
2597.05306356 0.000640752167459
2599.25769265 0.000739742785752
2601.46232174 0.00100804605283
2603.66695082 0.000911144279769
2605.87157991 0.000513190159483
2608.07620899 0.000576740350349
2610.28083808 0.00126906897209
2612.48546717 0.00172160172924
2614.69009625 0.00111418919928
2616.89472534 5.09065365029e-05
2619.09935443 0.000464809824708
2621.30398351 3.25720017318e-05
2623.5086126 0.000352388531982
2625.71324168 0.00068604891775
2627.91787077 0.00143031521453
2630.12249986 0.00225992684322
2632.32712894 0.00255014043077
2634.53175803 0.00213073765634
2636.73638711 0.00117580828833
2638.9410162 0.000237436695002
2641.14564529 6.36462613847e-05
2643.35027437 0.000654743561911
2645.55490346 0.00128521159317
2647.75953255 0.00161077510919
2649.96416163 0.0019180852483
2652.16879072 0.0023044828664
2654.3734198 0.00236199235996
2656.57804889 0.00194902012386
2658.78267798 0.00146133615117
2660.98730706 0.00119401998948
2663.19193615 0.00104619025527
2665.39656524 0.00078058734222
2667.60119432 0.000493206290234
2669.80582341 0.000535074456866
2672.01045249 0.000842707229112
2674.21508158 0.00102793992754
2676.41971067 0.000928410524968
2678.62433975 0.00056864454996
2680.82896884 0.000172003911351
2683.03359793 0.000126160383643
2685.23822701 0.000486170199336
2687.4428561 0.000922164309463
2689.64748518 0.00102805278679
2691.85211427 0.000736513386536
2694.05674336 0.000643242154733
2696.26137244 0.00120139965683
2698.46600153 0.00194942973897
2700.67063062 0.00224023246685
2702.8752597 0.00194700020015
2705.07988879 0.00139614699765
2707.28451787 0.00111852914033
2709.48914696 0.00127927470698
2711.69377605 0.00169788527999
2713.89840513 0.00236306973841
2716.10303422 0.00310614154308
2718.3076633 0.00342307249063
2720.51229239 0.00320564913163
2722.71692148 0.00282422701175
2724.92155056 0.00242238205663
2727.12617965 0.00203500514873
2729.33080874 0.00182376654641
2731.53543782 0.00173551119154
2733.74006691 0.00192622454357
2735.94469599 0.00289338871656
2738.14932508 0.00423218235538
2740.35395417 0.00466500690064
2742.55858325 0.00399015398855
2744.76321234 0.00348446118178
2746.96784143 0.00384322110948
2749.17247051 0.00406638769441
2751.3770996 0.00323672425857
2753.58172868 0.00209129928566
2755.78635777 0.00159116105662
2757.99098686 0.00153800002109
2760.19561594 0.00151630743728
2762.40024503 0.00178179787428
2764.60487412 0.00250352645393
2766.8095032 0.00294918725124
2769.01413229 0.00269598476624
2771.21876137 0.00268007067264
2773.42339046 0.00349473177748
2775.62801955 0.0041738153343
2777.83264863 0.00388553718586
2780.03727772 0.00323446120366
2782.24190681 0.00305599529591
2784.44653589 0.00316104498564
2786.65116498 0.00313263436915
2788.85579406 0.00320883168155
2791.06042315 0.0034878029667
2793.26505224 0.00357284963652
2795.46968132 0.00328910430932
2797.67431041 0.00289747828128
2799.87893949 0.00277506048625
2802.08356858 0.0030712744682
2804.28819767 0.00363665974385
2806.49282675 0.0041541530654
2808.69745584 0.00434947603272
2810.90208493 0.00420641107275
2813.10671401 0.00386048981914
2815.3113431 0.00348534370674
2817.51597218 0.00336044379418
2819.72060127 0.00360093203554
2821.92523036 0.00396318875874
2824.12985944 0.00423400056426
2826.33448853 0.0044853261096
2828.53911762 0.0047341765586
2830.7437467 0.00451055006455
2832.94837579 0.00351079390618
2835.15300487 0.00274250359702
2837.35763396 0.00369861615063
2839.56226305 0.00607901976839
2841.76689213 0.00785546906681
2843.97152122 0.00807806849526
2846.17615031 0.00770559672062
2848.38077939 0.00751422739688
2850.58540848 0.00719737829687
2852.79003756 0.00655667005128
2854.99466665 0.00609867071156
2857.19929574 0.00608751026297
2859.40392482 0.00605460379364
2861.60855391 0.00576309893873
2863.813183 0.00547623110948
2866.01781208 0.00534925405759
2868.22244117 0.00546119352436
2870.42707025 0.00561875018724
2872.63169934 0.00551406768678
2874.83632843 0.00561657475997
2877.04095751 0.00642582070445
2879.2455866 0.00727727041832
2881.45021568 0.00730986826759
2883.65484477 0.00660616115733
2885.85947386 0.00598607658547
2888.06410294 0.00624725645701
2890.26873203 0.0071024289594
2892.47336112 0.00747879158737
2894.6779902 0.00710565682334
2896.88261929 0.00671983716928
2899.08724837 0.00708539495195
2901.29187746 0.00788966476112
2903.49650655 0.00796513798052
2905.70113563 0.0073866075752
2907.90576472 0.00728871191917
2910.11039381 0.00776381251783
2912.31502289 0.00827552064482
2914.51965198 0.00862841570093
2916.72428106 0.00865904430522
2918.92891015 0.00819378334645
2921.13353924 0.00754067177439
2923.33816832 0.00764178572824
2925.54279741 0.00890620261559
2927.7474265 0.0103878057608
2929.95205558 0.0113179669887
2932.15668467 0.0119326240858
2934.36131375 0.0119765433596
2936.56594284 0.0110459094979
2938.77057193 0.00991578245127
2940.97520101 0.00921299149834
2943.1798301 0.00879019956275
2945.38445919 0.00866225136989
2947.58908827 0.00863761332071
2949.79371736 0.00849591584754
2951.99834644 0.0086536394433
2954.20297553 0.00909886290416
2956.40760462 0.00934773313151
2958.6122337 0.00945103805174
2960.81686279 0.00933927212033
2963.02149187 0.00918942518839
2965.22612096 0.00979292668987
2967.43075005 0.010806412689
2969.63537913 0.0112330220456
2971.84000822 0.0113376509839
2974.04463731 0.0117673800427
2976.24926639 0.0119981639368
2978.45389548 0.0110454989106
2980.65852456 0.00912230480966
2982.86315365 0.00793945161749
2985.06778274 0.00893378562181
2987.27241182 0.0112206087816
2989.47704091 0.0124217338976
2991.68167 0.0117024046076
2993.88629908 0.0101997138361
2996.09092817 0.00872456040964
2998.29555725 0.00737246632157
3000.50018634 0.00657454058268
3002.70481543 0.00680106465199
3004.90944451 0.0081097119882
3007.1140736 0.0100351272643
3009.31870269 0.0113028899817
3011.52333177 0.0109146457075
3013.72796086 0.0098051655722
3015.93258994 0.00967170686559
3018.13721903 0.0104982111256
3020.34184812 0.0109631531355
3022.5464772 0.0103499921319
3024.75110629 0.00904123160787
3026.95573538 0.00795177996196
3029.16036446 0.00803311843807
3031.36499355 0.00947278989511
3033.56962263 0.0110634057308
3035.77425172 0.0113735917191
3037.97888081 0.0105161687565
3040.18350989 0.00991631480891
3042.38813898 0.0104524138932
3044.59276806 0.0117997070816
3046.79739715 0.0133050853531
3049.00202624 0.0145254563114
3051.20665532 0.0154024947827
3053.41128441 0.0156526102385
3055.6159135 0.0147664803451
3057.82054258 0.013385846607
3060.02517167 0.012819437622
3062.22980075 0.013315575722
3064.43442984 0.0140769350423
3066.63905893 0.0143211892322
3068.84368801 0.0139748320348
3071.0483171 0.0134474221933
3073.25294619 0.0128422780383
3075.45757527 0.0117714447361
3077.66220436 0.010194114998
3079.86683344 0.00906096277058
3082.07146253 0.00941062616521
3084.27609162 0.0109609970277
3086.4807207 0.0123282256206
3088.68534979 0.0125801066979
3090.88997888 0.0121652504372
3093.09460796 0.0124601663987
3095.29923705 0.014239928181
3097.50386613 0.0161117541472
3099.70849522 0.0160841167588
3101.91312431 0.0150396723769
3104.11775339 0.0153028278581
3106.32238248 0.0166533806541
3108.52701157 0.0177629074068
3110.73164065 0.0188758364828
3112.93626974 0.0198736189828
3115.14089882 0.0195873668286
3117.34552791 0.0184161275531
3119.550157 0.0179037182995
3121.75478608 0.0185706832869
3123.95941517 0.0199849872168
3126.16404425 0.0212201539131
3128.36867334 0.0215887197394
3130.57330243 0.021435805823
3132.77793151 0.0212050289797
3134.9825606 0.0204830427032
3137.18718969 0.0192844446688
3139.39181877 0.0186877113256
3141.59644786 0.0193038675325
3143.80107694 0.0209375326956
3146.00570603 0.0224991382515
3148.21033512 0.0223267756734
3150.4149642 0.0208825864256
3152.61959329 0.0207628916728
3154.82422238 0.0225207884681
3157.02885146 0.0232920739487
3159.23348055 0.021030595535
3161.43810963 0.0176598244686
3163.64273872 0.0160002268864
3165.84736781 0.0160942100035
3168.05199689 0.0165548530492
3170.25662598 0.017037764901
3172.46125507 0.0182012897347
3174.66588415 0.0202294584537
3176.87051324 0.0224454129028
3179.07514232 0.0242873111851
3181.27977141 0.0248380560372
3183.4844005 0.0238855069932
3185.68902958 0.0242083336849
3187.89365867 0.0276864684507
3190.09828776 0.0320406112582
3192.30291684 0.0341592622443
3194.50754593 0.0323026130706
3196.71217501 0.0273037152315
3198.9168041 0.0233651301811
3201.12143319 0.0234392529994
3203.32606227 0.0261306678926
3205.53069136 0.0292616274232
3207.73532044 0.0319504973858
3209.93994953 0.0332355001387
3212.14457862 0.0321169182744
3214.3492077 0.0296385543188
3216.55383679 0.0279263085548
3218.75846588 0.0261107448221
3220.96309496 0.0222396145566
3223.16772405 0.0187978346521
3225.37235313 0.0216697166356
3227.57698222 0.0323028352499
3229.78161131 0.0429793949114
3231.98624039 0.0457582491889
3234.19086948 0.0428623096374
3236.39549857 0.0405890444627
3238.60012765 0.0392706096372
3240.80475674 0.0360301951342
3243.00938582 0.0315205101761
3245.21401491 0.0289219532649
3247.418644 0.0302168466354
3249.62327308 0.0357200361871
3251.82790217 0.0435666499896
3254.03253126 0.0492000053269
3256.23716034 0.0494347014986
3258.44178943 0.0468884946323
3260.64641851 0.0454175075897
3262.8510476 0.0437560137247
3265.05567669 0.0401909207381
3267.26030577 0.0372664338478
3269.46493486 0.0364106643788
3271.66956395 0.0380142958421
3273.87419303 0.0453611515412
3276.07882212 0.0570797832887
3278.2834512 0.0641062504775
3280.48808029 0.0619107952246
3282.69270938 0.0548097502342
3284.89733846 0.0474253928972
3287.10196755 0.041033915126
3289.30659663 0.036472720955
3291.51122572 0.0353227651777
3293.71585481 0.0397048791013
3295.92048389 0.0504464999561
3298.12511298 0.0636557900949
3300.32974207 0.0715948570297
3302.53437115 0.0705617806984
3304.73900024 0.0651120060242
3306.94362932 0.0603903318855
3309.14825841 0.0553286760904
3311.3528875 0.0480005827982
3313.55751658 0.0416108501584
3315.76214567 0.0406834136699
3317.96677476 0.0487204889812
3320.17140384 0.0669150385529
3322.37603293 0.0870584457119
3324.58066201 0.0955036615759
3326.7852911 0.0880292239976
3328.98992019 0.0729882371484
3331.19454927 0.0605541354206
3333.39917836 0.0531504995467
3335.60380745 0.047449722317
3337.80843653 0.042890214455
3340.01306562 0.0455758215786
3342.2176947 0.0631974604228
3344.42232379 0.0913002792188
3346.62695288 0.109236255205
3348.83158196 0.104197736089
3351.03621105 0.0868424679495
3353.24084014 0.071638219635
3355.44546922 0.0615414267751
3357.65009831 0.0550506791727
3359.85472739 0.051293948287
3362.05935648 0.0508762347698
3364.26398557 0.0581956364914
3366.46861465 0.0766288197795
3368.67324374 0.0983777612255
3370.87787282 0.108678909799
3373.08250191 0.102587476777
3375.287131 0.0875540940494
3377.49176008 0.0736054818265
3379.69638917 0.0678095141032
3381.90101826 0.0700078988291
3384.10564734 0.0736224358525
3386.31027643 0.0778049037883
3388.51490551 0.0905750808848
3390.7195346 0.110252937186
3392.92416369 0.119346921069
3395.12879277 0.111761011253
3397.33342186 0.102717737931
3399.53805095 0.0973237870656
3401.74268003 0.0847380820078
3403.94730912 0.0673904708556
3406.1519382 0.0595628278764
3408.35656729 0.0684660234025
3410.56119638 0.0966153119769
3412.76582546 0.134776949352
3414.97045455 0.153430691422
3417.17508364 0.135947600395
3419.37971272 0.10422170567
3421.58434181 0.0869712028937
3423.78897089 0.0844351151912
3425.99359998 0.0812985116219
3428.19822907 0.0726914781583
3430.40285815 0.068472179351
3432.60748724 0.0863350482005
3434.81211633 0.131213063703
3437.01674541 0.172249373411
3439.2213745 0.17032128564
3441.42600358 0.13207085976
3443.63063267 0.0951215468786
3445.83526176 0.0764273127642
3448.03989084 0.0711235240472
3450.24451993 0.0727360774459
3452.44914901 0.0801768093946
3454.6537781 0.0996302221751
3456.85840719 0.132810474724
3459.06303627 0.161067135827
3461.26766536 0.160885825571
3463.47229445 0.136264447319
3465.67692353 0.108902176602
3467.88155262 0.0898917735068
3470.0861817 0.0798346113406
3472.29081079 0.0761146700245
3474.49543988 0.0766462954595
3476.70006896 0.0844431327937
3478.90469805 0.100629839519
3481.10932714 0.114240471922
3483.31395622 0.114537783852
3485.51858531 0.106850243455
3487.72321439 0.0999943247707
3489.92784348 0.093911282926
3492.13247257 0.0854084504058
3494.33710165 0.0764437048944
3496.54173074 0.0752212373796
3498.74635983 0.0861288402784
3500.95098891 0.100229298488
3503.155618 0.104290650868
3505.36024708 0.0983116070823
3507.56487617 0.0904205045688
3509.76950526 0.0835067974721
3511.97413434 0.0796302254919
3514.17876343 0.0789267072868
3516.38339252 0.0776659373837
3518.5880216 0.0751619721351
3520.79265069 0.0745844904758
3522.99727977 0.0785058295925
3525.20190886 0.0833430672768
3527.40653795 0.0807947058606
3529.61116703 0.0730024130527
3531.81579612 0.0705098778883
3534.0204252 0.0750522093488
3536.22505429 0.0817367220507
3538.42968338 0.0861699697886
3540.63431246 0.0853294950696
3542.83894155 0.0805512595392
3545.04357064 0.0780194887904
3547.24819972 0.0804765025991
3549.45282881 0.0824871245774
3551.65745789 0.0806891416007
3553.86208698 0.0775724699614
3556.06671607 0.0749273993736
3558.27134515 0.0712978333894
3560.47597424 0.0654962787185
3562.68060333 0.058753915356
3564.88523241 0.0537647797112
3567.0898615 0.054482406835
3569.29449058 0.0612386763639
3571.49911967 0.0664537156092
3573.70374876 0.067082661639
3575.90837784 0.0661296473056
3578.11300693 0.0658384610145
3580.31763602 0.0644928575562
3582.5222651 0.0597901119528
3584.72689419 0.0519171337875
3586.93152327 0.0450686015579
3589.13615236 0.0451593327167
3591.34078145 0.0487391647983
3593.54541053 0.0496671310589
3595.75003962 0.0484424299914
3597.95466871 0.0466061211057
3600.15929779 0.0445602735395
3602.36392688 0.0446589603284
3604.56855596 0.0464331650084
3606.77318505 0.0467400623033
3608.97781414 0.0461507902289
3611.18244322 0.0464128366821
3613.38707231 0.0453459801274
3615.59170139 0.0412736093308
3617.79633048 0.0351292861417
3620.00095957 0.0313045650621
3622.20558865 0.03365626715
3624.41021774 0.0384357281725
3626.61484683 0.0406417389382
3628.81947591 0.0403105978052
3631.024105 0.0460752268222
3633.22873408 0.0600787745957
3635.43336317 0.0713566256626
3637.63799226 0.072258505785
3639.84262134 0.0668152634656
3642.04725043 0.0621727975565
3644.25187952 0.0579528533505
3646.4565086 0.0503053816317
3648.66113769 0.0453618807062
3650.86576677 0.0593095608096
3653.07039586 0.0782987237418
3655.27502495 0.0860414427086
3657.47965403 0.0861783918126
3659.68428312 0.090246117319
3661.88891221 0.10031970645
3664.09354129 0.107450169713
3666.29817038 0.102233308255
3668.50279946 0.0816544663574
3670.70742855 0.0557629872099
3672.91205764 0.0412760496116
3675.11668672 0.038950380102
3677.32131581 0.0467388320263
3679.5259449 0.0628598569211
3681.73057398 0.078376593457
3683.93520307 0.0849363494238
3686.13983215 0.0772608564795
3688.34446124 0.0556539787929
3690.54909033 0.0384698180552
3692.75371941 0.0457415584891
3694.9583485 0.0656055079803
3697.16297758 0.0817554896271
3699.36760667 0.0841944391108
3701.57223576 0.0707703172337
3703.77686484 0.0532888623514
3705.98149393 0.0427844286519
3708.18612302 0.0365795556544
3710.3907521 0.0320939264269
3712.59538119 0.0347302105693
3714.80001027 0.0411546721362
3717.00463936 0.0423773297471
3719.20926845 0.0370808055957
3721.41389753 0.0294539738736
3723.61852662 0.0252736777934
3725.82315571 0.0258126764782
3728.02778479 0.0268204496127
3730.23241388 0.0239300560101
3732.43704296 0.0164446867834
3734.64167205 0.00869077309828
3736.84630114 0.00652106264489
3739.05093022 0.00827328630006
3741.25555931 0.0109355802616
3743.4601884 0.0127049293058
3745.66481748 0.0116747513645
3747.86944657 0.00929157632848
3750.07407565 0.0100976970152
3752.27870474 0.016823498526
3754.48333383 0.0252711680072
3756.68796291 0.0310596254524
3758.892592 0.0335257311792
3761.09722109 0.0343249714938
3763.30185017 0.0341895123238
3765.50647926 0.031907361499
3767.71110834 0.0279572065534
3769.91573743 0.0249705920284
3772.12036652 0.0247195295945
3774.3249956 0.0257413339524
3776.52962469 0.0249450751014
3778.73425377 0.021550356265
3780.93888286 0.0187043109769
3783.14351195 0.0189375319
3785.34814103 0.0209240766865
3787.55277012 0.0218299203327
3789.75739921 0.0203033074626
3791.96202829 0.0181123512177
3794.16665738 0.0168358358515
3796.37128646 0.0148523326544
3798.57591555 0.0103623503699
3800.78054464 0.00615264819918
3802.98517372 0.00643944716022
3805.18980281 0.00989837218503
3807.3944319 0.0134081780211
3809.59906098 0.0158303448871
3811.80369007 0.0166976588233
3814.00831915 0.0150942642783
3816.21294824 0.0105840447914
3818.41757733 0.00570932488371
3820.62220641 0.00392807132737
3822.8268355 0.00481222525983
3825.03146459 0.0053179066205
3827.23609367 0.00455276084632
3829.44072276 0.00486162640993
3831.64535184 0.00867722905322
3833.84998093 0.0136390032575
3836.05461002 0.0141907688386
3838.2592391 0.011036127994
3840.46386819 0.0119109525643
3842.66849728 0.0170205152523
3844.87312636 0.0221461152917
3847.07775545 0.0268115160425
3849.28238453 0.0304907578853
3851.48701362 0.0304852396937
3853.69164271 0.0230972472478
3855.89627179 0.015662109558
3858.10090088 0.0142004989868
3860.30552996 0.0140968094046
3862.51015905 0.0126631808211
3864.71478814 0.0103888997087
3866.91941722 0.00985470953665
3869.12404631 0.0114872397514
3871.3286754 0.0137448808845
3873.53330448 0.0169267973613
3875.73793357 0.0220224875669
3877.94256265 0.0265534672649
3880.14719174 0.0263955440772
3882.35182083 0.0215224881128
3884.55644991 0.0173443886769
3886.761079 0.01610898292
3888.96570809 0.0163329054235
3891.17033717 0.0193954604514
3893.37496626 0.0268157125667
3895.57959534 0.0333080188596
3897.78422443 0.0330417592265
3899.98885352 0.0264515666861
3902.1934826 0.0199117415506
3904.39811169 0.0201801794254
3906.60274078 0.0276728226064
3908.80736986 0.0380586828976
3911.01199895 0.0467005914677
3913.21662803 0.0493171724791
3915.42125712 0.0446429457604
3917.62588621 0.0374772608383
3919.83051529 0.0353021158969
3922.03514438 0.0407443238416
3924.23977347 0.0493857703669
3926.44440255 0.0530064252851
3928.64903164 0.047834696748
3930.85366072 0.0390256442241
3933.05828981 0.0345945020335
3935.2629189 0.0375228885818
3937.46754798 0.0449215758543
3939.67217707 0.0511303793185
3941.87680615 0.0494805054581
3944.08143524 0.0402003518522
3946.28606433 0.0319158449268
3948.49069341 0.0301266544152
3950.6953225 0.0361675763121
3952.89995159 0.0486963646253
3955.10458067 0.0606262010114
3957.30920976 0.0650637579656
3959.51383884 0.0627882596824
3961.71846793 0.0583156668332
3963.92309702 0.053439423367
3966.1277261 0.0489107801222
3968.33235519 0.0453311083867
3970.53698428 0.0439308580209
3972.74161336 0.0480389858413
3974.94624245 0.0569004561674
3977.15087153 0.0629860149672
3979.35550062 0.0623944495729
3981.56012971 0.0563995484789
3983.76475879 0.0482701243616
3985.96938788 0.0467014402168
3988.17401697 0.0573890861068
3990.37864605 0.0707286016877
3992.58327514 0.0723796007704
3994.78790422 0.0619338755343
3996.99253331 0.0515746471855
3999.1971624 0.0522665032423
4001.40179148 0.0638442867686
