% time inp1 sine1 sum3 pulse1 sum1 sum2 lim1 filt1 ingr1 sum4 sum5 
0 0.502 0 0.502 0 0.502 0.502 0.502 0.00741872 3.70936e-05 0.502 -2 
0.01 0.504 0 0.504 0 0.504 0.503926 0.503926 0.0220653 0.000184514 0.504 -2 
0.02 0.506 0 0.506 0 0.506 0.505631 0.505631 0.0363327 0.000476504 0.506 -2 
0.03 0.508 0 0.508 0 0.508 0.507047 0.507047 0.0502245 0.000909291 0.508 -2 
0.04 0.51 0 0.51 0 0.51 0.508181 0.508181 0.0637434 0.00147913 0.51 -2 
0.05 0.512 0 0.512 0 0.512 0.509042 0.509042 0.0768923 0.00218231 0.512 -2 
0.06 0.514 0 0.514 0 0.514 0.509635 0.509635 0.0896739 0.00301514 0.514 -2 
0.07 0.516 0 0.516 0 0.516 0.50997 0.50997 0.102092 0.00397397 0.516 -2 
0.08 0.518 0 0.518 0 0.518 0.510052 0.510052 0.114148 0.00505517 0.518 -2 
0.09 0.52 0 0.52 0 0.52 0.50989 0.50989 0.125847 0.00625514 0.52 -2 
0.1 0.522 0 0.522 0 0.522 0.50949 0.50949 0.137193 0.00757034 0.522 -2 
0.11 0.524 0 0.524 0 0.524 0.508859 0.508859 0.148187 0.00899724 0.524 -2 
0.12 0.526 0 0.526 0 0.526 0.508006 0.508006 0.158835 0.0105324 0.526 -2 
0.13 0.528 0 0.528 0 0.528 0.506935 0.506935 0.169139 0.0121722 0.528 -2 
0.14 0.53 0 0.53 0 0.53 0.505656 0.505656 0.179104 0.0139134 0.53 -2 
0.15 0.532 0 0.532 0 0.532 0.504173 0.504173 0.188734 0.0157526 0.532 -2 
0.16 0.534 0 0.534 0 0.534 0.502495 0.502495 0.198033 0.0176865 0.534 -2 
0.17 0.536 0 0.536 0 0.536 0.500627 0.500627 0.207004 0.0197117 0.536 -2 
0.18 0.538 0 0.538 0 0.538 0.498577 0.498577 0.215652 0.0218249 0.538 -2 
0.19 0.54 0 0.54 0 0.54 0.49635 0.49635 0.223982 0.0240231 0.54 -2 
0.2 0.542 0 0.542 0 0.542 0.493954 0.493954 0.231997 0.026303 0.542 -2 
0.21 0.544 0 0.544 0 0.544 0.491394 0.491394 0.239701 0.0286615 0.544 -2 
0.22 0.546 0 0.546 0 0.546 0.488677 0.488677 0.2471 0.0310955 0.546 -2 
0.23 0.548 0 0.548 0 0.548 0.485809 0.485809 0.254198 0.033602 0.548 -2 
0.24 0.55 0 0.55 0 0.55 0.482796 0.482796 0.260999 0.036178 0.55 -2 
0.25 0.552 0 0.552 0 0.552 0.479644 0.479644 0.267508 0.0388205 0.552 -2 
0.26 0.554 0 0.554 0 0.554 0.476359 0.476359 0.27373 0.0415267 0.554 -2 
0.27 0.556 0 0.556 0 0.556 0.472947 0.472947 0.279668 0.0442937 0.556 -2 
0.28 0.558 0 0.558 0 0.558 0.469413 0.469413 0.285329 0.0471187 0.558 -2 
0.29 0.56 0 0.56 0 0.56 0.465763 0.465763 0.290716 0.0499989 0.56 -2 
0.3 0.562 0 0.562 0 0.562 0.462002 0.462002 0.295834 0.0529316 0.562 -2 
0.31 0.564 0 0.564 0 0.564 0.458137 0.458137 0.300688 0.0559143 0.564 -2 
0.32 0.566 0 0.566 0 0.566 0.454171 0.454171 0.305283 0.0589441 0.566 -2 
0.33 0.568 0 0.568 0 0.568 0.450112 0.450112 0.309624 0.0620187 0.568 -2 
0.34 0.57 0 0.57 0 0.57 0.445963 0.445963 0.313715 0.0651353 0.57 -2 
0.35 0.572 0 0.572 0 0.572 0.441729 0.441729 0.317561 0.0682917 0.572 -2 
0.36 0.574 0 0.574 0 0.574 0.437417 0.437417 0.321167 0.0714854 0.574 -2 
0.37 0.576 0 0.576 0 0.576 0.433029 0.433029 0.324539 0.0747139 0.576 -2 
0.38 0.578 0 0.578 0 0.578 0.428572 0.428572 0.327679 0.077975 0.578 -2 
0.39 0.58 0 0.58 0 0.58 0.42405 0.42405 0.330595 0.0812664 0.58 -2 
0.4 0.582 0 0.582 0 0.582 0.419467 0.419467 0.333289 0.0845858 0.582 -2 
0.41 0.584 0 0.584 0 0.584 0.414828 0.414828 0.335768 0.0879311 0.584 -2 
0.42 0.586 0 0.586 0 0.586 0.410138 0.410138 0.338035 0.0913001 0.586 -2 
0.43 0.588 0 0.588 0 0.588 0.4054 0.4054 0.340096 0.0946907 0.588 -2 
0.44 0.59 0 0.59 0 0.59 0.400619 0.400619 0.341956 0.098101 0.59 -2 
0.45 0.592 0 0.592 0 0.592 0.395798 0.395798 0.343618 0.101529 0.592 -2 
0.46 0.594 0 0.594 0 0.594 0.390942 0.390942 0.345089 0.104972 0.594 -2 
0.47 0.596 0 0.596 0 0.596 0.386055 0.386055 0.346372 0.10843 0.596 -2 
0.48 0.598 0 0.598 0 0.598 0.381141 0.381141 0.347472 0.111899 0.598 -2 
0.49 0.6 0 0.6 0 0.6 0.376202 0.376202 0.348394 0.115378 0.6 -2 
0.5 0.602 0 0.602 0 0.602 0.371244 0.371244 0.349143 0.118866 0.602 -2 
0.51 0.604 0 0.604 0 0.604 0.366268 0.366268 0.349723 0.12236 0.604 -2 
0.52 0.606 0 0.606 0 0.606 0.361279 0.361279 0.350138 0.12586 0.606 -2 
0.53 0.608 0 0.608 0 0.608 0.356281 0.356281 0.350393 0.129362 0.608 -2 
0.54 0.61 0 0.61 0 0.61 0.351276 0.351276 0.350493 0.132867 0.61 -2 
0.55 0.612 0 0.612 0 0.612 0.346267 0.346267 0.350442 0.136371 0.612 -2 
0.56 0.614 0 0.614 0 0.614 0.341257 0.341257 0.350245 0.139875 0.614 -2 
0.57 0.616 0 0.616 0 0.616 0.33625 0.33625 0.349905 0.143376 0.616 -2 
0.58 0.618 0 0.618 0 0.618 0.331249 0.331249 0.349428 0.146872 0.618 -2 
0.59 0.62 0 0.62 0 0.62 0.326256 0.326256 0.348817 0.150363 0.62 -2 
0.6 0.622 0 0.622 0 0.622 0.321273 0.321273 0.348076 0.153848 0.622 -2 
0.61 0.624 0 0.624 0 0.624 0.316304 0.316304 0.347211 0.157324 0.624 -2 
0.62 0.626 0 0.626 0 0.626 0.311351 0.311351 0.346224 0.160791 0.626 -2 
0.63 0.628 0 0.628 0 0.628 0.306417 0.306417 0.34512 0.164248 0.628 -2 
0.64 0.63 0 0.63 0 0.63 0.301504 0.301504 0.343904 0.167693 0.63 -2 
0.65 0.632 0 0.632 0 0.632 0.296613 0.296613 0.342578 0.171126 0.632 -2 
0.66 0.634 0 0.634 0 0.634 0.291749 0.291749 0.341148 0.174544 0.634 -2 
0.67 0.636 0 0.636 0 0.636 0.286911 0.286911 0.339616 0.177948 0.636 -2 
0.68 0.638 0 0.638 0 0.638 0.282104 0.282104 0.337987 0.181336 0.638 -2 
0.69 0.64 0 0.64 0 0.64 0.277328 0.277328 0.336265 0.184707 0.64 -2 
0.7 0.642 0 0.642 0 0.642 0.272585 0.272585 0.334453 0.188061 0.642 -2 
0.71 0.644 0 0.644 0 0.644 0.267878 0.267878 0.332555 0.191396 0.644 -2 
0.72 0.646 0 0.646 0 0.646 0.263208 0.263208 0.330574 0.194712 0.646 -2 
0.73 0.648 0 0.648 0 0.648 0.258577 0.258577 0.328515 0.198007 0.648 -2 
0.74 0.65 0 0.65 0 0.65 0.253986 0.253986 0.32638 0.201282 0.65 -2 
0.75 0.652 0 0.652 0 0.652 0.249437 0.249437 0.324173 0.204534 0.652 -2 
0.76 0.654 0 0.654 0 0.654 0.244931 0.244931 0.321897 0.207765 0.654 -2 
0.77 0.656 0 0.656 0 0.656 0.24047 0.24047 0.319556 0.210972 0.656 -2 
0.78 0.658 0 0.658 0 0.658 0.236056 0.236056 0.317154 0.214156 0.658 -2 
0.79 0.66 0 0.66 0 0.66 0.231689 0.231689 0.314692 0.217315 0.66 -2 
0.8 0.662 0 0.662 0 0.662 0.22737 0.22737 0.312175 0.220449 0.662 -2 
0.81 0.664 0 0.664 0 0.664 0.223102 0.223102 0.309605 0.223558 0.664 -2 
0.82 0.666 0 0.666 0 0.666 0.218884 0.218884 0.306986 0.226641 0.666 -2 
0.83 0.668 0 0.668 0 0.668 0.214718 0.214718 0.304321 0.229698 0.668 -2 
0.84 0.67 0 0.67 0 0.67 0.210605 0.210605 0.301612 0.232727 0.67 -2 
0.85 0.672 0 0.672 0 0.672 0.206546 0.206546 0.298862 0.23573 0.672 -2 
0.86 0.674 0 0.674 0 0.674 0.202541 0.202541 0.296074 0.238704 0.674 -2 
0.87 0.676 0 0.676 0 0.676 0.198591 0.198591 0.293251 0.241651 0.676 -2 
0.88 0.678 0 0.678 0 0.678 0.194698 0.194698 0.290396 0.244569 0.678 -2 
0.89 0.68 0 0.68 0 0.68 0.190862 0.190862 0.287511 0.247459 0.68 -2 
0.9 0.682 0 0.682 0 0.682 0.187083 0.187083 0.284598 0.250319 0.682 -2 
0.91 0.684 0 0.684 0 0.684 0.183362 0.183362 0.281661 0.25315 0.684 -2 
0.92 0.686 0 0.686 0 0.686 0.179699 0.179699 0.278701 0.255952 0.686 -2 
0.93 0.688 0 0.688 0 0.688 0.176095 0.176095 0.275722 0.258724 0.688 -2 
0.94 0.69 0 0.69 0 0.69 0.172551 0.172551 0.272725 0.261467 0.69 -2 
0.95 0.692 0 0.692 0 0.692 0.169067 0.169067 0.269713 0.264179 0.692 -2 
0.96 0.694 0 0.694 0 0.694 0.165642 0.165642 0.266687 0.266861 0.694 -2 
0.97 0.696 0 0.696 0 0.696 0.162278 0.162278 0.263651 0.269513 0.696 -2 
0.98 0.698 0 0.698 0 0.698 0.158975 0.158975 0.260606 0.272134 0.698 -2 
0.99 0.7 0 0.7 0 0.7 0.155732 0.155732 0.257554 0.274725 0.7 -2 
1 0.702 0 0.702 2 2.702 2.15255 2 0.2818 0.277421 0.702 -2 