#  wavelength [um]       absorption coefficient [m-1]
5.593475533249686604e-01 5.663921257828945294e+06
5.613550815558343565e-01 5.663921257828945294e+06
5.633626097867001636e-01 5.663921257828945294e+06
5.653701380175659708e-01 5.583194956669509411e+06
5.673776662484315558e-01 5.425177664444424212e+06
5.693851944792973629e-01 5.347854109605436213e+06
5.713927227101631701e-01 5.196497506052631885e+06
5.734002509410288662e-01 5.122433266182061285e+06
5.754077791718945623e-01 5.049424643411512487e+06
5.774153074027603694e-01 4.977456592322792858e+06
5.794228356336261765e-01 4.836583092652646825e+06
5.814303638644918726e-01 4.767648613243980333e+06
5.834378920953575687e-01 4.699696637880072929e+06
5.854454203262233758e-01 4.566684385440263897e+06
5.874529485570891829e-01 4.501596697561556473e+06
5.894604767879547680e-01 4.437436686473236419e+06
5.914680050188205751e-01 4.374191130254914053e+06
5.934755332496863822e-01 4.250391434302647598e+06
5.954830614805520783e-01 4.189811782264454290e+06
5.974905897114177744e-01 4.130095555230238475e+06
5.994981179422835815e-01 4.013204326940111350e+06
6.015056461731493886e-01 3.956005237058148254e+06
6.035131744040149737e-01 3.899621389963939786e+06
6.055207026348807808e-01 3.789253112028557807e+06
6.075282308657465880e-01 3.735245936793172732e+06
6.095357590966123951e-01 3.629529863235373516e+06
6.115432873274780912e-01 3.577799179232358932e+06
6.135508155583437873e-01 3.476539211988672614e+06
6.155583437892095944e-01 3.426989061369671486e+06
6.175658720200752905e-01 3.378145135325356387e+06
6.195734002509409866e-01 3.282535837930181064e+06
6.215809284818067937e-01 3.235750763675641268e+06
6.235884567126726008e-01 3.189632504128106404e+06
6.255959849435381859e-01 3.144171555362220854e+06
6.276035131744039930e-01 3.099358548909444828e+06
6.296110414052698001e-01 3.055184249827426393e+06
6.316185696361356072e-01 3.011639554796889890e+06
6.336260978670013033e-01 2.926403210499350913e+06
6.356336260978669994e-01 2.884693995958599262e+06
6.376411543287328065e-01 2.843579251302026678e+06
6.396486825595985026e-01 2.803050503714996390e+06
6.416562107904641987e-01 2.763099401143569965e+06
6.436637390213300058e-01 2.723717710573303513e+06
6.456712672521958130e-01 2.646630218420416117e+06
6.476787954830613980e-01 2.608908530857302714e+06
6.496863237139272051e-01 2.571724480060639791e+06
6.516938519447930123e-01 2.535070403242480475e+06
6.537013801756588194e-01 2.498938746830475517e+06
6.557089084065245155e-01 2.463322064911251888e+06
6.577164366373902116e-01 2.393604370007799473e+06
6.597239648682560187e-01 2.359488989790833090e+06
6.617314930991217148e-01 2.325859846640414558e+06
6.637390213299874109e-01 2.292710010354289319e+06
6.657465495608532180e-01 2.260032649504452012e+06
6.677540777917190251e-01 2.196068513846181799e+06
6.697616060225846102e-01 2.164768557482830714e+06
6.717691342534504173e-01 2.133914710729526356e+06
6.737766624843162244e-01 2.103500615309535060e+06
6.757841907151820315e-01 2.043966697184761055e+06
6.777917189460477276e-01 2.014834605892227264e+06
6.797992471769134237e-01 1.986117726229239954e+06
6.818067754077792308e-01 1.957810140299428953e+06
6.838143036386449269e-01 1.929906014552562265e+06
6.858218318695106230e-01 1.902399598582384177e+06
6.878293601003764302e-01 1.875285223941586446e+06
6.898368883312422373e-01 1.848557302973670885e+06
6.918444165621078223e-01 1.822210327661455842e+06
6.938519447929736295e-01 1.796238868492014939e+06
6.958594730238394366e-01 1.745401166353475768e+06
6.978670012547052437e-01 1.720524446889142971e+06
6.998745294855709398e-01 1.696002288418139797e+06
7.018820577164366359e-01 1.671829637480824953e+06
7.038895859473024430e-01 1.648001512643107679e+06
7.058971141781682501e-01 1.624513003469901392e+06
7.079046424090338352e-01 1.601359269513190258e+06
7.099121706398996423e-01 1.578535539314524503e+06
7.119196988707654494e-01 1.533859343419631477e+06
7.139272271016310345e-01 1.511997670974599663e+06
7.159347553324968416e-01 1.490447586892702151e+06
7.179422835633626487e-01 1.469204650191284716e+06
7.199498117942284559e-01 1.448264483183799079e+06
7.219573400250942630e-01 1.407275258584882366e+06
7.239648682559598480e-01 1.387217754045652226e+06
7.259723964868256552e-01 1.367446123564025853e+06
7.279799247176914623e-01 1.347956292656234233e+06
7.299874529485570473e-01 1.328744244910988025e+06
7.319949811794228545e-01 1.309806021161799086e+06
7.340025094102886616e-01 1.272735490325891646e+06
7.360100376411542467e-01 1.254595543845114997e+06
7.380175658720200538e-01 1.236714140997973504e+06
7.400250941028858609e-01 1.219087596833656542e+06
7.420326223337516680e-01 1.201712278921936406e+06
7.440401505646174751e-01 1.184584606604605680e+06
7.460476787954830602e-01 1.167701050257593393e+06
7.480552070263488673e-01 1.151058130563576007e+06
7.500627352572146744e-01 1.134652417794978945e+06
7.520702634880802595e-01 1.118480531107184477e+06
7.540777917189460666e-01 1.102539137841815129e+06
7.560853199498118737e-01 1.086824952839956386e+06
7.580928481806774588e-01 1.071334737765148282e+06
7.601003764115432659e-01 1.056065300436045043e+06
7.621079046424090730e-01 1.026176217127494398e+06
7.641154328732748802e-01 1.011550411687141401e+06
7.661229611041406873e-01 9.971330638013572898e+05
7.681304893350062724e-01 9.829212023823455675e+05
7.701380175658720795e-01 9.689118986884013284e+05
7.721455457967378866e-01 9.551022657203641720e+05
7.741530740276034717e-01 9.414894576266732765e+05
7.761606022584692788e-01 9.280706691169018159e+05
7.781681304893350859e-01 9.148431348836508114e+05
7.801756587202006710e-01 9.018041290326816961e+05
7.821831869510664781e-01 8.889509645211696625e+05
7.841907151819322852e-01 8.762809926039727870e+05
7.861982434127980923e-01 8.637916022877745563e+05
7.882057716436638994e-01 8.514802197930250550e+05
7.902132998745294845e-01 8.393443080235414673e+05
7.922208281053952916e-01 8.273813660436684731e+05
7.942283563362610987e-01 8.039645654278250877e+05
7.962358845671266838e-01 7.925058811213417212e+05
7.982434127979924909e-01 7.812105142689874629e+05
8.002509410288582981e-01 7.700761371523166308e+05
8.022584692597238831e-01 7.482812066610213369e+05
8.042659974905896902e-01 7.376161618464650819e+05
8.062735257214554974e-01 7.271031229621445527e+05
8.082810539523213045e-01 7.167399235096302582e+05
8.102885821831871116e-01 6.964545308587229811e+05
8.122961104140526967e-01 6.865281573018444469e+05
8.143036386449185038e-01 6.767432615983288269e+05
8.163111668757843109e-01 6.670978273035105085e+05
8.183186951066498960e-01 6.482174204508329276e+05
8.203262233375157031e-01 6.389785570701359538e+05
8.223337515683815102e-01 6.298713726506552193e+05
8.243412797992470953e-01 6.208939904086226597e+05
8.263488080301129024e-01 6.033212586869769730e+05
8.283563362609787095e-01 5.947222878666580655e+05
8.303638644918445166e-01 5.862458757960997755e+05
8.323713927227103238e-01 5.696537656171836425e+05
8.343789209535759088e-01 5.615346482519385172e+05
8.363864491844417159e-01 5.456419227970732609e+05
8.383939774153075231e-01 5.378650395778632956e+05
8.404015056461731081e-01 5.226422186310318648e+05
8.424090338770389153e-01 5.078502386211038101e+05
8.444165621079047224e-01 5.006119898106792825e+05
8.464240903387703074e-01 4.864435160784843029e+05
8.484316185696361146e-01 4.726760428256741725e+05
8.504391468005019217e-01 4.659391220870148391e+05
8.524466750313677288e-01 4.527519704676769907e+05
8.544542032622335359e-01 4.336677305178416427e+05
8.564617314930991210e-01 4.213939336983400863e+05
8.584692597239649281e-01 4.036314865558203892e+05
8.604767879548307352e-01 3.866177557645822526e+05
8.624843161856963203e-01 3.811073999590002350e+05
8.644918444165621274e-01 3.650430964509171899e+05
8.664993726474279345e-01 3.446723806125852279e+05
8.685069008782935196e-01 3.301438730747901136e+05
8.705144291091593267e-01 2.859954357762380969e+05
8.725219573400251338e-01 2.661871169263611664e+05
8.745294855708909409e-01 1.261820289062168449e+05
8.765370138017567481e-01 9.201113733972741466e+04
8.785445420326223331e-01 5.034948265118997369e+04
8.805520702634881403e-01 3.724537225006154767e+04
8.825595984943539474e-01 2.876423762319572415e+04
8.845671267252195324e-01 2.009058203626317118e+04
8.925972396486825389e-01 1.000428876774235732e+03

