#  wavelength [um]       absorption coefficient [m-1]
3.465495608531995453e-01 1.000000000000000000e+08
3.485570890840652414e-01 1.000000000000000000e+08
3.505646173149309930e-01 9.857472769332991540e+07
3.525721455457967446e-01 9.716976939814142883e+07
3.545796737766624962e-01 9.441964084887962043e+07
3.565872020075282478e-01 9.307390385580319166e+07
3.585947302383939994e-01 9.174734727940967679e+07
3.606022584692597510e-01 9.043969774653181434e+07
3.626097867001255026e-01 8.915068578031437099e+07
3.646173149309912542e-01 8.662751578959313035e+07
3.666248431618570058e-01 8.539283779708778858e+07
3.686323713927227574e-01 8.297602356995899975e+07
3.706398996235884535e-01 8.179338928484031558e+07
3.726474278544542051e-01 8.062761075867663324e+07
3.746549560853199567e-01 7.834566344543714821e+07
3.766624843161857084e-01 7.722902440087237954e+07
3.786700125470514600e-01 7.612830050337526202e+07
3.806775407779172116e-01 7.504326491876205802e+07
3.826850690087829632e-01 7.291936747039745748e+07
3.846925972396487148e-01 7.085558121756842732e+07
3.867001254705144664e-01 6.984569624074427783e+07
3.887076537013802180e-01 6.786890197165755928e+07
3.907151819322459696e-01 6.690158530701431632e+07
3.927227101631116657e-01 6.500811616652667522e+07
3.947302383939774173e-01 6.408157348971724510e+07
3.967377666248431689e-01 6.316823656908986717e+07
3.987452948557089205e-01 6.226791718665877730e+07
4.007528230865746721e-01 6.138042980705706775e+07
4.027603513174404237e-01 5.964322209910541773e+07
4.047678795483061753e-01 5.879314377172113210e+07
4.067754077791719269e-01 5.795518137532193959e+07
4.087829360100376785e-01 5.795518137532193959e+07
4.107904642409034301e-01 5.712916222489905357e+07
4.127979924717691262e-01 5.631491609667493403e+07
4.148055207026348778e-01 5.551227519302453101e+07
4.168130489335006850e-01 5.472107410789586604e+07
4.188205771643663811e-01 5.472107410789586604e+07
4.208281053952321327e-01 5.394114979272349924e+07
4.228356336260978843e-01 5.317234152282837778e+07
4.248431618569636359e-01 5.317234152282837778e+07
4.268506900878293875e-01 5.241449086429546028e+07
4.288582183186951391e-01 5.166744164132453501e+07
4.308657465495608907e-01 5.166744164132453501e+07
4.328732747804266423e-01 5.093103990404580534e+07
4.348808030112923384e-01 5.093103990404580534e+07
4.368883312421580900e-01 5.093103990404580534e+07
4.388958594730238971e-01 5.093103990404580534e+07
4.409033877038895932e-01 5.020513389679434896e+07
4.429109159347553448e-01 4.948957402683670074e+07
4.449184441656210964e-01 4.948957402683670074e+07
4.469259723964868480e-01 4.948957402683670074e+07
4.489335006273525996e-01 4.948957402683670074e+07
4.509410288582183512e-01 4.948957402683670074e+07
4.529485570890841029e-01 4.878421283354320377e+07
4.549560853199498545e-01 4.878421283354320377e+07
4.569636135508155506e-01 4.878421283354320377e+07
4.589711417816813022e-01 4.808890495799971372e+07
4.609786700125471093e-01 4.878421283354320377e+07
4.629861982434128054e-01 4.808890495799971372e+07
4.649937264742785570e-01 4.808890495799971372e+07
4.670012547051443086e-01 4.808890495799971372e+07
4.690087829360100602e-01 4.740350711305244267e+07
4.710163111668758118e-01 4.808890495799971372e+07
4.730238393977415634e-01 4.740350711305244267e+07
4.750313676286073150e-01 4.740350711305244267e+07
4.770388958594730666e-01 4.672787805377962440e+07
4.790464240903387627e-01 4.740350711305244267e+07
4.810539523212045143e-01 4.672787805377962440e+07
4.830614805520703214e-01 4.672787805377962440e+07
4.850690087829360175e-01 4.606187854838453233e+07
4.870765370138017691e-01 4.672787805377962440e+07
4.890840652446675207e-01 4.606187854838453233e+07
4.910915934755332724e-01 4.606187854838453233e+07
4.930991217063990240e-01 4.606187854838453233e+07
4.951066499372647756e-01 4.606187854838453233e+07
4.971141781681305272e-01 4.540537134950239956e+07
4.991217063989962788e-01 4.540537134950239956e+07
5.011292346298619194e-01 4.475822116591722518e+07
5.031367628607277265e-01 4.475822116591722518e+07
5.051442910915935336e-01 4.475822116591722518e+07
5.071518193224592297e-01 4.475822116591722518e+07
5.091593475533249258e-01 4.475822116591722518e+07
5.111668757841907329e-01 4.412029463468125463e+07
5.131744040150565400e-01 4.349146029363180697e+07
5.151819322459222361e-01 4.412029463468125463e+07
5.171894604767879322e-01 4.349146029363180697e+07
5.191969887076537393e-01 4.349146029363180697e+07
5.212045169385195464e-01 4.287158855430025607e+07
5.232120451693851315e-01 4.349146029363180697e+07
5.252195734002509386e-01 4.287158855430025607e+07
5.272271016311167458e-01 4.287158855430025607e+07
5.292346298619824418e-01 4.226055167520626634e+07
5.312421580928481379e-01 4.226055167520626634e+07
5.332496863237139451e-01 4.165822373553355038e+07
5.352572145545797522e-01 4.106448060918032378e+07
5.372647427854454483e-01 4.106448060918032378e+07
5.392722710163111444e-01 4.047919993917977065e+07
5.412797992471769515e-01 3.990226111248502135e+07
5.432873274780427586e-01 3.990226111248502135e+07
5.452948557089083437e-01 3.990226111248502135e+07
5.473023839397741508e-01 3.933354523511358351e+07
5.493099121706399579e-01 3.933354523511358351e+07
5.513174404015056540e-01 3.822031520107351243e+07
5.533249686323713501e-01 3.767557163299051672e+07
5.553324968632371572e-01 3.767557163299051672e+07
5.573400250941029643e-01 3.713859214412584901e+07
5.593475533249686604e-01 3.660926607520847023e+07
5.613550815558343565e-01 3.608748434416335821e+07
5.633626097867001636e-01 3.557313942363209277e+07
5.653701380175659708e-01 3.506612531881392747e+07
5.673776662484315558e-01 3.456633754562263936e+07
5.693851944792973629e-01 3.407367310915477574e+07
5.713927227101631701e-01 3.358803048246470094e+07
5.734002509410288662e-01 3.263741176518832892e+07
5.754077791718945623e-01 3.217223977368521318e+07
5.774153074027603694e-01 3.126169119830705971e+07
5.794228356336261765e-01 3.081612697106086835e+07
5.814303638644918726e-01 2.994395951521825045e+07
5.834378920953575687e-01 2.868177238912742585e+07
5.854454203262233758e-01 2.827297903020304441e+07
5.874529485570891829e-01 2.747278852563318238e+07
5.894604767879547680e-01 2.669524525759682059e+07
5.914680050188205751e-01 2.631476531974257901e+07
5.934755332496863822e-01 2.556999677885595709e+07
5.954830614805520783e-01 2.484630690512652323e+07
5.974905897114177744e-01 2.379899421788441390e+07
5.994981179422835815e-01 2.345979374403088912e+07
6.015056461731493886e-01 2.279582748235437647e+07
6.035131744040149737e-01 2.183494587408903986e+07
6.055207026348807808e-01 2.121696655406127498e+07
6.075282308657465880e-01 2.091456700545078143e+07
6.095357590966123951e-01 2.032263652981629968e+07
6.115432873274780912e-01 1.974745905164494738e+07
6.135508155583437873e-01 1.891507118472559750e+07
6.155583437892095944e-01 1.864547991334277019e+07
6.175658720200752905e-01 1.811776983497191221e+07
6.195734002509409866e-01 1.760499516872823611e+07
6.215809284818067937e-01 1.686291567701746896e+07
6.235884567126726008e-01 1.662257320977580920e+07
6.255959849435381859e-01 1.615211605597638898e+07
6.276035131744039930e-01 1.592190441888934374e+07
6.296110414052698001e-01 1.547127780762726627e+07
6.316185696361356072e-01 1.525076996954715811e+07
6.336260978670013033e-01 1.481913801084994711e+07
6.356336260978669994e-01 1.439972223193521611e+07
6.376411543287328065e-01 1.399217688674435392e+07
6.396486825595985026e-01 1.359616601462950371e+07
6.416562107904641987e-01 1.340238362565409951e+07
6.436637390213300058e-01 1.321136316340396553e+07
6.456712672521958130e-01 1.283745112023063563e+07
6.476787954830613980e-01 1.265448248453167826e+07
6.496863237139272051e-01 1.247412165012723021e+07
6.516938519447930123e-01 1.212107524187226407e+07
6.537013801756588194e-01 1.194831691317919083e+07
6.557089084065245155e-01 1.177802086110246927e+07
6.577164366373902116e-01 1.161015199149534851e+07
6.597239648682560187e-01 1.128155791690975428e+07
6.617314930991217148e-01 1.112076499615909345e+07
6.637390213299874109e-01 1.096226381237897649e+07
6.657465495608532180e-01 1.065200646730455756e+07
6.677540777917190251e-01 1.050018636902135983e+07
6.697616060225846102e-01 1.035053012055492960e+07
6.717691342534504173e-01 1.020300688115311228e+07
6.737766624843162244e-01 1.005758624962839484e+07
6.757841907151820315e-01 9.772933365783091635e+06
6.777917189460477276e-01 9.633642452971262857e+06
6.797992471769134237e-01 9.496336814965451136e+06
6.818067754077792308e-01 9.360988156193632632e+06
6.838143036386449269e-01 9.227568584372736514e+06
6.858218318695106230e-01 9.096050604760682210e+06
6.878293601003764302e-01 8.966407114490313455e+06
6.898368883312422373e-01 8.838611396984186023e+06
6.918444165621078223e-01 8.712637116448784247e+06
6.938519447929736295e-01 8.588458312447380275e+06
6.958594730238394366e-01 8.345385137060610577e+06
6.978670012547052437e-01 8.226440673817124218e+06
6.998745294855709398e-01 8.109191493068564683e+06
7.018820577164366359e-01 7.993613432423011400e+06
7.038895859473024430e-01 7.879682673868426122e+06
7.058971141781682501e-01 7.767375738864297979e+06
7.079046424090338352e-01 7.656669483503253199e+06
7.099121706398996423e-01 7.547541093741621822e+06
7.119196988707654494e-01 7.439968080697977915e+06
7.139272271016310345e-01 7.333928276018694974e+06
7.159347553324968416e-01 7.229399827309538610e+06
7.179422835633626487e-01 7.024791141066313721e+06
7.199498117942284559e-01 6.924668738331281580e+06
7.219573400250942630e-01 6.924668738331281580e+06
7.239648682559598480e-01 6.825973352475204505e+06
7.259723964868256552e-01 6.728684644621681422e+06
7.279799247176914623e-01 6.632782565778725781e+06
7.299874529485570473e-01 6.538247352707039565e+06
7.319949811794228545e-01 6.445059523847316392e+06
7.340025094102886616e-01 6.262649476895389147e+06
7.360100376411542467e-01 6.173389668237379752e+06
7.380175658720200538e-01 6.173389668237379752e+06
7.400250941028858609e-01 6.085402054913159460e+06
7.420326223337516680e-01 5.998668504674949683e+06
7.440401505646174751e-01 5.913171143708877265e+06
7.460476787954830602e-01 5.828892352951575071e+06
7.480552070263488673e-01 5.745814764459346421e+06
7.500627352572146744e-01 5.663921257828945294e+06
7.520702634880802595e-01 5.583194956669509411e+06
7.540777917189460666e-01 5.583194956669509411e+06
7.560853199498118737e-01 5.503619225124698132e+06
7.580928481806774588e-01 5.425177664444424212e+06
7.601003764115432659e-01 5.347854109605436213e+06
7.621079046424090730e-01 5.271632625980110839e+06
7.641154328732748802e-01 5.196497506052631885e+06
7.661229611041406873e-01 5.122433266182061285e+06
7.681304893350062724e-01 5.049424643411512487e+06
7.701380175658720795e-01 5.049424643411512487e+06
7.721455457967378866e-01 4.977456592322792858e+06
7.741530740276034717e-01 4.906514281935891137e+06
7.761606022584692788e-01 4.836583092652646825e+06
7.781681304893350859e-01 4.767648613243980333e+06
7.801756587202006710e-01 4.767648613243980333e+06
7.821831869510664781e-01 4.699696637880072929e+06
7.841907151819322852e-01 4.632713163202853873e+06
7.861982434127980923e-01 4.566684385440263897e+06
7.882057716436638994e-01 4.501596697561556473e+06
7.902132998745294845e-01 4.501596697561556473e+06
7.922208281053952916e-01 4.437436686473236419e+06
7.942283563362610987e-01 4.374191130254914053e+06
7.962358845671266838e-01 4.311846995434562676e+06
7.982434127979924909e-01 4.250391434302647598e+06
8.002509410288582981e-01 4.250391434302647598e+06
8.022584692597238831e-01 4.189811782264454290e+06
8.042659974905896902e-01 4.130095555230238475e+06
8.062735257214554974e-01 4.130095555230238475e+06
8.082810539523213045e-01 4.071230447042529471e+06
8.102885821831871116e-01 4.013204326940111350e+06
8.122961104140526967e-01 3.956005237058148254e+06
8.143036386449185038e-01 3.956005237058148254e+06
8.163111668757843109e-01 3.899621389963939786e+06
8.183186951066498960e-01 3.844041166227800772e+06
8.203262233375157031e-01 3.844041166227800772e+06
8.223337515683815102e-01 3.789253112028557807e+06
8.243412797992470953e-01 3.735245936793172732e+06
8.263488080301129024e-01 3.682008510870039929e+06
8.283563362609787095e-01 3.682008510870039929e+06
8.303638644918445166e-01 3.629529863235373516e+06
8.323713927227103238e-01 3.577799179232358932e+06
8.343789209535759088e-01 3.577799179232358932e+06
8.363864491844417159e-01 3.526805798342490103e+06
8.383939774153075231e-01 3.476539211988672614e+06
8.404015056461731081e-01 3.476539211988672614e+06
8.424090338770389153e-01 3.426989061369671486e+06
8.444165621079047224e-01 3.378145135325356387e+06
8.464240903387703074e-01 3.329997368232441135e+06
8.484316185696361146e-01 3.329997368232441135e+06
8.504391468005019217e-01 3.282535837930181064e+06
8.524466750313677288e-01 3.235750763675641268e+06
8.544542032622335359e-01 3.235750763675641268e+06
8.564617314930991210e-01 3.235750763675641268e+06
8.584692597239649281e-01 3.189632504128106404e+06
8.604767879548307352e-01 3.144171555362220854e+06
8.624843161856963203e-01 3.144171555362220854e+06
8.644918444165621274e-01 3.099358548909444828e+06
8.664993726474279345e-01 3.099358548909444828e+06
8.685069008782935196e-01 3.055184249827426393e+06
8.705144291091593267e-01 3.011639554796889890e+06
8.725219573400251338e-01 2.968715490245647263e+06
8.745294855708909409e-01 2.968715490245647263e+06
8.765370138017567481e-01 2.926403210499350913e+06
8.785445420326223331e-01 2.926403210499350913e+06
8.805520702634881403e-01 2.884693995958599262e+06
8.825595984943539474e-01 2.884693995958599262e+06
8.845671267252195324e-01 2.843579251302026678e+06
8.865746549560853396e-01 2.803050503714996390e+06
8.885821831869511467e-01 2.763099401143569965e+06
8.905897114178167318e-01 2.763099401143569965e+06
8.925972396486825389e-01 2.723717710573303513e+06
8.946047678795483460e-01 2.723717710573303513e+06
8.966122961104141531e-01 2.684897316332633607e+06
8.986198243412799602e-01 2.646630218420416117e+06
9.006273525721455453e-01 2.646630218420416117e+06
9.026348808030113524e-01 2.608908530857302714e+06
9.046424090338771595e-01 2.571724480060639791e+06
9.066499372647427446e-01 2.571724480060639791e+06
9.086574654956085517e-01 2.535070403242480475e+06
9.106649937264743588e-01 2.535070403242480475e+06
9.126725219573399439e-01 2.498938746830475517e+06
9.146800501882057510e-01 2.463322064911251888e+06
9.166875784190715581e-01 2.463322064911251888e+06
9.186951066499373653e-01 2.428213017695978284e+06
9.207026348808031724e-01 2.428213017695978284e+06
9.227101631116687575e-01 2.393604370007799473e+06
9.247176913425345646e-01 2.359488989790833090e+06
9.267252195734003717e-01 2.359488989790833090e+06
9.287327478042659568e-01 2.325859846640414558e+06
9.307402760351317639e-01 2.325859846640414558e+06
9.327478042659975710e-01 2.292710010354289319e+06
9.347553324968631561e-01 2.292710010354289319e+06
9.367628607277289632e-01 2.260032649504452012e+06
9.387703889585947703e-01 2.260032649504452012e+06
9.407779171894605774e-01 2.227821030029362533e+06
9.427854454203263845e-01 2.196068513846181799e+06
9.447929736511919696e-01 2.196068513846181799e+06
9.468005018820577767e-01 2.164768557482830714e+06
9.488080301129235838e-01 2.164768557482830714e+06
9.508155583437891689e-01 2.133914710729526356e+06
9.528230865746549760e-01 2.133914710729526356e+06
9.548306148055207832e-01 2.103500615309535060e+06
9.568381430363863682e-01 2.103500615309535060e+06
9.588456712672521753e-01 2.073520003568893066e+06
9.608531994981179825e-01 2.073520003568893066e+06
9.628607277289837896e-01 2.043966697184761055e+06
9.648682559598495967e-01 2.043966697184761055e+06
9.668757841907151818e-01 2.014834605892227264e+06
9.688833124215809889e-01 1.986117726229239954e+06
9.708908406524467960e-01 1.986117726229239954e+06
9.728983688833123811e-01 1.957810140299428953e+06
9.749058971141781882e-01 1.957810140299428953e+06
9.769134253450439953e-01 1.957810140299428953e+06
9.789209535759095804e-01 1.929906014552562265e+06
9.809284818067753875e-01 1.929906014552562265e+06
9.829360100376411946e-01 1.902399598582384177e+06
9.849435382685070017e-01 1.875285223941586446e+06
9.869510664993728088e-01 1.875285223941586446e+06
9.889585947302383939e-01 1.875285223941586446e+06
9.909661229611042010e-01 1.848557302973670885e+06
9.929736511919700082e-01 1.848557302973670885e+06
9.949811794228355932e-01 1.848557302973670885e+06
9.969887076537014003e-01 1.822210327661455842e+06
9.989962358845672075e-01 1.822210327661455842e+06
1.001003764115432793e+00 1.796238868492014939e+06
1.003011292346298822e+00 1.796238868492014939e+06
1.005018820577164407e+00 1.796238868492014939e+06
1.007026348808029992e+00 1.770637573337754002e+06
1.009033877038896021e+00 1.770637573337754002e+06
1.011041405269761606e+00 1.745401166353475768e+06
1.013048933500627413e+00 1.720524446889142971e+06
1.015056461731493220e+00 1.720524446889142971e+06
1.017063989962358805e+00 1.720524446889142971e+06
1.019071518193224613e+00 1.696002288418139797e+06
1.021079046424090420e+00 1.671829637480824953e+06
1.023086574654956227e+00 1.671829637480824953e+06
1.025094102885821812e+00 1.648001512643107679e+06
1.027101631116687619e+00 1.648001512643107679e+06
1.029109159347553426e+00 1.648001512643107679e+06
1.031116687578419011e+00 1.624513003469901392e+06
1.033124215809284818e+00 1.624513003469901392e+06
1.035131744040150625e+00 1.601359269513190258e+06
1.037139272271016432e+00 1.578535539314524503e+06
1.039146800501882018e+00 1.578535539314524503e+06
1.041154328732747825e+00 1.578535539314524503e+06
1.043161856963613632e+00 1.578535539314524503e+06
1.045169385194479217e+00 1.556037109421729110e+06
1.047176913425345246e+00 1.556037109421729110e+06
1.049184441656210831e+00 1.533859343419631477e+06
1.051191969887076416e+00 1.533859343419631477e+06
1.053199498117942445e+00 1.511997670974599663e+06
1.055207026348808030e+00 1.511997670974599663e+06
1.057214554579673838e+00 1.511997670974599663e+06
1.059222082810539645e+00 1.490447586892702151e+06
1.061229611041405230e+00 1.490447586892702151e+06
1.063237139272271037e+00 1.469204650191284716e+06
1.065244667503136844e+00 1.469204650191284716e+06
1.067252195734002651e+00 1.448264483183799079e+06
1.069259723964868236e+00 1.448264483183799079e+06
1.071267252195734043e+00 1.448264483183799079e+06
1.073274780426599850e+00 1.427622770577641670e+06
1.075282308657465435e+00 1.427622770577641670e+06
1.077289836888331243e+00 1.427622770577641670e+06
1.079297365119197050e+00 1.407275258584882366e+06
1.081304893350062857e+00 1.407275258584882366e+06
1.083312421580928442e+00 1.407275258584882366e+06
1.085319949811794249e+00 1.407275258584882366e+06
1.087327478042660056e+00 1.387217754045652226e+06
1.089335006273525641e+00 1.367446123564025853e+06
1.091342534504391670e+00 1.367446123564025853e+06
1.093350062735257255e+00 1.367446123564025853e+06
1.095357590966122840e+00 1.367446123564025853e+06
1.097365119196988870e+00 1.347956292656234233e+06
1.099372647427854455e+00 1.347956292656234233e+06
1.101380175658720262e+00 1.347956292656234233e+06
1.103387703889586069e+00 1.328744244910988025e+06
1.105395232120451654e+00 1.309806021161799086e+06
1.107402760351317461e+00 1.328744244910988025e+06
1.109410288582183268e+00 1.309806021161799086e+06
1.111417816813049075e+00 1.309806021161799086e+06
1.113425345043914660e+00 1.309806021161799086e+06
1.115432873274780468e+00 1.291137718671082519e+06
1.117440401505646275e+00 1.272735490325891646e+06
1.119447929736511860e+00 1.291137718671082519e+06
1.121455457967377667e+00 1.272735490325891646e+06
1.123462986198243474e+00 1.272735490325891646e+06
1.125470514429109281e+00 1.254595543845114997e+06
1.127478042659974866e+00 1.254595543845114997e+06
1.129485570890840673e+00 1.254595543845114997e+06
1.131493099121706480e+00 1.236714140997973504e+06
1.133500627352572065e+00 1.236714140997973504e+06
1.135508155583438095e+00 1.236714140997973504e+06
1.137515683814303680e+00 1.236714140997973504e+06
1.139523212045169265e+00 1.219087596833656542e+06
1.141530740276035294e+00 1.201712278921936406e+06
1.143538268506900879e+00 1.219087596833656542e+06
1.145545796737766686e+00 1.201712278921936406e+06
1.147553324968632493e+00 1.184584606604605680e+06
1.149560853199498078e+00 1.184584606604605680e+06
1.151568381430363885e+00 1.184584606604605680e+06
1.153575909661229693e+00 1.184584606604605680e+06
1.155583437892095500e+00 1.167701050257593393e+06
1.157590966122961085e+00 1.167701050257593393e+06
1.159598494353826892e+00 1.167701050257593393e+06
1.161606022584692699e+00 1.167701050257593393e+06
1.163613550815558284e+00 1.151058130563576007e+06
1.165621079046424091e+00 1.151058130563576007e+06
1.167628607277289898e+00 1.151058130563576007e+06
1.169636135508155705e+00 1.134652417794978945e+06
1.171643663739021290e+00 1.118480531107184477e+06
1.173651191969887098e+00 1.118480531107184477e+06
1.175658720200752905e+00 1.118480531107184477e+06
1.177666248431618490e+00 1.102539137841815129e+06
1.179673776662484519e+00 1.102539137841815129e+06
1.181681304893350104e+00 1.102539137841815129e+06
1.183688833124215689e+00 1.086824952839956386e+06
1.185696361355081718e+00 1.086824952839956386e+06
1.187703889585947303e+00 1.086824952839956386e+06
1.189711417816813110e+00 1.086824952839956386e+06
1.191718946047678918e+00 1.071334737765148282e+06
1.193726474278544503e+00 1.086824952839956386e+06
1.195734002509410310e+00 1.071334737765148282e+06
1.197741530740276117e+00 1.071334737765148282e+06
1.199749058971141924e+00 1.071334737765148282e+06
1.201756587202007509e+00 1.071334737765148282e+06
1.203764115432873316e+00 1.056065300436045043e+06
1.205771643663739123e+00 1.056065300436045043e+06
1.207779171894604708e+00 1.056065300436045043e+06
1.209786700125470515e+00 1.056065300436045043e+06
1.211794228356336323e+00 1.041013494168577716e+06
1.213801756587202130e+00 1.041013494168577716e+06
1.215809284818067715e+00 1.041013494168577716e+06
1.217816813048933522e+00 1.041013494168577716e+06
1.219824341279799329e+00 1.026176217127494398e+06
1.221831869510664914e+00 1.026176217127494398e+06
1.223839397741530721e+00 1.026176217127494398e+06
1.225846925972396528e+00 1.026176217127494398e+06
1.227854454203262113e+00 1.011550411687141401e+06
1.229861982434127921e+00 1.011550411687141401e+06
1.231869510664993728e+00 1.011550411687141401e+06
1.233877038895859535e+00 1.011550411687141401e+06
1.235884567126725120e+00 9.971330638013572898e+05
1.237892095357590927e+00 9.971330638013572898e+05
1.239899623588456734e+00 9.829212023823455675e+05
1.241907151819322319e+00 9.829212023823455675e+05
1.243914680050188348e+00 9.829212023823455675e+05
1.245922208281053933e+00 9.829212023823455675e+05
1.247929736511919740e+00 9.829212023823455675e+05
1.249937264742785548e+00 9.829212023823455675e+05
1.251944792973651133e+00 9.689118986884013284e+05
1.253952321204516940e+00 9.689118986884013284e+05
1.255959849435382747e+00 9.689118986884013284e+05
1.257967377666248554e+00 9.689118986884013284e+05
1.259974905897114139e+00 9.689118986884013284e+05
1.261982434127979946e+00 9.551022657203641720e+05
1.263989962358845753e+00 9.414894576266732765e+05
1.265997490589711338e+00 9.551022657203641720e+05
1.268005018820577146e+00 9.414894576266732765e+05
1.270012547051442953e+00 9.414894576266732765e+05
1.272020075282308538e+00 9.414894576266732765e+05
1.274027603513174345e+00 9.414894576266732765e+05
1.276035131744040152e+00 9.280706691169018159e+05
1.278042659974905959e+00 9.280706691169018159e+05
1.280050188205771544e+00 9.148431348836508114e+05
1.282057716436637351e+00 9.148431348836508114e+05
1.284065244667503158e+00 9.148431348836508114e+05
1.286072772898368743e+00 9.148431348836508114e+05
1.288080301129234773e+00 9.148431348836508114e+05
1.290087829360100358e+00 9.018041290326816961e+05
1.292095357590966165e+00 9.018041290326816961e+05
1.294102885821831972e+00 9.148431348836508114e+05
1.296110414052697557e+00 9.018041290326816961e+05
1.298117942283563364e+00 9.018041290326816961e+05
1.300125470514429171e+00 8.889509645211696625e+05
1.302132998745294978e+00 8.889509645211696625e+05
1.304140526976160563e+00 8.889509645211696625e+05
1.306148055207026371e+00 8.889509645211696625e+05
1.308155583437892178e+00 8.889509645211696625e+05
1.310163111668757763e+00 8.889509645211696625e+05
1.312170639899623570e+00 8.889509645211696625e+05
1.314178168130489377e+00 8.889509645211696625e+05
1.316185696361354962e+00 8.762809926039727870e+05
1.318193224592220769e+00 8.762809926039727870e+05
1.320200752823086576e+00 8.637916022877745563e+05
1.322208281053952383e+00 8.637916022877745563e+05
1.324215809284817968e+00 8.762809926039727870e+05
1.326223337515683776e+00 8.637916022877745563e+05
1.328230865746549583e+00 8.514802197930250550e+05
1.330238393977415168e+00 8.637916022877745563e+05
1.332245922208281197e+00 8.514802197930250550e+05
1.334253450439146782e+00 8.514802197930250550e+05
1.336260978670012589e+00 8.514802197930250550e+05
1.338268506900878396e+00 8.514802197930250550e+05
1.340276035131743981e+00 8.393443080235414673e+05
1.342283563362609788e+00 8.393443080235414673e+05
1.344291091593475596e+00 8.273813660436684731e+05
1.346298619824341403e+00 8.273813660436684731e+05
1.348306148055206988e+00 8.273813660436684731e+05
1.350313676286072795e+00 8.273813660436684731e+05
1.352321204516938602e+00 8.155889285628993530e+05
1.354328732747804187e+00 8.155889285628993530e+05
1.356336260978669994e+00 8.155889285628993530e+05
1.358343789209535801e+00 8.039645654278250877e+05
1.360351317440401386e+00 8.039645654278250877e+05
1.362358845671267193e+00 8.039645654278250877e+05
1.364366373902133001e+00 8.039645654278250877e+05
1.366373902132998808e+00 8.039645654278250877e+05
1.368381430363864393e+00 7.925058811213417212e+05
1.370388958594730200e+00 7.925058811213417212e+05
1.372396486825596007e+00 7.812105142689874629e+05
1.374404015056461592e+00 7.812105142689874629e+05
1.376411543287327621e+00 7.700761371523166308e+05
1.378419071518193206e+00 7.700761371523166308e+05
1.380426599749059013e+00 7.700761371523166308e+05
1.382434127979924821e+00 7.700761371523166308e+05
1.384441656210790406e+00 7.591004552292098524e+05
1.386449184441656213e+00 7.591004552292098524e+05
1.388456712672522020e+00 7.482812066610213369e+05
1.390464240903387827e+00 7.482812066610213369e+05
1.392471769134253412e+00 7.376161618464650819e+05
1.394479297365119219e+00 7.376161618464650819e+05
1.396486825595985026e+00 7.271031229621445527e+05
1.398494353826850611e+00 7.271031229621445527e+05
1.400501882057716641e+00 7.271031229621445527e+05
1.402509410288582226e+00 7.271031229621445527e+05
1.404516938519447811e+00 7.167399235096302582e+05
1.406524466750313840e+00 7.167399235096302582e+05
1.408531994981179425e+00 7.065244278689990751e+05
1.410539523212045232e+00 7.167399235096302582e+05
1.412547051442911039e+00 7.065244278689990751e+05
1.414554579673776624e+00 6.964545308587229811e+05
1.416562107904642431e+00 7.065244278689990751e+05
1.418569636135508238e+00 6.964545308587229811e+05
1.420577164366374046e+00 6.964545308587229811e+05
1.422584692597239631e+00 6.964545308587229811e+05
1.424592220828105438e+00 6.865281573018444469e+05
1.426599749058971245e+00 6.865281573018444469e+05
1.428607277289836830e+00 6.767432615983288269e+05
1.430614805520702637e+00 6.670978273035105085e+05
1.432622333751568444e+00 6.670978273035105085e+05
1.434629861982434251e+00 6.670978273035105085e+05
1.436637390213299836e+00 6.575898667125557549e+05
1.438644918444165643e+00 6.482174204508329276e+05
1.440652446675031451e+00 6.482174204508329276e+05
1.442659974905897036e+00 6.482174204508329276e+05
1.444667503136763065e+00 6.482174204508329276e+05
1.446675031367628650e+00 6.482174204508329276e+05
1.448682559598494235e+00 6.389785570701359538e+05
1.450690087829360264e+00 6.298713726506552193e+05
1.452697616060225849e+00 6.298713726506552193e+05
1.454705144291091656e+00 6.208939904086226597e+05
1.456712672521957463e+00 6.208939904086226597e+05
1.458720200752823049e+00 6.208939904086226597e+05
1.460727728983688856e+00 6.120445603095496772e+05
1.462735257214554663e+00 6.120445603095496772e+05
1.464742785445420470e+00 6.033212586869769730e+05
1.466750313676286055e+00 6.033212586869769730e+05
1.468757841907151862e+00 5.947222878666580655e+05
1.470765370138017669e+00 5.947222878666580655e+05
1.472772898368883254e+00 5.862458757960997755e+05
1.474780426599749061e+00 5.778902756793813314e+05
1.476787954830614868e+00 5.778902756793813314e+05
1.478795483061480676e+00 5.696537656171836425e+05
1.480803011292346261e+00 5.696537656171836425e+05
1.482810539523212068e+00 5.615346482519385172e+05
1.484818067754077875e+00 5.535312504180463729e+05
1.486825595984943460e+00 5.456419227970732609e+05
1.488833124215809489e+00 5.378650395778632956e+05
1.490840652446675074e+00 5.378650395778632956e+05
1.492848180677540659e+00 5.301989981214998988e+05
1.494855708908406688e+00 5.226422186310318648e+05
1.496863237139272274e+00 5.078502386211038101e+05
1.498870765370138081e+00 5.006119898106792825e+05
1.500878293601003888e+00 4.934769057560375659e+05
1.502885821831869473e+00 4.864435160784843029e+05
1.504893350062735280e+00 4.726760428256741725e+05
1.506900878293601087e+00 4.659391220870148391e+05
1.508908406524466894e+00 4.399380456489830976e+05
1.510915934755332479e+00 4.336677305178416427e+05
1.512923462986198286e+00 4.153879226593499188e+05
1.514930991217064093e+00 3.922077847045809031e+05
1.516938519447929679e+00 3.811073999590002350e+05
1.518946047678795486e+00 3.496559297479120432e+05
1.520953575909661293e+00 2.985811209375344333e+05
1.522961104140527100e+00 2.177234647736721090e+05
1.524968632371392685e+00 1.941019619503898721e+05
1.526976160602258492e+00 1.587625733475950256e+05
1.528983688833124299e+00 1.355718667411940696e+05
1.530991217063989884e+00 1.191406185090796644e+05
1.532998745294855913e+00 1.032085581107716862e+05
1.535006273525721499e+00 9.334150800393575628e+04
1.537013801756587084e+00 7.857092126376894885e+04
1.539021329987453113e+00 6.709393935044764658e+04
1.541028858218318698e+00 6.426581949395991978e+04
1.543036386449184505e+00 5.181599479246373085e+04
1.545043914680050312e+00 4.619431470137348515e+04
1.547051442910915897e+00 4.177799859200380888e+04
1.549058971141781704e+00 3.671452427386515774e+04
1.551066499372647511e+00 3.273125017113077411e+04
1.553074027603513318e+00 2.918013399203346489e+04
1.555081555834378904e+00 2.755177771449983629e+04
1.557089084065244711e+00 2.352724485395702868e+04
1.559096612296110518e+00 2.097470013251636919e+04
1.561104140526976103e+00 2.038106775071781885e+04
1.563111668757841910e+00 1.924373097139463425e+04
1.565119196988707717e+00 1.791089166258526166e+04
1.567126725219573524e+00 1.740397212568503892e+04
1.569134253450439109e+00 1.691139958064493112e+04
1.571141781681304916e+00 1.596768274656391077e+04
1.573149309912170724e+00 1.574009978636019696e+04
1.575156838143036309e+00 1.507662870119419313e+04
1.577164366373902338e+00 1.464992534196437191e+04
1.579171894604767923e+00 1.444112401311751091e+04
1.581179422835633508e+00 1.403240690204591192e+04
1.583186951066499537e+00 1.383240689251178810e+04
1.585194479297365122e+00 1.363525742772689409e+04
1.587202007528230929e+00 1.324934819936514577e+04
1.589209535759096736e+00 1.306050890866530244e+04
1.591217063989962321e+00 1.269086638877379119e+04
1.593224592220828129e+00 1.250998698465809503e+04
1.595232120451693936e+00 1.215592550472977746e+04
1.597239648682559743e+00 1.198267046489141831e+04
1.599247176913425328e+00 1.164353325847416818e+04
1.601254705144291135e+00 1.147758120342321490e+04
1.603262233375156942e+00 1.115273918785076239e+04
1.605269761606022527e+00 1.099378228477118319e+04
1.607277289836888334e+00 1.083709095041071487e+04
1.609284818067754141e+00 1.053037628598094489e+04
1.611292346298619949e+00 1.038028974898870365e+04
1.613299874529485534e+00 1.023234235384425301e+04
1.615307402760351341e+00 9.942743469258817640e+03
1.617314930991217148e+00 9.801032300068221957e+03
1.619322459222082733e+00 9.661340900927560142e+03
1.621329987452948762e+00 9.387902674199620378e+03
1.623337515683814347e+00 9.254099497207111199e+03
1.625345043914679932e+00 8.992187141310705556e+03
1.627352572145545961e+00 8.864023988221655600e+03
1.629360100376411546e+00 8.737687509060939192e+03
1.631367628607277354e+00 8.490390803284713911e+03
1.633375156838143161e+00 8.369379614437431883e+03
1.635382685069008746e+00 8.132506871403902551e+03
1.637390213299874553e+00 8.016596503127740107e+03
1.639397741530740360e+00 7.789708335668694417e+03
1.641405269761606167e+00 7.678683779990029507e+03
1.643412797992471752e+00 7.569241626557063682e+03
1.645420326223337559e+00 7.355014633713627518e+03
1.647427854454203366e+00 7.250185646987767541e+03
1.649435382685068952e+00 7.146850758779080934e+03
1.651442910915934759e+00 6.944578401534953628e+03
1.653450439146800566e+00 6.845599248762883690e+03
1.655457967377666373e+00 6.748030818444643955e+03
1.657465495608531958e+00 6.651853003943789190e+03
1.659473023839397765e+00 6.463590224635516279e+03
1.661480552070263572e+00 6.371466463147151444e+03
1.663488080301129157e+00 6.280655716119143108e+03
1.665495608531995186e+00 6.102898676044159401e+03
1.667503136762860771e+00 6.015915751310360065e+03
1.669510664993726357e+00 5.930172570114329574e+03
1.671518193224592386e+00 5.845651462734737834e+03
1.673525721455457971e+00 5.680206046158426034e+03
1.675533249686323778e+00 5.599247642420729790e+03
1.677540777917189585e+00 5.519443116391429612e+03
1.679548306148055170e+00 5.363230148259137422e+03
1.681555834378920977e+00 5.286789514213018265e+03
1.683563362609786784e+00 5.211438367355001901e+03
1.685570890840652591e+00 5.137161179525905936e+03
1.687578419071518177e+00 4.991767671756165328e+03
1.689585947302383984e+00 4.920621389517314128e+03
1.691593475533249791e+00 4.850489135536438880e+03
1.693601003764115376e+00 4.781356457149591733e+03
1.695608531994981183e+00 4.646033043515398276e+03
1.697616060225846990e+00 4.579814421187431435e+03
1.699623588456712797e+00 4.450195111930653184e+03
1.701631116687578382e+00 4.386767713407519295e+03
1.703638644918444189e+00 4.324244328030372344e+03
1.705646173149309996e+00 4.201858241759323391e+03
1.707653701380175582e+00 4.141970319873992594e+03
1.709661229611041611e+00 4.024743008361015654e+03
1.711668757841907196e+00 3.967379460848205326e+03
1.713676286072772781e+00 3.910833500092218856e+03
1.715683814303638810e+00 3.855093473255427853e+03
1.717691342534504395e+00 3.745985438045096089e+03
1.719698870765370202e+00 3.692594944984745325e+03
1.721706398996236009e+00 3.639965411836374187e+03
1.723713927227101594e+00 3.588085992849100421e+03
1.725721455457967402e+00 3.486534885058484178e+03
1.727728983688833209e+00 3.436842268879353924e+03
1.729736511919699016e+00 3.339571707247916493e+03
1.731744040150564601e+00 3.291973716543118826e+03
1.733751568381430408e+00 3.198803269012374585e+03
1.735759096612296215e+00 3.153211611874283790e+03
1.737766624843161800e+00 3.108269759999534017e+03
1.739774153074027607e+00 3.020298558063707787e+03
1.741781681304893414e+00 2.977251079136869976e+03
1.743789209535759221e+00 2.934817144005895443e+03
1.745796737766624807e+00 2.851755051087645825e+03
1.747804265997490614e+00 2.811109776090428113e+03
1.749811794228356421e+00 2.731548886955678881e+03
1.751819322459222006e+00 2.692616877126741656e+03
1.753826850690088035e+00 2.616409610279491972e+03
1.755834378920953620e+00 2.579118648675121221e+03
1.757841907151819205e+00 2.506123643422076384e+03
1.759849435382685234e+00 2.470404557161470166e+03
1.761856963613550819e+00 2.400486411394974766e+03
1.763864491844416627e+00 2.366272943347983528e+03
1.765872020075282434e+00 2.332547110386217810e+03
1.767879548306148019e+00 2.266530648265296804e+03
1.769887076537013826e+00 2.234226414613381166e+03
1.771894604767879633e+00 2.170992654912186026e+03
1.773902132998745440e+00 2.140050097821878353e+03
1.775909661229611025e+00 2.020627616349516757e+03
