#Piprek2003 300 k temperature
#  wavelength [um]       absorption coefficient [m-1]
2.282076395690499637e-01 1.878706427343409061e+08
2.299706170421155771e-01 1.921059437898195088e+08
2.317335945151812182e-01 1.964367242388290465e+08
2.334965719882468316e-01 1.964367242388290465e+08
2.352595494613124449e-01 2.008651365410103798e+08
2.370225269343780861e-01 2.008651365410103798e+08
2.387855044074436994e-01 2.053933816804277599e+08
2.405484818805093128e-01 2.100237102594890594e+08
2.423114593535749539e-01 2.100237102594890594e+08
2.440744368266405673e-01 2.053933816804277599e+08
2.458374142997061806e-01 2.195998749745998383e+08
2.476003917727717940e-01 2.245504706010706723e+08
2.493633692458374351e-01 2.296126710135627389e+08
2.511263467189030485e-01 2.296126710135627389e+08
2.528893241919686896e-01 2.347889921978690028e+08
2.546523016650342752e-01 2.347889921978690028e+08
2.564152791380999163e-01 2.296126710135627389e+08
2.581782566111655575e-01 2.296126710135627389e+08
2.599412340842311431e-01 2.296126710135627389e+08
2.617042115572967842e-01 2.245504706010706723e+08
2.634671890303624253e-01 2.245504706010706723e+08
2.652301665034280109e-01 2.195998749745998383e+08
2.669931439764936520e-01 2.147584236175274551e+08
2.687561214495592932e-01 1.964367242388290465e+08
2.705190989226248788e-01 1.878706427343409061e+08
2.722820763956905199e-01 1.796781051922959983e+08
2.740450538687561055e-01 1.718428223570054471e+08
2.758080313418217466e-01 1.680542561494896114e+08
2.775710088148873878e-01 1.607258583616991043e+08
2.793339862879530289e-01 1.571823844632195234e+08
2.810969637610186145e-01 1.537170324512689412e+08
2.828599412340842556e-01 1.503280799964808226e+08
2.846229187071498412e-01 1.470138427411580384e+08
2.863858961802154823e-01 1.437726734621230066e+08
2.881488736532811235e-01 1.406029612520243824e+08
2.899118511263467646e-01 1.375031307186930478e+08
2.916748285994123502e-01 1.344716412021497488e+08
2.934378060724779913e-01 1.344716412021497488e+08
2.952007835455435769e-01 1.315069860088751614e+08
2.969637610186092180e-01 1.257723171737748682e+08
2.987267384916748592e-01 1.229994533197606504e+08
3.004897159647404448e-01 1.257723171737748682e+08
3.022526934378060859e-01 1.229994533197606504e+08
3.040156709108716715e-01 1.202877219480419904e+08
3.057786483839373126e-01 1.176357752894573659e+08
3.075416258570029537e-01 1.150422952887001783e+08
3.093046033300685949e-01 1.125059929492265284e+08
3.110675808031341805e-01 1.100256076926055402e+08
3.128305582761998216e-01 1.075999067319939286e+08
3.145935357492654072e-01 1.052276844594232887e+08
3.163565132223310483e-01 1.029077618465958089e+08
3.181194906953966894e-01 1.029077618465958089e+08
3.198824681684623306e-01 1.006389858588903993e+08
3.216454456415279162e-01 9.842022888228797913e+07
3.234084231145935573e-01 9.842022888228797913e+07
3.251714005876591429e-01 9.625038816293127835e+07
3.269343780607247840e-01 9.412838525904044509e+07
3.286973555337904251e-01 9.412838525904044509e+07
3.304603330068560663e-01 9.205316550491204858e+07
3.322233104799216519e-01 9.205316550491204858e+07
3.339862879529872930e-01 9.205316550491204858e+07
3.357492654260528786e-01 9.205316550491204858e+07
3.375122428991185197e-01 8.609800419799369574e+07
3.392752203721841608e-01 8.803897252996453643e+07
3.410381978452498020e-01 8.803897252996453643e+07
3.428011753183153876e-01 8.803897252996453643e+07
3.445641527913809732e-01 8.803897252996453643e+07
3.463271302644466143e-01 8.609800419799369574e+07
3.480901077375122554e-01 8.609800419799369574e+07
3.498530852105778965e-01 8.419982780188320577e+07
3.516160626836435377e-01 8.419982780188320577e+07
3.533790401567091233e-01 8.234349992089584470e+07
3.551420176297747089e-01 8.052809793360316753e+07
3.569049951028403500e-01 8.052809793360316753e+07
3.586679725759059911e-01 7.875271955932952464e+07
3.604309500489716322e-01 7.701648240970566869e+07
3.621939275220372179e-01 7.531852355010913312e+07
3.639569049951028590e-01 7.531852355010913312e+07
3.657198824681684446e-01 7.044597023073528707e+07
3.674828599412340857e-01 7.203408366735318303e+07
3.692458374142997268e-01 7.203408366735318303e+07
3.710088148873653680e-01 7.203408366735318303e+07
3.727717923604310091e-01 7.044597023073528707e+07
3.745347698334965947e-01 7.044597023073528707e+07
3.762977473065621803e-01 6.889286944589503109e+07
3.780607247796278214e-01 6.889286944589503109e+07
3.798237022526934625e-01 6.737400939959482849e+07
3.815866797257591037e-01 6.889286944589503109e+07
3.833496571988246893e-01 6.737400939959482849e+07
3.851126346718902749e-01 6.737400939959482849e+07
3.868756121449559160e-01 6.737400939959482849e+07
3.886385896180215571e-01 6.737400939959482849e+07
3.904015670910871982e-01 6.588863519673244655e+07
3.921645445641528394e-01 6.588863519673244655e+07
3.939275220372184805e-01 6.588863519673244655e+07
3.956904995102840661e-01 6.443600858514733613e+07
3.974534769833496517e-01 6.443600858514733613e+07
3.992164544564152928e-01 6.301540758869880438e+07
4.009794319294809339e-01 6.301540758869880438e+07
4.027424094025465751e-01 6.301540758869880438e+07
4.045053868756121607e-01 6.301540758869880438e+07
4.062683643486777463e-01 6.301540758869880438e+07
4.080313418217433874e-01 6.301540758869880438e+07
4.097943192948090285e-01 6.301540758869880438e+07
4.115572967678746696e-01 6.301540758869880438e+07
4.133202742409402553e-01 6.301540758869880438e+07
4.150832517140058964e-01 6.301540758869880438e+07
4.168462291870715375e-01 6.301540758869880438e+07
4.186092066601371231e-01 6.301540758869880438e+07
4.203721841332027642e-01 6.301540758869880438e+07
4.221351616062684053e-01 6.162612614843345433e+07
4.238981390793339910e-01 6.162612614843345433e+07
4.256611165523996321e-01 6.162612614843345433e+07
4.274240940254652177e-01 6.162612614843345433e+07
4.291870714985308588e-01 6.162612614843345433e+07
4.309500489715964999e-01 6.162612614843345433e+07
4.327130264446620855e-01 6.162612614843345433e+07
4.344760039177277267e-01 6.162612614843345433e+07
4.362389813907933678e-01 6.162612614843345433e+07
4.380019588638589534e-01 6.162612614843345433e+07
4.397649363369245945e-01 6.162612614843345433e+07
4.415279138099902356e-01 6.162612614843345433e+07
4.432908912830558767e-01 6.162612614843345433e+07
4.450538687561215179e-01 6.162612614843345433e+07
4.468168462291870480e-01 6.162612614843345433e+07
4.485798237022526891e-01 6.162612614843345433e+07
4.503428011753183302e-01 6.162612614843345433e+07
4.521057786483839713e-01 6.162612614843345433e+07
4.538687561214496125e-01 6.162612614843345433e+07
4.556317335945151981e-01 6.026747377166431397e+07
4.573947110675808392e-01 6.026747377166431397e+07
4.591576885406464803e-01 6.026747377166431397e+07
4.609206660137120659e-01 6.162612614843345433e+07
4.626836434867777070e-01 6.026747377166431397e+07
4.644466209598432926e-01 6.162612614843345433e+07
4.662095984329089338e-01 6.026747377166431397e+07
4.679725759059745749e-01 6.162612614843345433e+07
4.697355533790401605e-01 6.162612614843345433e+07
4.714985308521058016e-01 6.162612614843345433e+07
4.732615083251713872e-01 6.026747377166431397e+07
4.750244857982370283e-01 6.026747377166431397e+07
4.767874632713026695e-01 6.162612614843345433e+07
4.785504407443682551e-01 6.026747377166431397e+07
4.803134182174338962e-01 6.162612614843345433e+07
4.820763956904995373e-01 6.026747377166431397e+07
4.838393731635651229e-01 6.162612614843345433e+07
4.856023506366307640e-01 6.162612614843345433e+07
4.873653281096963497e-01 6.162612614843345433e+07
4.891283055827619908e-01 6.162612614843345433e+07
4.908912830558276319e-01 6.162612614843345433e+07
4.926542605288932730e-01 6.026747377166431397e+07
4.944172380019589141e-01 6.162612614843345433e+07
4.961802154750244997e-01 6.026747377166431397e+07
4.979431929480901409e-01 5.893877518878535181e+07
4.997061704211557820e-01 5.893877518878535181e+07
5.014691478942213676e-01 5.893877518878535181e+07
5.032321253672870087e-01 5.893877518878535181e+07
5.049951028403526498e-01 5.763937001765338331e+07
5.067580803134181799e-01 5.763937001765338331e+07
5.085210577864838211e-01 5.763937001765338331e+07
5.102840352595494622e-01 5.636861243536859006e+07
5.120470127326151033e-01 5.636861243536859006e+07
5.138099902056807444e-01 5.512587085729133338e+07
5.155729676787463855e-01 5.512587085729133338e+07
5.173359451518120267e-01 5.391052762313558161e+07
5.190989226248776678e-01 5.272197868998292089e+07
5.208619000979431979e-01 5.272197868998292089e+07
5.226248775710088390e-01 5.272197868998292089e+07
5.243878550440743691e-01 5.155963333206465095e+07
5.261508325171400102e-01 5.155963333206465095e+07
5.279138099902056513e-01 5.042291384716261178e+07
5.296767874632712925e-01 5.042291384716261178e+07
5.314397649363369336e-01 4.931125526948297769e+07
5.332027424094025747e-01 4.931125526948297769e+07
5.349657198824682158e-01 4.931125526948297769e+07
5.367286973555338569e-01 4.931125526948297769e+07
5.384916748285994981e-01 4.822410508886017650e+07
5.402546523016651392e-01 4.716092297615147382e+07
5.420176297747307803e-01 4.716092297615147382e+07
5.437806072477963104e-01 4.612118051468566060e+07
5.455435847208619515e-01 4.612118051468566060e+07
5.473065621939274816e-01 4.510436093763247877e+07
5.490695396669931228e-01 4.410995887116207927e+07
5.508325171400587639e-01 4.410995887116207927e+07
5.525954946131244050e-01 4.313748008326707035e+07
5.543584720861900461e-01 4.218644123812213540e+07
5.561214495592556872e-01 4.125636965585923195e+07
5.578844270323213284e-01 4.034680307763899118e+07
5.596474045053869695e-01 3.945728943590144068e+07
5.614103819784524996e-01 3.858738662968200445e+07
5.631733594515181407e-01 3.773666230488092452e+07
5.649363369245837818e-01 3.690469363937745243e+07
5.666993143976493119e-01 3.609106713288071007e+07
5.684622918707149530e-01 3.529537840141450614e+07
5.702252693437805942e-01 3.375624110776530206e+07
5.719882468168462353e-01 3.301202757239896804e+07
5.737512242899118764e-01 3.228422148549391702e+07
5.755142017629775175e-01 3.157246111704630777e+07
5.772771792360431586e-01 3.019567031444117427e+07
5.790401567091086887e-01 2.887891768583555520e+07
5.808031341821743299e-01 2.761958512662679330e+07
5.825661116552399710e-01 2.641516870076956227e+07
5.843290891283056121e-01 2.583280154610506445e+07
5.860920666013712532e-01 2.526327366218965873e+07
5.878550440744368943e-01 2.362892606562456489e+07
5.896180215475024244e-01 2.310798635115608945e+07
5.913809990205680656e-01 2.259853163542838395e+07
5.931439764936337067e-01 2.161306995752198622e+07
5.949069539666993478e-01 2.113657320683645830e+07
5.966699314397649889e-01 2.021486363589487597e+07
5.984329089128306300e-01 1.808262228759973496e+07
6.001958863858962712e-01 1.849027165817642584e+07
6.019588638589618013e-01 1.849027165817642584e+07
6.037218413320274424e-01 1.768396023816162348e+07
6.054848188050930835e-01 1.691280990815486759e+07
6.072477962781586136e-01 1.653993835487545468e+07
6.090107737512242547e-01 1.617528738682109118e+07
6.107737512242898958e-01 1.581867576726065762e+07
6.125367286973555370e-01 1.546992625513388403e+07
6.142997061704211781e-01 1.512886551696000993e+07
6.160626836434868192e-01 1.479532404068857059e+07
6.178256611165524603e-01 1.446913605144949444e+07
6.195886385896181014e-01 1.446913605144949444e+07
6.213516160626836315e-01 1.415013942916062661e+07
6.231145935357492727e-01 1.383817562795173563e+07
6.248775710088148028e-01 1.353308959736493416e+07
6.266405484818804439e-01 1.323472970529248565e+07
6.284035259549460850e-01 1.294294766261333786e+07
6.301665034280117261e-01 1.265759844949140772e+07
6.319294809010773672e-01 1.237854024329864234e+07
6.336924583741430084e-01 1.237854024329864234e+07
6.354554358472086495e-01 1.210563434812713973e+07
6.372184133202742906e-01 1.183874512585530989e+07
6.389813907933399317e-01 1.107286557669195160e+07
6.407443682664055729e-01 1.132248903345763125e+07
6.425073457394712140e-01 1.132248903345763125e+07
6.442703232125367441e-01 1.107286557669195160e+07
6.460333006856023852e-01 1.107286557669195160e+07
6.477962781586679153e-01 1.082874549201906286e+07
6.495592556317335564e-01 1.082874549201906286e+07
6.513222331047991975e-01 1.059000744827568159e+07
6.530852105778648387e-01 1.035653278924961761e+07
6.548481880509304798e-01 1.035653278924961761e+07
6.566111655239961209e-01 1.012820547470594198e+07
6.583741429970617620e-01 1.012820547470594198e+07
6.601371204701274031e-01 9.904912022713337094e+06
6.619000979431930443e-01 9.686541453241953626e+06
6.636630754162586854e-01 9.686541453241953626e+06
6.654260528893241045e-01 9.472985233004758134e+06
6.671890303623897456e-01 9.472985233004758134e+06
6.689520078354553867e-01 9.264137221514942124e+06
6.707149853085210278e-01 9.264137221514942124e+06
6.724779627815866689e-01 9.059893618332581595e+06
6.742409402546523101e-01 8.860152911474341527e+06
6.760039177277179512e-01 8.860152911474341527e+06
6.777668952007835923e-01 8.664815826960572973e+06
6.795298726738492334e-01 8.664815826960572973e+06
6.812928501469148745e-01 8.473785279474731535e+06
6.830558276199804046e-01 8.473785279474731535e+06
6.848188050930460458e-01 8.286966324110562913e+06
6.865817825661116869e-01 8.286966324110562913e+06
6.883447600391773280e-01 8.104266109183214605e+06
6.901077375122429691e-01 7.925593830080510117e+06
6.918707149853084992e-01 7.925593830080510117e+06
6.936336924583741403e-01 7.750860684131833725e+06
6.953966699314397815e-01 7.579979826471921988e+06
6.971596474045054226e-01 7.579979826471921988e+06
6.989226248775710637e-01 7.579979826471921988e+06
7.006856023506367048e-01 7.412866326877724379e+06
7.024485798237023459e-01 7.412866326877724379e+06
7.042115572967679871e-01 7.249437127556870691e+06
7.059745347698336282e-01 7.249437127556870691e+06
7.077375122428992693e-01 7.089611001866769046e+06
7.095004897159649104e-01 6.933308513943798840e+06
7.112634671890303295e-01 6.933308513943798840e+06
7.130264446620959706e-01 6.933308513943798840e+06
7.147894221351616117e-01 6.780451979222559370e+06
7.165523996082272529e-01 6.630965425825531594e+06
7.183153770812928940e-01 6.630965425825531594e+06
7.200783545543585351e-01 6.630965425825531594e+06
7.218413320274241762e-01 6.484774556803970598e+06
7.236043095004898174e-01 6.484774556803970598e+06
7.253672869735554585e-01 6.484774556803970598e+06
7.271302644466210996e-01 6.341806713211261667e+06
7.288932419196865187e-01 6.341806713211261667e+06
7.306562193927521598e-01 6.341806713211261667e+06
7.324191968658178009e-01 6.201990837990391068e+06
7.341821743388834420e-01 6.201990837990391068e+06
7.359451518119490832e-01 6.065257440657572821e+06
7.377081292850147243e-01 6.201990837990391068e+06
7.394711067580803654e-01 6.065257440657572821e+06
7.412340842311460065e-01 6.065257440657572821e+06
7.429970617042116476e-01 6.065257440657572821e+06
7.447600391772772888e-01 5.931538562764490023e+06
7.465230166503427078e-01 5.931538562764490023e+06
7.482859941234083490e-01 5.800767744121970609e+06
7.500489715964739901e-01 5.800767744121970609e+06
7.518119490695396312e-01 5.672879989768333733e+06
7.535749265426052723e-01 5.672879989768333733e+06
7.553379040156709134e-01 5.672879989768333733e+06
7.571008814887365546e-01 5.672879989768333733e+06
7.588638589618021957e-01 5.547811737665961497e+06
7.606268364348678368e-01 5.547811737665961497e+06
7.623898139079334779e-01 5.425500827110062353e+06
7.641527913809991190e-01 5.425500827110062353e+06
7.659157688540645381e-01 5.425500827110062353e+06
7.676787463271301792e-01 5.425500827110062353e+06
7.694417238001958204e-01 5.425500827110062353e+06
7.712047012732614615e-01 5.425500827110062353e+06
7.729676787463271026e-01 5.305886467833912931e+06
7.747306562193927437e-01 5.305886467833912931e+06
7.764936336924583848e-01 5.188909209795229137e+06
7.782566111655240260e-01 5.188909209795229137e+06
7.800195886385896671e-01 5.188909209795229137e+06
7.817825661116553082e-01 5.074510913628648035e+06
7.835455435847209493e-01 5.188909209795229137e+06
7.853085210577865904e-01 5.074510913628648035e+06
7.870714985308522316e-01 5.074510913628648035e+06
7.888344760039178727e-01 4.962634721749622375e+06
7.905974534769835138e-01 4.962634721749622375e+06
7.923604309500489329e-01 4.962634721749622375e+06
7.941234084231145740e-01 4.853225030095434748e+06
7.958863858961802151e-01 4.746227460489117540e+06
7.976493633692458562e-01 4.746227460489117540e+06
7.994123408423114974e-01 4.746227460489117540e+06
8.011753183153771385e-01 4.641588833612772636e+06
8.029382957884427796e-01 4.641588833612772636e+06
8.047012732615084207e-01 4.641588833612772636e+06
8.064642507345740619e-01 4.641588833612772636e+06
8.082272282076397030e-01 4.539257142576673999e+06
8.099902056807053441e-01 4.539257142576673999e+06
8.117531831537707632e-01 4.539257142576673999e+06
8.135161606268364043e-01 4.439181527071109042e+06
8.152791380999020454e-01 4.439181527071109042e+06
8.170421155729676865e-01 4.439181527071109042e+06
8.188050930460333277e-01 4.439181527071109042e+06
8.205680705190989688e-01 4.341312248088072054e+06
8.223310479921646099e-01 4.245600663200275972e+06
8.240940254652302510e-01 4.341312248088072054e+06
8.258570029382958921e-01 4.245600663200275972e+06
8.276199804113615333e-01 4.151999202385164332e+06
8.293829578844269523e-01 4.151999202385164332e+06
8.311459353574925935e-01 4.151999202385164332e+06
8.329089128305582346e-01 4.060461344381938223e+06
8.346718903036238757e-01 4.060461344381938223e+06
8.364348677766895168e-01 4.060461344381938223e+06
8.381978452497551579e-01 4.060461344381938223e+06
8.399608227228207991e-01 3.970941593569823075e+06
8.417238001958864402e-01 3.970941593569823075e+06
8.434867776689520813e-01 3.883395457356095780e+06
8.452497551420177224e-01 3.883395457356095780e+06
8.470127326150833635e-01 3.883395457356095780e+06
8.487757100881487826e-01 3.797779424062633887e+06
8.505386875612144237e-01 3.714050941299989820e+06
8.523016650342800649e-01 3.714050941299989820e+06
8.540646425073457060e-01 3.714050941299989820e+06
8.558276199804113471e-01 3.632168394818245899e+06
8.575905974534769882e-01 3.552091087824140675e+06
8.593535749265426293e-01 3.632168394818245899e+06
8.611165523996082705e-01 3.552091087824140675e+06
8.628795298726739116e-01 3.552091087824140675e+06
8.646425073457395527e-01 3.473779220754179638e+06
8.664054848188049718e-01 3.473779220754179638e+06
8.681684622918706129e-01 3.473779220754179638e+06
8.699314397649362540e-01 3.397193871493687388e+06
8.716944172380018951e-01 3.397193871493687388e+06
8.734573947110675363e-01 3.397193871493687388e+06
8.752203721841331774e-01 3.322296976031959988e+06
8.769833496571988185e-01 3.322296976031959988e+06
8.787463271302644596e-01 3.249051309543908108e+06
8.805093046033301007e-01 3.177420467888790648e+06
8.822722820763957419e-01 3.249051309543908108e+06
8.840352595494613830e-01 3.177420467888790648e+06
8.857982370225270241e-01 3.177420467888790648e+06
8.875612144955926652e-01 3.107368849516835529e+06
8.893241919686583064e-01 3.107368849516835529e+06
8.910871694417239475e-01 3.038861637774762232e+06
8.928501469147895886e-01 3.038861637774762232e+06
8.946131243878550077e-01 2.971864783601409290e+06
8.963761018609206488e-01 2.971864783601409290e+06
8.981390793339862899e-01 2.906344988604864571e+06
8.999020568070519310e-01 2.906344988604864571e+06
9.016650342801175722e-01 2.906344988604864571e+06
9.034280117531832133e-01 2.906344988604864571e+06
9.051909892262488544e-01 2.842269688512689900e+06
9.069539666993144955e-01 2.842269688512689900e+06
9.087169441723801366e-01 2.779607036987013184e+06
9.104799216454457778e-01 2.718325889796445612e+06
9.122428991185111968e-01 2.718325889796445612e+06
9.140058765915768380e-01 2.658395789336952381e+06
9.157688540646424791e-01 2.658395789336952381e+06
9.175318315377081202e-01 2.658395789336952381e+06
9.192948090107737613e-01 2.658395789336952381e+06
9.210577864838394024e-01 2.599786949493989814e+06
9.228207639569050436e-01 2.599786949493989814e+06
9.245837414299706847e-01 2.599786949493989814e+06
9.263467189030363258e-01 2.542470240838383324e+06
9.281096963761019669e-01 2.542470240838383324e+06
9.298726738491676080e-01 2.486417176148584113e+06
9.316356513222330271e-01 2.486417176148584113e+06
9.333986287952986682e-01 2.431599896252112929e+06
9.351616062683643094e-01 2.431599896252112929e+06
9.369245837414299505e-01 2.377991156179157551e+06
9.386875612144955916e-01 2.377991156179157551e+06
9.404505386875612327e-01 2.325564311621430330e+06
9.422135161606268738e-01 2.325564311621430330e+06
9.439764936336925150e-01 2.325564311621430330e+06
9.457394711067581561e-01 2.274293305689569097e+06
9.475024485798237972e-01 2.274293305689569097e+06
9.492654260528892163e-01 2.224152655962491874e+06
9.510284035259548574e-01 2.224152655962491874e+06
9.527913809990204985e-01 2.175117441822268534e+06
9.545543584720861396e-01 2.127163292068220209e+06
9.563173359451517808e-01 2.127163292068220209e+06
9.580803134182174219e-01 2.127163292068220209e+06
9.598432908912830630e-01 2.127163292068220209e+06
9.616062683643487041e-01 2.080266372804084094e+06
9.633692458374143452e-01 2.080266372804084094e+06
9.651322233104799864e-01 2.034403375592226395e+06
9.668952007835456275e-01 2.034403375592226395e+06
9.686581782566112686e-01 1.989551505869017914e+06
9.704211557296769097e-01 1.989551505869017914e+06
9.721841332027425508e-01 1.989551505869017914e+06
9.739471106758081920e-01 1.945688471615610179e+06
9.757100881488738331e-01 1.945688471615610179e+06
9.774730656219392522e-01 1.945688471615610179e+06
9.792360430950048933e-01 1.902792472278483678e+06
9.809990205680705344e-01 1.902792472278483678e+06
9.827619980411361755e-01 1.860842187934263144e+06
9.845249755142018167e-01 1.860842187934263144e+06
9.862879529872674578e-01 1.860842187934263144e+06
9.880509304603330989e-01 1.819816768693406368e+06
9.898139079333987400e-01 1.819816768693406368e+06
9.915768854064643811e-01 1.779695824337527854e+06
9.933398628795300223e-01 1.779695824337527854e+06
9.951028403525954413e-01 1.779695824337527854e+06
9.968658178256610825e-01 1.779695824337527854e+06
9.986287952987267236e-01 1.740459414185147034e+06
1.000391772771792365e+00 1.702088037180899177e+06
1.002154750244858006e+00 1.740459414185147034e+06
1.003917727717923647e+00 1.702088037180899177e+06
1.005680705190989288e+00 1.702088037180899177e+06
1.007443682664054929e+00 1.664562622203229927e+06
1.009206660137120570e+00 1.627864518585775979e+06
1.010969637610186211e+00 1.627864518585775979e+06
1.012732615083251853e+00 1.627864518585775979e+06
1.014495592556317272e+00 1.591975486847717548e+06
1.016258570029382913e+00 1.591975486847717548e+06
1.018021547502448554e+00 1.556877689628496300e+06
1.019784524975514195e+00 1.556877689628496300e+06
1.021547502448579836e+00 1.556877689628496300e+06
1.023310479921645477e+00 1.556877689628496300e+06
1.025073457394711118e+00 1.556877689628496300e+06
1.026836434867776759e+00 1.522553682822393021e+06
1.028599412340842401e+00 1.488986406908558216e+06
1.030362389813908042e+00 1.488986406908558216e+06
1.032125367286973461e+00 1.488986406908558216e+06
1.033888344760039102e+00 1.456159178472186904e+06
1.035651322233104743e+00 1.456159178472186904e+06
1.037414299706170384e+00 1.424055681912623812e+06
1.039177277179236025e+00 1.424055681912623812e+06
1.040940254652301666e+00 1.424055681912623812e+06
1.042703232125367308e+00 1.392659961334276712e+06
1.044466209598432949e+00 1.392659961334276712e+06
1.046229187071498590e+00 1.361956412616309244e+06
1.047992164544564231e+00 1.361956412616309244e+06
1.049755142017629650e+00 1.331929775657169987e+06
1.051518119490695291e+00 1.331929775657169987e+06
1.053281096963760932e+00 1.331929775657169987e+06
1.055044074436826573e+00 1.331929775657169987e+06
1.056807051909892214e+00 1.302565126790104900e+06
1.058570029382957856e+00 1.302565126790104900e+06
1.060333006856023497e+00 1.302565126790104900e+06
1.062095984329089138e+00 1.273847871365881525e+06
1.063858961802154779e+00 1.273847871365881525e+06
1.065621939275220420e+00 1.245763736499040388e+06
1.067384916748286061e+00 1.245763736499040388e+06
1.069147894221351702e+00 1.245763736499040388e+06
1.070910871694417343e+00 1.218298763974067755e+06
1.072673849167482985e+00 1.218298763974067755e+06
1.074436826640548626e+00 1.191439303307962604e+06
1.076199804113614267e+00 1.191439303307962604e+06
1.077962781586679686e+00 1.191439303307962604e+06
1.079725759059745327e+00 1.165172004965753062e+06
1.081488736532810968e+00 1.139483813725586515e+06
1.083251714005876609e+00 1.139483813725586515e+06
1.085014691478942250e+00 1.139483813725586515e+06
1.086777668952007891e+00 1.139483813725586515e+06
1.088540646425073533e+00 1.114361962190097896e+06
1.090303623898139174e+00 1.139483813725586515e+06
1.092066601371204815e+00 1.114361962190097896e+06
1.093829578844270456e+00 1.114361962190097896e+06
1.095592556317335875e+00 1.089793964440829586e+06
1.097355533790401516e+00 1.089793964440829586e+06
1.099118511263467157e+00 1.089793964440829586e+06
1.100881488736532798e+00 1.065767609832560411e+06
1.102644466209598439e+00 1.042270956924427068e+06
1.104407443682664081e+00 1.042270956924427068e+06
1.106170421155729722e+00 1.042270956924427068e+06
1.107933398628795363e+00 1.019292327544867760e+06
1.109696376101860782e+00 1.019292327544867760e+06
1.111459353574926423e+00 9.968203009874010459e+05
1.113222331047992064e+00 9.968203009874010459e+05
1.114985308521057705e+00 9.968203009874010459e+05
1.116748285994123346e+00 9.968203009874010459e+05
1.118511263467188988e+00 9.748437083343727281e+05
1.120274240940254629e+00 9.748437083343727281e+05
1.122037218413320270e+00 9.533516269058434991e+05
1.123800195886385911e+00 9.533516269058434991e+05
1.125563173359451552e+00 9.323333748308625072e+05
1.127326150832517193e+00 9.323333748308625072e+05
1.129089128305582612e+00 9.323333748308625072e+05
1.130852105778648253e+00 9.117785057384240208e+05
1.132615083251713894e+00 8.916768035654729465e+05
1.134378060724779536e+00 8.916768035654729465e+05
1.136141038197845177e+00 8.916768035654729465e+05
1.137904015670910818e+00 8.916768035654729465e+05
1.139666993143976459e+00 8.720182774793748977e+05
1.141429970617042100e+00 8.527931569123311201e+05
1.143192948090107741e+00 8.527931569123311201e+05
1.144955925563173382e+00 8.339918867052656133e+05
1.146718903036239023e+00 8.339918867052656133e+05
1.148481880509304665e+00 8.339918867052656133e+05
1.150244857982370306e+00 8.156051223587759305e+05
1.152007835455435947e+00 7.976237253887831466e+05
1.153770812928501588e+00 7.976237253887831466e+05
1.155533790401567229e+00 7.976237253887831466e+05
1.157296767874632870e+00 7.976237253887831466e+05
1.159059745347698511e+00 7.800387587845748058e+05
1.160822722820764152e+00 7.800387587845748058e+05
1.162585700293829793e+00 7.628414825669839047e+05
1.164348677766895213e+00 7.628414825669839047e+05
1.166111655239960854e+00 7.460233494444936514e+05
1.167874632713026495e+00 7.295760005651124520e+05
1.169637610186092136e+00 7.295760005651124520e+05
1.171400587659157777e+00 7.295760005651124520e+05
1.173163565132223418e+00 7.134912613619050244e+05
1.174926542605289059e+00 7.134912613619050244e+05
1.176689520078354700e+00 7.134912613619050244e+05
1.178452497551420342e+00 6.977611374901158269e+05
1.180215475024485983e+00 6.977611374901158269e+05
1.181978452497551624e+00 6.823778108538660454e+05
1.183741429970617043e+00 6.823778108538660454e+05
1.185504407443682684e+00 6.673336357204469386e+05
1.187267384916748325e+00 6.673336357204469386e+05
1.189030362389813966e+00 6.673336357204469386e+05
1.190793339862879607e+00 6.526211349202870624e+05
1.192556317335945248e+00 6.526211349202870624e+05
1.194319294809010890e+00 6.382329961306843907e+05
1.196082272282076531e+00 6.382329961306843907e+05
1.197845249755142172e+00 6.382329961306843907e+05
1.199608227228207813e+00 6.241620682414828334e+05
1.201371204701273232e+00 5.837833829713985324e+05
1.203134182174338873e+00 5.969440255395185668e+05
1.204897159647404514e+00 5.969440255395185668e+05
1.206660137120470155e+00 5.837833829713985324e+05
1.208423114593535797e+00 5.837833829713985324e+05
1.210186092066601438e+00 5.709128890694776783e+05
1.211949069539667079e+00 5.709128890694776783e+05
1.213712047012732720e+00 5.583261470147508662e+05
1.215475024485798361e+00 5.583261470147508662e+05
1.217238001958864002e+00 5.460169010169277899e+05
1.219000979431929643e+00 5.460169010169277899e+05
1.220763956904995062e+00 5.339790332052151207e+05
1.222526934378060703e+00 5.339790332052151207e+05
1.224289911851126345e+00 5.222065605876481859e+05
1.226052889324191986e+00 5.222065605876481859e+05
1.227815866797257627e+00 5.222065605876481859e+05
1.229578844270323268e+00 5.106936320774584892e+05
1.231341821743388909e+00 4.994345255849998211e+05
1.233104799216454550e+00 4.994345255849998211e+05
1.234867776689520191e+00 4.884236451737883617e+05
1.236630754162585832e+00 4.884236451737883617e+05
1.238393731635651251e+00 4.776555182792426203e+05
1.240156709108716893e+00 4.776555182792426203e+05
1.241919686581782534e+00 4.671247929887403734e+05
1.243682664054848175e+00 4.568262353816421237e+05
1.245445641527913816e+00 4.568262353816421237e+05
1.247208619000979457e+00 4.467547269279577304e+05
1.248971596474045098e+00 4.369052619443641161e+05
1.250734573947110739e+00 4.369052619443641161e+05
1.252497551420176380e+00 4.272729451063091401e+05
1.254260528893242022e+00 4.272729451063091401e+05
1.256023506366307663e+00 4.178529890149656567e+05
1.257786483839373082e+00 4.178529890149656567e+05
1.259549461312438723e+00 4.086407118178258534e+05
1.261312438785504364e+00 4.086407118178258534e+05
1.263075416258570005e+00 3.996315348817531485e+05
1.264838393731635646e+00 3.908209805173393688e+05
1.266601371204701287e+00 3.908209805173393688e+05
1.268364348677766928e+00 3.822046697534243576e+05
1.270127326150832570e+00 3.737783201606882503e+05
1.271890303623898211e+00 3.737783201606882503e+05
1.273653281096963852e+00 3.655377437232221127e+05
1.275416258570029271e+00 3.655377437232221127e+05
1.277179236043094912e+00 3.574788447570243152e+05
1.278942213516160553e+00 3.495976178743872442e+05
1.280705190989226194e+00 3.418901459931623540e+05
1.282468168462291835e+00 3.418901459931623540e+05
1.284231145935357477e+00 3.343525983899147832e+05
1.285994123408423118e+00 3.269812287959987298e+05
1.287757100881488759e+00 3.269812287959987298e+05
1.289520078354554400e+00 3.269812287959987298e+05
1.291283055827620041e+00 3.197723735356089310e+05
1.293046033300685460e+00 3.127224497048813500e+05
1.294809010773751101e+00 3.058279533911388135e+05
1.296571988246816742e+00 3.058279533911388135e+05
1.298334965719882383e+00 2.990854579313966096e+05
1.300097943192948025e+00 2.924916122092619771e+05
1.301860920666013666e+00 2.735695607830801746e+05
1.303623898139079307e+00 2.797368332886082935e+05
1.305386875612144948e+00 2.797368332886082935e+05
1.307149853085210589e+00 2.735695607830801746e+05
1.308912830558276230e+00 2.735695607830801746e+05
1.310675808031341871e+00 2.675382562504153466e+05
1.312438785504407290e+00 2.675382562504153466e+05
1.314201762977472931e+00 2.616399220462534577e+05
1.315964740450538573e+00 2.558716266143837420e+05
1.317727717923604214e+00 2.502305030297195481e+05
1.319490695396669855e+00 2.447137475733957835e+05
1.321253672869735496e+00 2.393186183392806852e+05
1.323016650342801137e+00 2.393186183392806852e+05
1.324779627815866778e+00 2.340424338712093304e+05
1.326542605288932419e+00 2.288825718302616733e+05
1.328305582761998060e+00 2.238364676914227603e+05
1.330068560235063480e+00 2.238364676914227603e+05
1.331831537708129121e+00 2.189016134689771570e+05
1.333594515181194762e+00 2.140755564700039686e+05
1.335357492654260403e+00 2.140755564700039686e+05
1.337120470127326044e+00 2.093558980753550422e+05
1.338883447600391685e+00 2.047402925475045631e+05
1.340646425073457326e+00 2.002264458646858111e+05
1.342409402546522967e+00 1.958121145807290741e+05
1.344172380019588608e+00 1.958121145807290741e+05
1.345935357492654250e+00 1.914951047100370342e+05
1.347698334965719891e+00 1.872732706371425884e+05
1.349461312438785310e+00 1.872732706371425884e+05
1.351224289911850951e+00 1.831445140503073344e+05
1.352987267384916592e+00 1.791067828986307723e+05
1.354750244857982233e+00 1.791067828986307723e+05
1.356513222331047874e+00 1.751580703721516766e+05
1.358276199804113515e+00 1.712964139044350304e+05
1.360039177277179157e+00 1.675198941971480381e+05
1.361802154750244798e+00 1.638266342661430244e+05
1.363565132223310439e+00 1.602147985085672990e+05
1.365328109696376080e+00 1.602147985085672990e+05
1.367091087169441721e+00 1.532282585549640062e+05
1.368854064642507362e+00 1.498500819489501300e+05
1.370617042115573003e+00 1.498500819489501300e+05
1.372380019588638644e+00 1.465463829705555981e+05
1.374142997061704285e+00 1.465463829705555981e+05
1.375905974534769927e+00 1.433155196342767740e+05
1.377668952007835568e+00 1.401558861549628491e+05
1.379431929480901209e+00 1.370659121497175656e+05
1.381194906953966850e+00 1.370659121497175656e+05
1.382957884427032491e+00 1.340440618573967367e+05
1.384720861900097910e+00 1.310888333753128827e+05
1.386483839373163551e+00 1.281987579127683275e+05
1.388246816846229192e+00 1.253723990610451438e+05
1.390009794319294834e+00 1.226083520794896031e+05
1.391772771792360475e+00 1.226083520794896031e+05
1.393535749265426116e+00 1.199052431973360362e+05
1.395298726738491757e+00 1.172617289309231710e+05
1.397061704211557398e+00 1.096757593764647754e+05
1.398824681684623039e+00 1.121482577545344102e+05
1.400587659157688680e+00 1.121482577545344102e+05
1.402350636630754321e+00 1.121482577545344102e+05
1.404113614103819740e+00 1.096757593764647754e+05
1.405876591576885382e+00 1.048930920950495929e+05
1.407639569049951023e+00 1.025805461378634354e+05
1.409402546523016664e+00 1.025805461378634354e+05
1.411165523996082305e+00 1.003189841749259358e+05
1.412928501469147946e+00 9.810728217769121693e+04
1.414691478942213587e+00 9.594434089872734330e+04
1.416454456415279228e+00 9.382908532537473366e+04
1.418217433888344869e+00 9.176046414544948493e+04
1.419980411361410511e+00 8.973744922472622420e+04
1.421743388834475930e+00 8.775903509594078059e+04
1.423506366307541571e+00 8.582423845905860071e+04
1.425269343780607212e+00 8.393209769256055006e+04
1.427032321253672853e+00 8.208167237550343270e+04
1.428795298726738494e+00 8.027204282011723262e+04
1.430558276199804135e+00 7.850230961470725015e+04
1.432321253672869776e+00 7.677159317663368711e+04
1.434084231145935417e+00 7.507903331514645834e+04
1.435847208619001059e+00 7.507903331514645834e+04
1.437610186092066700e+00 7.342378880385817320e+04
1.439373163565132341e+00 7.180503696264263999e+04
1.441136141038197760e+00 7.022197324875104823e+04
1.442899118511263401e+00 6.867381085694281501e+04
1.444662095984329042e+00 6.715978032843211258e+04
1.446425073457394683e+00 6.567912916845591099e+04
1.448188050930460324e+00 6.423112147227332753e+04
1.449951028403525966e+00 6.423112147227332753e+04
1.451714005876591607e+00 6.281503755941050622e+04
1.453476983349657248e+00 6.143017361596898991e+04
1.455239960822722889e+00 6.007584134482072113e+04
1.457002938295788530e+00 5.875136762351378275e+04
1.458765915768853949e+00 5.745609416972142935e+04
1.460528893241919590e+00 5.618937721406628407e+04
1.462291870714985231e+00 5.495058718015775230e+04
1.464054848188050872e+00 5.373910837168360740e+04
1.465817825661116514e+00 5.255433866640012275e+04
1.467580803134182155e+00 5.139568921686872636e+04
1.469343780607247796e+00 5.026258415779043571e+04
1.471106758080313437e+00 4.915446031979259715e+04
1.472869735553379078e+00 4.807076694952566322e+04
1.474632713026444719e+00 4.701096543593085516e+04
1.476395690499510360e+00 4.597452904254313034e+04
1.478158667972575779e+00 4.496094264569508960e+04
1.479921645445641420e+00 4.396970247849357838e+04
1.481684622918707062e+00 4.300031588044021191e+04
1.483447600391772703e+00 4.205230105257212563e+04
1.485210577864838344e+00 4.112518681800099876e+04
1.486973555337903985e+00 4.021851238773141813e+04
1.488736532810969626e+00 3.933182713164219604e+04
1.490499510284035267e+00 3.846469035451675154e+04
1.492262487757100908e+00 3.761667107701131317e+04
1.494025465230166549e+00 3.678734782145205827e+04
1.495788442703231969e+00 3.597630840235464711e+04
1.497551420176297610e+00 3.518314972156222939e+04
1.499314397649363251e+00 3.518314972156222939e+04
1.501077375122428892e+00 3.440747756789984123e+04
1.502840352595494533e+00 3.364890642124589067e+04
1.504603330068560174e+00 3.290705926092312438e+04
1.506366307541625815e+00 3.218156737831396822e+04
1.508129285014691456e+00 3.147207019360712002e+04
1.509892262487757097e+00 3.077821507658421615e+04
1.511655239960822739e+00 3.009965717135758678e+04
1.513418217433888158e+00 2.943605922497197025e+04
1.515181194906953799e+00 2.878709141978497792e+04
1.516944172380019440e+00 2.753176315907126627e+04
1.518707149853085081e+00 2.692477878749774754e+04
1.520470127326150722e+00 2.633117641493408883e+04
1.522233104799216363e+00 2.575066101253625311e+04
1.523996082272282004e+00 2.518294405587097935e+04
1.525759059745347646e+00 2.462774338151505435e+04
1.527522037218413287e+00 2.408478304681605732e+04
1.529285014691478928e+00 2.355379319274492809e+04
1.531047992164544569e+00 2.303450990977217225e+04
1.532810969637609988e+00 2.252667510670107367e+04
1.534573947110675629e+00 2.203003638239264183e+04
1.536336924583741270e+00 2.154434690031882201e+04
1.538099902056806911e+00 2.106936526588095512e+04
1.539862879529872552e+00 2.060485540643339482e+04
1.541625857002938194e+00 2.015058645395200074e+04
1.543388834476003835e+00 1.927187313496015486e+04
1.545151811949069476e+00 1.884699203539955124e+04
1.546914789422135117e+00 1.843147815964223628e+04
1.548677766895200758e+00 1.802512499136665792e+04
1.550440744368266399e+00 1.762773056725350398e+04
1.552203721841332040e+00 1.723909737660707469e+04
1.553966699314397681e+00 1.685903226318963425e+04
1.555729676787463323e+00 1.648734632922001038e+04
1.557492654260528964e+00 1.612385484148871183e+04
1.559255631733594605e+00 1.576837713954287574e+04
1.561018609206660246e+00 1.542073654589545731e+04
1.562781586679725887e+00 1.410514624478958831e+04
1.564544564152791528e+00 1.442312855383354145e+04
1.566307541625857169e+00 1.442312855383354145e+04
1.568070519098922810e+00 1.379417439457136788e+04
1.569833496571988229e+00 1.349005844573477953e+04
1.571596474045053871e+00 1.319264724831655440e+04
1.573359451518119512e+00 1.290179298471040602e+04
1.575122428991185153e+00 1.261735109619968716e+04
1.576885406464250794e+00 1.233918021110960944e+04
1.578648383937316435e+00 1.206714207454351708e+04
1.580411361410382076e+00 1.180110147966821751e+04
1.582174338883447717e+00 1.128648692625778494e+04
1.583937316356513358e+00 1.103765719695110420e+04
1.585700293829579000e+00 1.079431334067040552e+04
1.587463271302644419e+00 1.055633441204898372e+04
1.589226248775710060e+00 1.032360213216569355e+04
1.590989226248775701e+00 1.009600082975862097e+04
1.592752203721841342e+00 9.873417383734837131e+03
1.594515181194906983e+00 9.655741166947582315e+03
1.596278158667972624e+00 9.442863991213009285e+03
1.598041136141038265e+00 9.234680053539110304e+03
1.599804113614103906e+00 9.031085883540117720e+03
1.601567091087169548e+00 8.831980292010252015e+03
1.603330068560235189e+00 8.446841192788609987e+03
1.605093046033300830e+00 8.260616265472364830e+03
1.606856023506366249e+00 8.078496982238014425e+03
1.608619000979431890e+00 7.900392827204751484e+03
1.610381978452497531e+00 7.726215280067715867e+03
1.612144955925563172e+00 7.389295643137630577e+03
1.613907933398628813e+00 7.226386099480488156e+03
1.615670910871694455e+00 7.067068172764429619e+03
1.617433888344760096e+00 6.911262679707975622e+03
1.619196865817825737e+00 6.758892182759258503e+03
1.620959843290891378e+00 6.464154925548780739e+03
1.622722820763957019e+00 6.321641676667170032e+03
1.624485798237022438e+00 5.782323048653670412e+03
1.626248775710088079e+00 5.912678055453275192e+03
1.628011753183153720e+00 5.408249367487245763e+03
1.629774730656219361e+00 5.530171366161620426e+03
1.631537708129285003e+00 5.530171366161620426e+03
1.633300685602350644e+00 5.408249367487245763e+03
1.635063663075416285e+00 5.289015345871179306e+03
1.636826640548481926e+00 5.172410040304377617e+03
1.638589618021547567e+00 4.946855037024996818e+03
1.640352595494613208e+00 4.837793235259329776e+03
1.642115572967678627e+00 4.731135885719440921e+03
1.643878550440744268e+00 4.626829978181648585e+03
1.645641527913809909e+00 4.524823671122495398e+03
1.647404505386875551e+00 4.425066265952737922e+03
1.649167482859941192e+00 4.327508181819447600e+03
1.650930460333006833e+00 4.138797094621032556e+03
1.652693437806072474e+00 4.047550299454510878e+03
1.654456415279138115e+00 3.958315194505661111e+03
1.656219392752203756e+00 3.871047428654809664e+03
1.657982370225269397e+00 3.785703628577873587e+03
1.659745347698335038e+00 3.702241377189196101e+03
1.661508325171400458e+00 3.540796507299524819e+03
1.663271302644466099e+00 3.462733648395961154e+03
1.665034280117531740e+00 3.386391817494892166e+03
1.666797257590597381e+00 3.238720304303068133e+03
1.668560235063663022e+00 3.097488351854246048e+03
1.670323212536728663e+00 3.029198972425705051e+03
1.672086190009794304e+00 3.029198972425705051e+03
1.673849167482859945e+00 2.897103686314325842e+03
1.675612144955925586e+00 2.833232126390586018e+03
1.677375122428991228e+00 2.770768723236092683e+03
1.679138099902056647e+00 2.649942890870500378e+03
1.680901077375122288e+00 2.591520409497716173e+03
1.682664054848187929e+00 2.534385950724027680e+03
1.684427032321253570e+00 2.478511117908672986e+03
1.686190009794319211e+00 2.423868140462962401e+03
1.687952987267384852e+00 2.370429860047883267e+03
1.689715964740450493e+00 2.267061737511105548e+03
1.691478942213516135e+00 2.217080519958456534e+03
1.693241919686581776e+00 1.983225330910287539e+03
1.695004897159647417e+00 2.027934585187623725e+03
1.696767874632713058e+00 2.027934585187623725e+03
1.698530852105778477e+00 1.939501767903585005e+03
1.700293829578844118e+00 1.896742164933195454e+03
1.702056807051909759e+00 1.814030299110881060e+03
1.703819784524975400e+00 1.774036927282155602e+03
1.705582761998041041e+00 1.734925277104394127e+03
1.707345739471106683e+00 1.659269814077001229e+03
1.709108716944172324e+00 1.622688399383384194e+03
1.710871694417237965e+00 1.551927287176047457e+03
1.712634671890303606e+00 1.517712420380493995e+03
1.714397649363369247e+00 1.484251878300736507e+03
1.716160626836434666e+00 1.451529030570210580e+03
1.717923604309500307e+00 1.419527613466958883e+03
1.719686581782565948e+00 1.388231721830334664e+03
1.721449559255631589e+00 1.357625801155908903e+03
1.723212536728697231e+00 1.327694639864660530e+03
1.724975514201762872e+00 1.298423361742603447e+03
1.726738491674828513e+00 1.269797418547096868e+03
1.728501469147894154e+00 1.214424940597207524e+03
1.730264446620959795e+00 1.187650884931661494e+03
1.732027424094025436e+00 1.135860598168208526e+03
1.733790401567091077e+00 1.110818626559242148e+03
1.735553379040156718e+00 1.086328747648160970e+03
1.737316356513222360e+00 1.062378789615915821e+03
1.739079333986288001e+00 1.016051284737423657e+03
1.740842311459353642e+00 9.936507124606129082e+02
1.742605288932419283e+00 9.717439987575436362e+02
1.744368266405484924e+00 9.503202556791114830e+02
1.746131243878550565e+00 9.293688353194997944e+02
1.747894221351616206e+00 8.888415397136184311e+02
1.749657198824681847e+00 8.692455218235055554e+02
1.751420176297747489e+00 8.313400435265933766e+02
1.753183153770812908e+00 8.130117435565412052e+02
1.754946131243878549e+00 7.950875220167381485e+02
1.756709108716944190e+00 7.604158762580954090e+02
1.758472086190009831e+00 6.955424670902078788e+02
1.760235063663075472e+00 7.112225739026539486e+02
1.761998041136141113e+00 6.955424670902078788e+02
1.763761018609206754e+00 6.362036073030795933e+02
1.765523996082272395e+00 6.505459961419797992e+02
1.767286973555338037e+00 6.505459961419797992e+02
1.769049951028403678e+00 6.362036073030795933e+02
1.770812928501469097e+00 6.221774207293937025e+02
1.772575905974534738e+00 6.084604652061789238e+02
1.774338883447600379e+00 5.950459232109337790e+02
1.776101860920666020e+00 5.690975579198234300e+02
1.777864838393731661e+00 5.565508379163799191e+02
1.779627815866797302e+00 5.322811406005839672e+02
1.781390793339862944e+00 5.205461009025749490e+02
1.783153770812928585e+00 5.090697800398012305e+02
1.784916748285994226e+00 4.868706049914993628e+02
1.786679725759059867e+00 4.761367174994077232e+02
1.788442703232125508e+00 4.656394767457131252e+02
1.790205680705190927e+00 4.553736654520693605e+02
1.791968658178256568e+00 4.453341813638705844e+02
1.793731635651322209e+00 4.073413573499505560e+02
1.795494613124387850e+00 4.165243422783828464e+02
1.797257590597453492e+00 4.165243422783828464e+02
1.799020568070519133e+00 3.983608268848866487e+02
1.800783545543584774e+00 3.809893739423986858e+02
1.802546523016650415e+00 3.725898176051424571e+02
1.804309500489716056e+00 3.643754437204377723e+02
1.806072477962781697e+00 3.563421696273254042e+02
1.807835455435847116e+00 3.484860026740250873e+02
1.809598432908912757e+00 3.408030382335306285e+02
1.811361410381978398e+00 3.332894577629544983e+02
1.813124387855044040e+00 3.187555936352213735e+02
1.814887365328109681e+00 3.117280864403372220e+02
1.816650342801175322e+00 3.048555125497159111e+02
1.818413320274240963e+00 2.981344561961294630e+02
1.820176297747306604e+00 2.915615769187267006e+02
1.821939275220372245e+00 2.851336079027761912e+02
1.823702252693437886e+00 2.788473543560129428e+02
1.825465230166503527e+00 2.726996919207811061e+02
1.827228207639568947e+00 2.666875651211831837e+02
1.828991185112634588e+00 2.608079858444662591e+02
1.830754162585700229e+00 2.550580318558856447e+02
1.832517140058765870e+00 2.494348453463135797e+02
1.834280117531831511e+00 2.385576571648504967e+02
1.836043095004897152e+00 2.332982493753225413e+02
1.837806072477962793e+00 2.281547941426116495e+02
1.839569049951028434e+00 2.231247350961204745e+02
1.841332027424094075e+00 2.182055722247733343e+02
1.843095004897159717e+00 2.133948606344749521e+02
1.844857982370225136e+00 2.086902093329630645e+02
1.846620959843290777e+00 2.040892800414520423e+02
1.848383937316356418e+00 1.995897860324736826e+02
1.850146914789422059e+00 1.825621696198186896e+02
1.851909892262487700e+00 1.866777980034115103e+02
1.853672869735553341e+00 1.866777980034115103e+02
1.855435847208618982e+00 1.825621696198186896e+02
1.857198824681684624e+00 1.785372772378982233e+02
1.858961802154750265e+00 1.746011204287406429e+02
1.860724779627815906e+00 1.707517428662813757e+02
1.862487757100881325e+00 1.669872313549790590e+02
1.864250734573946966e+00 1.633057148789299049e+02
1.866013712047012607e+00 1.597053636719462020e+02
1.867776689520078248e+00 1.561843883081363913e+02
1.869539666993143889e+00 1.527410388125348675e+02
1.871302644466209530e+00 1.493736037913393488e+02
1.873065621939275172e+00 1.493736037913393488e+02
1.874828599412340813e+00 1.460804095813243180e+02
1.876591576885406454e+00 1.428598194180057135e+02
1.878354554358472095e+00 1.397102326221461226e+02
1.880117531831537736e+00 1.366300838041942711e+02
1.881880509304603155e+00 1.336178420862641474e+02
1.883643486777668796e+00 1.306720103412667982e+02
1.885406464250734437e+00 1.277911244488168307e+02
1.887169441723800078e+00 1.249737525675437126e+02
1.888932419196865720e+00 1.222184944234462023e+02
1.890695396669931361e+00 1.195239806139361605e+02
1.892458374142997002e+00 1.168888719272259920e+02
1.894221351616062643e+00 1.168888719272259920e+02
