2.046300302899178192e+00 1.667143924847141141e+06
2.051925573344872689e+00 1.675773223160024732e+06
2.057550843790567185e+00 1.684447187556176214e+06
2.063176114236261238e+00 1.684447187556176214e+06
2.068801384681955735e+00 1.684447187556176214e+06
2.074426655127650676e+00 1.675773223160024732e+06
2.080051925573345173e+00 1.675773223160024732e+06
2.085677196019039670e+00 1.675773223160024732e+06
2.091302466464734167e+00 1.667143924847141141e+06
2.096927736910428219e+00 1.667143924847141141e+06
2.102553007356123160e+00 1.667143924847141141e+06
2.108178277801817657e+00 1.658559062612093054e+06
2.113803548247512154e+00 1.658559062612093054e+06
2.119428818693206651e+00 1.650018407633836614e+06
2.125054089138901148e+00 1.650018407633836614e+06
2.130679359584595645e+00 1.641521732269633561e+06
2.136304630030290141e+00 1.641521732269633561e+06
2.141929900475984638e+00 1.641521732269633561e+06
2.147555170921679135e+00 1.633068810048973886e+06
2.153180441367373632e+00 1.633068810048973886e+06
2.158805711813068129e+00 1.633068810048973886e+06
2.164430982258762626e+00 1.624659415667552734e+06
2.170056252704457123e+00 1.624659415667552734e+06
2.175681523150151619e+00 1.624659415667552734e+06
2.181306793595846116e+00 1.616293324981255922e+06
2.186932064041540613e+00 1.616293324981255922e+06
2.192557334487235110e+00 1.616293324981255922e+06
2.198182604932929607e+00 1.607970315000180388e+06
2.203807875378624104e+00 1.607970315000180388e+06
2.209433145824318601e+00 1.599690163882700028e+06
2.215058416270013097e+00 1.599690163882700028e+06
2.220683686715707594e+00 1.599690163882700028e+06
2.226308957161402091e+00 1.591452650929546217e+06
2.231934227607096588e+00 1.591452650929546217e+06
2.237559498052791085e+00 1.591452650929546217e+06
2.243184768498485582e+00 1.583257556577935116e+06
2.248810038944180079e+00 1.583257556577935116e+06
2.254435309389874575e+00 1.583257556577935116e+06
2.260060579835569072e+00 1.575104662395708496e+06
2.265685850281263569e+00 1.575104662395708496e+06
2.271311120726958066e+00 1.575104662395708496e+06
2.276936391172652563e+00 1.566993751075505977e+06
2.282561661618347060e+00 1.566993751075505977e+06
2.288186932064041557e+00 1.558924606428982690e+06
2.293812202509736053e+00 1.558924606428982690e+06
2.299437472955430550e+00 1.558924606428982690e+06
2.305062743401125047e+00 1.550897013381041586e+06
2.310688013846819544e+00 1.550897013381041586e+06
2.316313284292514041e+00 1.542910757964101620e+06
2.321938554738208538e+00 1.542910757964101620e+06
2.327563825183903035e+00 1.542910757964101620e+06
2.333189095629597531e+00 1.534965627312400378e+06
2.338814366075292028e+00 1.534965627312400378e+06
2.344439636520986525e+00 1.534965627312400378e+06
2.350064906966681022e+00 1.534965627312400378e+06
2.355690177412375519e+00 1.527061409656315576e+06
2.361315447858070016e+00 1.527061409656315576e+06
2.366940718303764513e+00 1.519197894316714490e+06
2.372565988749459009e+00 1.519197894316714490e+06
2.378191259195153506e+00 1.519197894316714490e+06
2.383816529640848003e+00 1.511374871699348092e+06
2.389441800086542500e+00 1.511374871699348092e+06
2.395067070532236997e+00 1.511374871699348092e+06
2.400692340977931494e+00 1.503592133289257064e+06
2.406317611423625991e+00 1.503592133289257064e+06
2.411942881869320487e+00 1.503592133289257064e+06
2.417568152315014984e+00 1.495849471645224839e+06
2.423193422760709481e+00 1.495849471645224839e+06
2.428818693206403978e+00 1.495849471645224839e+06
2.434443963652098475e+00 1.488146680394240655e+06
2.440069234097792972e+00 1.488146680394240655e+06
2.445694504543487469e+00 1.480483554225994274e+06
2.451319774989181965e+00 1.480483554225994274e+06
2.456945045434876462e+00 1.472859888887412380e+06
2.462570315880570959e+00 1.472859888887412380e+06
2.468195586326265456e+00 1.472859888887412380e+06
2.473820856771959953e+00 1.465275481177207548e+06
2.479446127217654450e+00 1.465275481177207548e+06
2.485071397663348947e+00 1.465275481177207548e+06
2.490696668109043443e+00 1.465275481177207548e+06
2.496321938554737940e+00 1.457730128940475173e+06
2.501947209000432437e+00 1.457730128940475173e+06
2.507572479446127378e+00 1.450223631063283654e+06
2.513197749891821431e+00 1.450223631063283654e+06
2.518823020337515928e+00 1.450223631063283654e+06
2.524448290783210425e+00 1.442755787467337679e+06
2.530073561228904921e+00 1.442755787467337679e+06
2.535698831674599862e+00 1.435326399104625685e+06
2.541324102120294359e+00 1.435326399104625685e+06
2.546949372565988856e+00 1.435326399104625685e+06
2.552574643011682909e+00 1.427935267952124355e+06
2.558199913457377406e+00 1.427935267952124355e+06
2.563825183903072347e+00 1.427935267952124355e+06
2.569450454348766844e+00 1.420582197006516159e+06
2.575075724794461340e+00 1.420582197006516159e+06
2.580700995240155837e+00 1.420582197006516159e+06
2.586326265685849890e+00 1.413266990278946934e+06
2.591951536131544831e+00 1.413266990278946934e+06
2.597576806577239328e+00 1.413266990278946934e+06
2.603202077022933825e+00 1.405989452789795818e+06
2.608827347468628322e+00 1.405989452789795818e+06
2.614452617914322818e+00 1.398749390563471941e+06
2.620077888360017315e+00 1.398749390563471941e+06
2.625703158805711368e+00 1.391546610623253975e+06
2.631328429251405865e+00 1.391546610623253975e+06
2.636953699697101250e+00 1.391546610623253975e+06
2.642578970142795747e+00 1.391546610623253975e+06
2.648204240588489800e+00 1.384380920986140613e+06
2.653829511034184296e+00 1.384380920986140613e+06
2.659454781479878793e+00 1.377252130657744128e+06
2.665080051925573290e+00 1.377252130657744128e+06
2.670705322371267787e+00 1.377252130657744128e+06
2.676330592816962284e+00 1.370160049627180444e+06
2.681955863262656781e+00 1.370160049627180444e+06
2.687581133708351278e+00 1.370160049627180444e+06
2.693206404154046218e+00 1.363104488862026716e+06
2.698831674599740715e+00 1.363104488862026716e+06
2.704456945045435212e+00 1.356085260303263087e+06
2.710082215491129709e+00 1.356085260303263087e+06
2.715707485936824206e+00 1.349102176860272186e+06
2.721332756382518259e+00 1.349102176860272186e+06
2.726958026828212756e+00 1.349102176860272186e+06
2.732583297273907252e+00 1.342155052405845840e+06
2.738208567719601749e+00 1.342155052405845840e+06
2.743833838165296246e+00 1.342155052405845840e+06
2.749459108610991187e+00 1.335243701771233464e+06
2.755084379056685684e+00 1.335243701771233464e+06
2.760709649502380181e+00 1.328367940741199534e+06
2.766334919948074678e+00 1.328367940741199534e+06
2.771960190393769174e+00 1.328367940741199534e+06
2.777585460839463671e+00 1.321527586049109232e+06
2.783210731285158168e+00 1.321527586049109232e+06
2.788836001730852665e+00 1.321527586049109232e+06
2.794461272176546718e+00 1.314722455372051802e+06
2.800086542622241215e+00 1.314722455372051802e+06
2.805711813067936156e+00 1.307952367325974628e+06
2.811337083513630652e+00 1.307952367325974628e+06
2.816962353959325149e+00 1.307952367325974628e+06
2.822587624405019646e+00 1.301217141460860381e+06
2.828212894850714143e+00 1.301217141460860381e+06
2.833838165296408640e+00 1.294516598255897872e+06
2.839463435742103137e+00 1.294516598255897872e+06
2.845088706187797634e+00 1.287850559114718344e+06
2.850713976633492130e+00 1.287850559114718344e+06
2.856339247079186627e+00 1.287850559114718344e+06
2.861964517524881124e+00 1.281218846360618249e+06
2.867589787970575621e+00 1.281218846360618249e+06
2.873215058416270118e+00 1.274621283231830923e+06
2.878840328861964615e+00 1.274621283231830923e+06
2.884465599307659112e+00 1.274621283231830923e+06
2.890090869753353608e+00 1.268057693876812700e+06
2.895716140199048105e+00 1.268057693876812700e+06
2.901341410644742602e+00 1.261527903349562548e+06
2.906966681090437099e+00 1.261527903349562548e+06
2.912591951536131596e+00 1.255031737604953349e+06
2.918217221981826093e+00 1.255031737604953349e+06
2.923842492427520590e+00 1.248569023494088789e+06
2.929467762873215086e+00 1.248569023494088789e+06
2.935093033318909583e+00 1.248569023494088789e+06
2.940718303764604080e+00 1.242139588759695180e+06
2.946343574210298577e+00 1.242139588759695180e+06
2.951968844655993074e+00 1.235743262031525373e+06
2.957594115101687571e+00 1.235743262031525373e+06
2.963219385547382068e+00 1.229379872821798781e+06
2.968844655993076564e+00 1.229379872821798781e+06
2.974469926438771061e+00 1.223049251520650927e+06
2.980095196884465558e+00 1.223049251520650927e+06
2.985720467330160055e+00 1.223049251520650927e+06
2.991345737775854552e+00 1.216751229391610017e+06
2.996971008221549049e+00 1.216751229391610017e+06
3.002596278667243546e+00 1.210485638567104470e+06
3.008221549112938042e+00 1.210485638567104470e+06
3.013846819558632539e+00 1.204252312043984886e+06
3.019472090004327036e+00 1.204252312043984886e+06
3.025097360450021533e+00 1.198051083679083269e+06
3.030722630895716030e+00 1.198051083679083269e+06
3.036347901341410971e+00 1.191881788184765261e+06
3.041973171787105468e+00 1.191881788184765261e+06
3.047598442232799520e+00 1.185744261124545941e+06
3.053223712678494017e+00 1.185744261124545941e+06
3.058848983124188514e+00 1.179638338908690261e+06
3.064474253569883011e+00 1.179638338908690261e+06
3.070099524015577508e+00 1.173563858789860271e+06
3.075724794461272005e+00 1.173563858789860271e+06
3.081350064906966502e+00 1.167520658858774463e+06
3.086975335352660998e+00 1.167520658858774463e+06
3.092600605798355939e+00 1.161508578039898304e+06
3.098225876244050436e+00 1.161508578039898304e+06
3.103851146689744933e+00 1.155527456087147119e+06
3.109476417135439430e+00 1.155527456087147119e+06
3.115101687581133927e+00 1.149577133579608519e+06
3.120726958026827980e+00 1.143657451917302562e+06
3.126352228472522476e+00 1.143657451917302562e+06
3.131977498918216973e+00 1.137768253316947492e+06
3.137602769363911470e+00 1.137768253316947492e+06
3.143228039809605967e+00 1.137768253316947492e+06
3.148853310255300908e+00 1.131909380807765061e+06
3.154478580700995405e+00 1.126080678227279801e+06
3.160103851146689902e+00 1.126080678227279801e+06
3.165729121592384399e+00 1.126080678227279801e+06
3.171354392038078895e+00 1.120281990217174403e+06
3.176979662483773392e+00 1.120281990217174403e+06
3.182604932929467889e+00 1.114513162219134858e+06
3.188230203375162386e+00 1.114513162219134858e+06
3.193855473820856439e+00 1.108774040470737033e+06
3.199480744266550936e+00 1.108774040470737033e+06
3.205106014712245877e+00 1.103064472001346759e+06
3.210731285157940373e+00 1.103064472001346759e+06
3.216356555603634870e+00 1.103064472001346759e+06
3.221981826049329367e+00 1.097384304628047161e+06
3.227607096495023864e+00 1.097384304628047161e+06
3.233232366940718361e+00 1.091733386951578548e+06
3.238857637386412858e+00 1.091733386951578548e+06
3.244482907832107355e+00 1.091733386951578548e+06
3.250108178277801851e+00 1.086111568352298811e+06
3.255733448723496348e+00 1.086111568352298811e+06
3.261358719169190845e+00 1.080518698986175237e+06
3.266983989614885342e+00 1.080518698986175237e+06
3.272609260060579839e+00 1.074954629780786112e+06
3.278234530506274336e+00 1.074954629780786112e+06
3.283859800951968833e+00 1.069419212431356311e+06
3.289485071397663329e+00 1.069419212431356311e+06
3.295110341843357826e+00 1.069419212431356311e+06
3.300735612289052323e+00 1.063912299396789167e+06
3.306360882734746820e+00 1.063912299396789167e+06
3.311986153180441317e+00 1.063912299396789167e+06
3.317611423626135814e+00 1.058433743895750260e+06
3.323236694071830755e+00 1.058433743895750260e+06
3.328861964517524807e+00 1.052983399902741658e+06
3.334487234963219304e+00 1.052983399902741658e+06
3.340112505408913801e+00 1.052983399902741658e+06
3.345737775854608298e+00 1.047561122144217137e+06
3.351363046300302795e+00 1.047561122144217137e+06
3.356988316745997292e+00 1.042166766094706487e+06
3.362613587191691789e+00 1.042166766094706487e+06
3.368238857637386285e+00 1.036800187972969026e+06
3.373864128083080782e+00 1.036800187972969026e+06
3.379489398528775723e+00 1.036800187972969026e+06
3.385114668974470220e+00 1.031461244738157489e+06
3.390739939420164717e+00 1.031461244738157489e+06
3.396365209865859214e+00 1.031461244738157489e+06
3.401990480311553267e+00 1.026149794086000649e+06
3.407615750757247763e+00 1.026149794086000649e+06
3.413241021202942260e+00 1.020865694445017842e+06
3.418866291648636757e+00 1.020865694445017842e+06
3.424491562094331254e+00 1.015608804972740123e+06
3.430116832540025751e+00 1.015608804972740123e+06
3.435742102985720692e+00 1.015608804972740123e+06
3.441367373431415189e+00 1.010378985551962978e+06
3.446992643877109685e+00 1.010378985551962978e+06
3.452617914322804182e+00 1.005176096787007176e+06
3.458243184768498679e+00 1.005176096787007176e+06
3.463868455214193176e+00 1.005176096787007176e+06
3.469493725659887673e+00 1.000000000000000000e+06
3.475118996105581726e+00 1.000000000000000000e+06
3.480744266551276223e+00 1.000000000000000000e+06
3.486369536996970719e+00 9.948505572271830169e+05
3.491994807442665660e+00 9.948505572271830169e+05
3.497620077888360157e+00 9.897276312152375467e+05
3.503245348334054654e+00 9.897276312152375467e+05
3.508870618779749151e+00 9.846310854176188586e+05
3.514495889225443648e+00 9.846310854176188586e+05
3.520121159671138145e+00 9.846310854176188586e+05
3.525746430116832641e+00 9.795607839909242466e+05
3.531371700562527138e+00 9.795607839909242466e+05
3.536996971008221635e+00 9.745165917912670411e+05
3.542622241453916132e+00 9.745165917912670411e+05
3.548247511899610185e+00 9.745165917912670411e+05
3.553872782345305126e+00 9.694983743706783280e+05
3.559498052790999623e+00 9.694983743706783280e+05
3.565123323236694119e+00 9.645059979735175148e+05
3.570748593682388616e+00 9.645059979735175148e+05
3.576373864128083113e+00 9.595393295329140965e+05
3.581999134573777610e+00 9.595393295329140965e+05
3.587624405019472107e+00 9.545982366672171047e+05
3.593249675465166604e+00 9.545982366672171047e+05
3.598874945910861101e+00 9.545982366672171047e+05
3.604500216356555597e+00 9.496825876764681889e+05
3.610125486802250094e+00 9.496825876764681889e+05
3.615750757247944591e+00 9.447922515388875036e+05
3.621376027693639088e+00 9.447922515388875036e+05
3.627001298139333585e+00 9.399270979073869530e+05
3.632626568585028082e+00 9.399270979073869530e+05
3.638251839030722579e+00 9.350869971060930984e+05
3.643877109476417075e+00 9.350869971060930984e+05
3.649502379922111572e+00 9.302718201268907869e+05
3.655127650367806069e+00 9.302718201268907869e+05
3.660752920813500566e+00 9.254814386259829625e+05
3.666378191259195507e+00 9.254814386259829625e+05
3.672003461704889560e+00 9.207157249204742257e+05
3.677628732150584057e+00 9.207157249204742257e+05
3.683254002596278553e+00 9.159745519849635893e+05
3.688879273041973050e+00 9.159745519849635893e+05
3.694504543487667547e+00 9.112577934481611010e+05
3.700129813933362044e+00 9.112577934481611010e+05
3.705755084379056541e+00 9.065653235895164544e+05
3.711380354824751038e+00 9.065653235895164544e+05
3.717005625270445535e+00 9.018970173358719330e+05
3.722630895716140476e+00 9.018970173358719330e+05
3.728256166161834972e+00 8.972527502581273438e+05
3.733881436607529469e+00 8.972527502581273438e+05
3.739506707053223966e+00 8.972527502581273438e+05
3.745131977498918019e+00 8.926323985679204343e+05
3.750757247944612516e+00 8.926323985679204343e+05
3.756382518390307013e+00 8.880358391143325716e+05
3.762007788836001509e+00 8.880358391143325716e+05
3.767633059281696006e+00 8.834629493806026876e+05
3.773258329727390503e+00 8.834629493806026876e+05
3.778883600173085444e+00 8.789136074808640406e+05
3.784508870618779941e+00 8.789136074808640406e+05
3.790134141064474438e+00 8.743876921568912221e+05
3.795759411510168935e+00 8.743876921568912221e+05
3.801384681955863432e+00 8.698850827748738229e+05
3.807009952401557928e+00 8.698850827748738229e+05
3.812635222847252425e+00 8.654056593221974326e+05
3.818260493292946478e+00 8.654056593221974326e+05
3.823885763738640975e+00 8.654056593221974326e+05
3.829511034184335472e+00 8.609493024042467587e+05
3.835136304630030413e+00 8.609493024042467587e+05
3.840761575075724910e+00 8.565158932412192225e+05
3.846386845521419406e+00 8.565158932412192225e+05
3.852012115967113903e+00 8.521053136649654480e+05
3.857637386412808400e+00 8.521053136649654480e+05
3.863262656858502897e+00 8.477174461158344056e+05
3.868887927304197394e+00 8.477174461158344056e+05
3.874513197749891891e+00 8.433521736395431217e+05
3.880138468195586388e+00 8.433521736395431217e+05
3.885763738641280884e+00 8.433521736395431217e+05
3.891389009086974937e+00 8.390093798840554664e+05
3.897014279532669878e+00 8.390093798840554664e+05
3.902639549978364375e+00 8.346889490964858560e+05
3.908264820424058872e+00 8.346889490964858560e+05
3.913890090869753369e+00 8.303907661200115690e+05
3.919515361315447866e+00 8.303907661200115690e+05
3.925140631761142362e+00 8.261147163908010116e+05
3.930765902206836859e+00 8.261147163908010116e+05
3.936391172652531356e+00 8.261147163908010116e+05
3.942016443098225853e+00 8.218606859349645674e+05
3.947641713543920350e+00 8.218606859349645674e+05
3.953266983989614847e+00 8.176285613655142952e+05
3.958892254435309344e+00 8.176285613655142952e+05
3.964517524881003840e+00 8.134182298793427180e+05
3.970142795326698337e+00 8.134182298793427180e+05
3.975768065772392834e+00 8.092295792542130221e+05
3.981393336218087331e+00 8.092295792542130221e+05
3.987018606663781828e+00 8.092295792542130221e+05
3.992643877109476325e+00 8.050624978457725374e+05
3.998269147555170822e+00 8.050624978457725374e+05
4.003894418000864874e+00 8.009168745845746016e+05
4.009519688446560259e+00 8.009168745845746016e+05
4.015144958892254756e+00 7.967925989731188165e+05
4.020770229337949253e+00 7.967925989731188165e+05
4.026395499783642862e+00 7.926895610829025973e+05
4.032020770229337359e+00 7.926895610829025973e+05
4.037646040675031855e+00 7.926895610829025973e+05
4.043271311120726352e+00 7.886076515514967032e+05
4.048896581566420849e+00 7.886076515514967032e+05
4.054521852012115346e+00 7.845467615796267055e+05
4.060147122457809843e+00 7.845467615796267055e+05
4.065772392903505228e+00 7.805067829282742459e+05
4.071397663349199725e+00 7.805067829282742459e+05
4.077022933794894222e+00 7.764876079157895874e+05
4.082648204240588719e+00 7.764876079157895874e+05
4.088273474686283215e+00 7.764876079157895874e+05
4.093898745131977712e+00 7.724891294150257017e+05
4.099524015577671321e+00 7.724891294150257017e+05
4.105149286023365818e+00 7.685112408504798077e+05
4.110774556469060315e+00 7.685112408504798077e+05
4.116399826914754811e+00 7.645538361954544671e+05
4.122025097360450197e+00 7.645538361954544671e+05
4.127650367806144693e+00 7.606168099692282267e+05
4.133275638251839190e+00 7.606168099692282267e+05
4.138900908697533687e+00 7.567000572342490777e+05
4.144526179143228184e+00 7.567000572342490777e+05
4.150151449588922681e+00 7.567000572342490777e+05
4.155776720034617178e+00 7.528034735933347838e+05
4.161401990480311675e+00 7.528034735933347838e+05
4.167027260926006171e+00 7.489269551868879935e+05
4.172652531371699780e+00 7.489269551868879935e+05
4.178277801817394277e+00 7.450703986901330063e+05
4.183903072263089662e+00 7.450703986901330063e+05
4.189528342708784159e+00 7.412337013103582431e+05
4.195153613154478656e+00 7.412337013103582431e+05
4.200778883600173153e+00 7.412337013103582431e+05
4.206404154045867649e+00 7.374167607841779245e+05
4.212029424491562146e+00 7.374167607841779245e+05
4.217654694937256643e+00 7.336194753748037620e+05
4.223279965382951140e+00 7.336194753748037620e+05
4.228905235828645637e+00 7.298417438693371369e+05
4.234530506274340134e+00 7.298417438693371369e+05
4.240155776720034631e+00 7.260834655760689639e+05
4.245781047165729127e+00 7.260834655760689639e+05
4.251406317611422736e+00 7.223445403217972489e+05
4.257031588057118121e+00 7.223445403217972489e+05
4.262656858502811730e+00 7.186248684491532622e+05
4.268282128948507115e+00 7.186248684491532622e+05
4.273907399394202500e+00 7.186248684491532622e+05
4.279532669839896108e+00 7.149243508139512269e+05
4.285157940285591494e+00 7.149243508139512269e+05
4.290783210731285102e+00 7.112428887825413840e+05
4.296408481176979599e+00 7.112428887825413840e+05
4.302033751622674096e+00 7.075803842291833134e+05
4.307659022068368593e+00 7.075803842291833134e+05
4.313284292514063090e+00 7.039367395334272878e+05
4.318909562959757586e+00 7.039367395334272878e+05
4.324534833405452972e+00 7.003118575775165809e+05
4.330160103851146580e+00 7.003118575775165809e+05
4.335785374296841965e+00 6.967056417437966447e+05
4.341410644742535574e+00 6.967056417437966447e+05
4.347035915188230959e+00 6.931179959121382562e+05
4.352661185633924568e+00 6.931179959121382562e+05
4.358286456079619953e+00 6.931179959121382562e+05
4.363911726525313561e+00 6.895488244573791744e+05
4.369536996971008058e+00 6.895488244573791744e+05
4.375162267416702555e+00 6.859980322467726655e+05
4.380787537862397052e+00 6.859980322467726655e+05
4.386412808308092437e+00 6.824655246374534909e+05
4.392038078753786046e+00 6.824655246374534909e+05
4.397663349199481431e+00 6.789512074739123927e+05
4.403288619645175039e+00 6.789512074739123927e+05
4.408913890090870424e+00 6.754549870854903711e+05
4.414539160536564033e+00 6.754549870854903711e+05
4.420164430982259418e+00 6.719767702838798286e+05
4.425789701427953027e+00 6.719767702838798286e+05
4.431414971873648412e+00 6.685164643606413156e+05
4.437040242319342909e+00 6.685164643606413156e+05
4.442665512765036517e+00 6.650739770847301697e+05
4.448290783210731902e+00 6.650739770847301697e+05
4.453916053656425511e+00 6.616492167000425979e+05
4.459541324102120896e+00 6.616492167000425979e+05
4.465166594547814505e+00 6.582420919229665305e+05
4.470791864993509890e+00 6.582420919229665305e+05
4.476417135439203498e+00 6.548525119399505202e+05
4.482042405884898884e+00 6.548525119399505202e+05
4.487667676330592492e+00 6.514803864050803240e+05
4.493292946776287877e+00 6.514803864050803240e+05
4.498918217221982374e+00 6.481256254376745783e+05
4.504543487667676871e+00 6.481256254376745783e+05
4.510168758113371368e+00 6.447881396198871080e+05
4.515794028559064976e+00 6.447881396198871080e+05
4.521419299004760362e+00 6.414678399943240220e+05
4.527044569450453970e+00 6.414678399943240220e+05
4.532669839896149355e+00 6.381646380616707029e+05
4.538295110341842964e+00 6.381646380616707029e+05
4.543920380787538349e+00 6.348784457783366088e+05
4.549545651233231958e+00 6.348784457783366088e+05
4.555170921678927343e+00 6.316091755541067105e+05
4.560796192124621840e+00 6.316091755541067105e+05
4.566421462570316336e+00 6.283567402498046868e+05
4.572046733016010833e+00 6.251210531749745132e+05
4.577672003461705330e+00 6.251210531749745132e+05
4.583297273907399827e+00 6.251210531749745132e+05
4.588922544353093436e+00 6.219020280855668243e+05
4.594547814798788821e+00 6.186995791816420387e+05
4.600173085244482429e+00 6.186995791816420387e+05
4.605798355690177814e+00 6.155136211050802376e+05
4.611423626135872311e+00 6.155136211050802376e+05
4.617048896581566808e+00 6.123440689373102505e+05
4.622674167027261305e+00 6.123440689373102505e+05
4.628299437472955802e+00 6.091908381970436312e+05
4.633924707918650299e+00 6.091908381970436312e+05
4.639549978364344796e+00 6.060538448380242335e+05
4.645175248810039292e+00 6.060538448380242335e+05
4.650800519255733789e+00 6.060538448380242335e+05
4.656425789701428286e+00 6.029330052467851201e+05
4.662051060147121895e+00 6.029330052467851201e+05
4.667676330592817280e+00 5.998282362404240994e+05
4.673301601038511777e+00 5.998282362404240994e+05
4.678926871484206274e+00 5.967394550643842667e+05
4.684552141929900770e+00 5.967394550643842667e+05
4.690177412375595267e+00 5.936665793902488658e+05
4.695802682821289764e+00 5.936665793902488658e+05
4.701427953266984261e+00 5.906095273135447642e+05
4.707053223712678758e+00 5.906095273135447642e+05
4.712678494158373255e+00 5.875682173515631584e+05
4.718303764604067752e+00 5.875682173515631584e+05
4.723929035049762248e+00 5.845425684411858674e+05
4.729554305495456745e+00 5.845425684411858674e+05
4.735179575941151242e+00 5.815324999367224518e+05
4.740804846386845739e+00 5.815324999367224518e+05
4.746430116832540236e+00 5.815324999367224518e+05
4.752055387278234733e+00 5.785379316077650292e+05
4.757680657723929230e+00 5.785379316077650292e+05
4.763305928169623726e+00 5.755587836370469304e+05
4.768931198615318223e+00 5.755587836370469304e+05
4.774556469061012720e+00 5.725949766183163738e+05
4.780181739506707217e+00 5.725949766183163738e+05
4.785807009952401714e+00 5.725949766183163738e+05
4.791432280398096211e+00 5.696464315542179393e+05
4.797057550843790708e+00 5.696464315542179393e+05
4.802682821289485204e+00 5.667130698541901074e+05
4.808308091735179701e+00 5.667130698541901074e+05
4.813933362180874198e+00 5.637948133323685033e+05
4.819558632626568695e+00 5.637948133323685033e+05
4.825183903072263192e+00 5.608915842055028770e+05
4.830809173517957689e+00 5.608915842055028770e+05
4.836434443963652186e+00 5.608915842055028770e+05
4.842059714409346682e+00 5.580033050908820005e+05
4.847684984855041179e+00 5.580033050908820005e+05
4.853310255300735676e+00 5.551298990042736987e+05
4.858935525746430173e+00 5.551298990042736987e+05
4.864560796192124670e+00 5.522712893578716321e+05
4.870186066637819167e+00 5.522712893578716321e+05
4.875811337083513664e+00 5.494273999582539545e+05
4.881436607529208160e+00 5.494273999582539545e+05
4.887061877974902657e+00 5.494273999582539545e+05
4.892687148420597154e+00 5.465981550043512834e+05
4.898312418866291651e+00 5.465981550043512834e+05
4.903937689311986148e+00 5.437834790854289895e+05
4.909562959757680645e+00 5.437834790854289895e+05
4.915188230203375142e+00 5.437834790854289895e+05
4.920813500649069638e+00 5.409832971790753072e+05
4.926438771094764135e+00 5.409832971790753072e+05
4.932064041540458632e+00 5.381975346492023673e+05
4.937689311986153129e+00 5.381975346492023673e+05
4.943314582431847626e+00 5.354261172440550290e+05
4.948939852877542123e+00 5.354261172440550290e+05
4.954565123323236620e+00 5.326689710942351958e+05
4.960190393768931116e+00 5.326689710942351958e+05
4.965815664214625613e+00 5.299260227107306710e+05
4.971440934660320110e+00 5.299260227107306710e+05
4.977066205106014607e+00 5.299260227107306710e+05
4.982691475551709104e+00 5.271971989829551894e+05
4.988316745997403601e+00 5.271971989829551894e+05
4.993942016443098098e+00 5.244824271768030012e+05
4.999567286888792594e+00 5.244824271768030012e+05
5.005192557334487091e+00 5.244824271768030012e+05
5.010817827780182476e+00 5.217816349327079370e+05
5.016443098225876085e+00 5.217816349327079370e+05
5.022068368671570582e+00 5.190947502637155703e+05
5.027693639117265079e+00 5.190947502637155703e+05
5.033318909562959576e+00 5.164217015535627725e+05
5.038944180008654072e+00 5.164217015535627725e+05
5.044569450454348569e+00 5.164217015535627725e+05
5.050194720900043066e+00 5.137624175547719351e+05
5.055819991345737563e+00 5.137624175547719351e+05
5.061445261791432060e+00 5.111168273867495591e+05
5.067070532237126557e+00 5.111168273867495591e+05
5.072695802682821942e+00 5.084848605338982306e+05
5.078321073128515550e+00 5.084848605338982306e+05
5.083946343574210935e+00 5.084848605338982306e+05
5.089571614019904544e+00 5.058664468437350588e+05
5.095196884465599041e+00 5.058664468437350588e+05
5.100822154911293538e+00 5.032615165250250138e+05
5.106447425356988035e+00 5.032615165250250138e+05
5.112072695802682532e+00 5.006700001459183404e+05
5.117697966248377028e+00 5.006700001459183404e+05
5.123323236694071525e+00 4.980918286321010673e+05
5.128948507139766022e+00 4.980918286321010673e+05
5.134573777585461407e+00 4.980918286321010673e+05
5.140199048031155016e+00 4.955269332649523858e+05
5.145824318476850401e+00 4.955269332649523858e+05
5.151449588922544010e+00 4.929752456797149498e+05
5.157074859368239395e+00 4.929752456797149498e+05
5.162700129813933003e+00 4.904366978636723361e+05
5.168325400259627500e+00 4.904366978636723361e+05
5.173950670705321997e+00 4.879112221543340711e+05
5.179575941151016494e+00 4.879112221543340711e+05
5.185201211596711879e+00 4.879112221543340711e+05
5.190826482042405488e+00 4.853987512376350351e+05
5.196451752488100873e+00 4.853987512376350351e+05
5.202077022933794481e+00 4.828992181461399887e+05
5.207702293379489866e+00 4.828992181461399887e+05
5.213327563825183475e+00 4.804125562572588678e+05
5.218952834270878860e+00 4.804125562572588678e+05
5.224578104716572469e+00 4.779386992914694129e+05
5.230203375162267854e+00 4.779386992914694129e+05
5.235828645607961462e+00 4.754775813105534180e+05
5.241453916053655959e+00 4.754775813105534180e+05
5.247079186499351344e+00 4.754775813105534180e+05
5.252704456945044953e+00 4.730291367158372886e+05
5.258329727390740338e+00 4.730291367158372886e+05
5.263954997836433947e+00 4.705933002464445308e+05
5.269580268282129332e+00 4.705933002464445308e+05
5.275205538727822940e+00 4.681700069775544107e+05
5.280830809173518325e+00 4.681700069775544107e+05
5.286456079619211934e+00 4.657591923186741187e+05
5.292081350064907319e+00 4.657591923186741187e+05
5.297706620510601816e+00 4.633607920119155897e+05
5.303331890956296313e+00 4.633607920119155897e+05
5.308957161401990810e+00 4.609747421302835573e+05
5.314582431847684418e+00 4.609747421302835573e+05
5.320207702293379803e+00 4.586009790759695461e+05
5.325832972739073412e+00 4.586009790759695461e+05
5.331458243184768797e+00 4.562394395786600653e+05
5.337083513630462406e+00 4.562394395786600653e+05
5.342708784076157791e+00 4.538900606938475976e+05
5.348334054521851399e+00 4.538900606938475976e+05
5.353959324967546785e+00 4.515527798011546838e+05
5.359584595413241281e+00 4.515527798011546838e+05
5.365209865858935778e+00 4.492275346026621992e+05
5.370835136304630275e+00 4.492275346026621992e+05
5.376460406750324772e+00 4.469142631212521228e+05
5.382085677196019269e+00 4.469142631212521228e+05
5.387710947641712877e+00 4.446129036989539745e+05
5.393336218087408263e+00 4.446129036989539745e+05
5.398961488533101871e+00 4.423233949953002739e+05
5.404586758978797256e+00 4.400456759856938152e+05
5.410212029424491753e+00 4.400456759856938152e+05
5.415837299870186250e+00 4.377796859597798903e+05
5.421462570315880747e+00 4.377796859597798903e+05
5.427087840761575244e+00 4.355253645198286977e+05
5.432713111207269741e+00 4.355253645198286977e+05
5.438338381652964237e+00 4.332826515791235724e+05
5.443963652098658734e+00 4.332826515791235724e+05
5.449588922544353231e+00 4.310514873603624292e+05
5.455214192990047728e+00 4.310514873603624292e+05
5.460839463435741337e+00 4.288318123940625810e+05
5.466464733881436722e+00 4.266235675169764436e+05
5.472090004327131219e+00 4.266235675169764436e+05
5.477715274772825715e+00 4.244266938705127104e+05
5.483340545218520212e+00 4.244266938705127104e+05
5.488965815664214709e+00 4.222411328991705668e+05
5.494591086109909206e+00 4.222411328991705668e+05
5.500216356555603703e+00 4.200668263489768724e+05
5.505841627001298200e+00 4.200668263489768724e+05
5.511466897446992697e+00 4.179037162659344031e+05
5.517092167892687193e+00 4.179037162659344031e+05
5.522717438338381690e+00 4.157517449944753898e+05
5.528342708784076187e+00 4.157517449944753898e+05
5.533967979229770684e+00 4.136108551759275724e+05
5.539593249675465181e+00 4.136108551759275724e+05
5.545218520121159678e+00 4.114809897469835705e+05
5.550843790566854175e+00 4.114809897469835705e+05
5.556469061012548671e+00 4.093620919381794520e+05
5.562094331458243168e+00 4.072541052723830799e+05
5.567719601903937665e+00 4.072541052723830799e+05
5.573344872349632162e+00 4.051569735632882221e+05
5.578970142795326659e+00 4.051569735632882221e+05
5.584595413241021156e+00 4.030706409139166935e+05
5.590220683686715653e+00 4.030706409139166935e+05
5.595845954132410149e+00 4.009950517151278327e+05
5.601471224578104646e+00 4.009950517151278327e+05
5.607096495023799143e+00 3.989301506441379897e+05
5.612721765469493640e+00 3.989301506441379897e+05
5.618347035915188137e+00 3.968758826630447293e+05
5.623972306360882634e+00 3.968758826630447293e+05
5.629597576806577131e+00 3.948321930173605215e+05
5.635222847252271627e+00 3.948321930173605215e+05
5.640848117697966124e+00 3.927990272345517878e+05
5.646473388143661509e+00 3.927990272345517878e+05
5.652098658589355118e+00 3.907763311225892976e+05
5.657723929035049615e+00 3.887640507685021730e+05
5.663349199480744112e+00 3.887640507685021730e+05
5.668974469926438609e+00 3.867621325369416154e+05
5.674599740372133105e+00 3.867621325369416154e+05
5.680225010817827602e+00 3.847705230687499279e+05
5.685850281263522099e+00 3.847705230687499279e+05
5.691475551709216596e+00 3.827891692795405397e+05
5.697100822154911981e+00 3.827891692795405397e+05
5.702726092600605590e+00 3.808180183582814061e+05
5.708351363046300975e+00 3.808180183582814061e+05
5.713976633491994583e+00 3.788570177658882458e+05
5.719601903937689968e+00 3.788570177658882458e+05
5.725227174383383577e+00 3.769061152338226675e+05
5.730852444829078074e+00 3.749652587627013563e+05
5.736477715274772571e+00 3.749652587627013563e+05
5.742102985720467068e+00 3.730343966209086939e+05
5.747728256166161565e+00 3.730343966209086939e+05
5.753353526611856061e+00 3.711134773432170041e+05
5.758978797057551446e+00 3.711134773432170041e+05
5.764604067503245055e+00 3.692024497294169851e+05
5.770229337948940440e+00 3.692024497294169851e+05
5.775854608394634049e+00 3.673012628429514589e+05
5.781479878840329434e+00 3.673012628429514589e+05
5.787105149286023043e+00 3.654098660095586674e+05
5.792730419731718428e+00 3.635282088159197010e+05
5.798355690177412036e+00 3.635282088159197010e+05
5.803980960623106533e+00 3.616562411083174520e+05
5.809606231068801030e+00 3.616562411083174520e+05
5.815231501514495527e+00 3.597939129912980716e+05
5.820856771960190912e+00 3.579411748263418558e+05
5.826482042405884521e+00 3.579411748263418558e+05
5.832107312851579906e+00 3.560979772305387305e+05
5.837732583297273514e+00 3.560979772305387305e+05
5.843357853742968899e+00 3.542642710752741550e+05
5.848983124188662508e+00 3.542642710752741550e+05
5.854608394634357893e+00 3.524400074849182856e+05
5.860233665080051502e+00 3.506251378355239285e+05
5.865858935525746887e+00 3.506251378355239285e+05
5.871484205971441384e+00 3.488196137535287417e+05
5.877109476417134992e+00 3.470233871144688455e+05
5.882734746862830377e+00 3.470233871144688455e+05
5.888360017308523986e+00 3.452364100416941219e+05
5.893985287754219371e+00 3.434586349050916615e+05
5.899610558199912980e+00 3.434586349050916615e+05
5.905235828645608365e+00 3.416900143198180012e+05
5.910861099091301973e+00 3.416900143198180012e+05
5.916486369536997358e+00 3.399305011450350867e+05
5.922111639982690967e+00 3.381800484826540342e+05
5.927736910428386352e+00 3.381800484826540342e+05
5.933362180874080849e+00 3.364386096760841319e+05
5.938987451319775346e+00 3.364386096760841319e+05
5.944612721765469843e+00 3.347061383089910378e+05
5.950237992211163451e+00 3.329825882040582947e+05
5.955863262656858836e+00 3.312679134217574028e+05
5.961488533102552445e+00 3.312679134217574028e+05
5.967113803548247830e+00 3.295620682591215591e+05
5.972739073993941439e+00 3.278650072485299897e+05
5.978364344439636824e+00 3.278650072485299897e+05
5.983989614885331321e+00 3.261766851564944373e+05
5.989614885331025818e+00 3.244970569824542617e+05
5.995240155776720314e+00 3.244970569824542617e+05
6.000865426222414811e+00 3.228260779575755587e+05
6.006490696668109308e+00 3.211637035435601138e+05
6.012115967113803805e+00 3.211637035435601138e+05
6.017741237559498302e+00 3.195098894314565114e+05
6.023366508005191911e+00 3.178645915404804982e+05
6.028991778450887296e+00 3.162277660168379662e+05
6.034617048896580904e+00 3.162277660168379662e+05
6.040242319342276289e+00 3.145993692325584707e+05
6.045867589787970786e+00 3.129793577843313687e+05
6.051492860233665283e+00 3.113676884923479520e+05
6.057118130679359780e+00 3.097643183991523110e+05
6.062743401125054277e+00 3.081692047684951685e+05
6.068368671570748774e+00 3.065823050841956283e+05
6.073993942016443270e+00 3.065823050841956283e+05
6.079619212462137767e+00 3.050035770490062423e+05
6.085244482907832264e+00 3.050035770490062423e+05
6.090869753353526761e+00 3.018704678248868440e+05
6.096495023799220370e+00 3.003160031260193791e+05
6.102120294244915755e+00 3.003160031260193791e+05
6.107745564690610252e+00 2.987695430541607784e+05
6.113370835136304748e+00 2.972310463899427559e+05
6.118996105581999245e+00 2.957004721262531821e+05
6.124621376027693742e+00 2.941777794671443407e+05
6.130246646473388239e+00 2.926629278267439804e+05
6.135871916919082736e+00 2.926629278267439804e+05
6.141497187364777233e+00 2.911558768281750381e+05
6.147122457810471730e+00 2.896565863024789724e+05
6.152747728256166226e+00 2.881650162875451497e+05
6.158372998701860723e+00 2.866811270270445384e+05
6.163998269147555220e+00 2.866811270270445384e+05
6.169623539593249717e+00 2.852048789693721337e+05
6.175248810038944214e+00 2.837362327665914199e+05
6.180874080484638711e+00 2.822751492733851774e+05
6.186499350930333208e+00 2.808215895460135071e+05
6.192124621376027704e+00 2.779368866154736024e+05
6.197749891821722201e+00 2.765056665233923704e+05
6.203375162267416698e+00 2.750818164172705146e+05
6.209000432713111195e+00 2.736652983457871596e+05
6.214625703158805692e+00 2.722560745530499262e+05
6.220250973604500189e+00 2.708541074775872403e+05
6.225876244050194686e+00 2.694593597513489658e+05
6.231501514495889182e+00 2.680717941987094819e+05
6.237126784941583679e+00 2.666913738354771631e+05
6.242752055387278176e+00 2.653180618679074105e+05
6.248377325832972673e+00 2.653180618679074105e+05
6.254002596278667170e+00 2.639518216917238897e+05
6.259627866724361667e+00 2.625926168911418063e+05
6.265253137170056164e+00 2.612404112378966238e+05
6.270878407615750660e+00 2.585568533921776689e+05
6.276503678061445157e+00 2.572254296721153078e+05
6.282128948507139654e+00 2.559008620423054672e+05
6.287754218952834151e+00 2.545831151977040572e+05
6.293379489398528648e+00 2.519679435520195984e+05
6.299004759844223145e+00 2.506704490461140813e+05
6.304630030289917642e+00 2.493796359139147680e+05
6.310255300735612138e+00 2.480954697500701004e+05
6.315880571181306635e+00 2.468179163263972441e+05
6.321505841627001132e+00 2.455469415909685194e+05
6.327131112072695629e+00 2.442825116672055738e+05
6.332756382518391014e+00 2.417731516196919838e+05
6.338381652964084623e+00 2.405281546114227676e+05
6.344006923409779120e+00 2.392895686439999845e+05
6.349632193855473616e+00 2.380573607041359064e+05
6.355257464301168113e+00 2.380573607041359064e+05
6.360882734746862610e+00 2.356119477030555718e+05
6.366508005192557107e+00 2.343986774617666961e+05
6.372133275638251604e+00 2.331916548861535848e+05
6.377758546083946101e+00 2.319908478042188508e+05
6.383383816529641486e+00 2.296077522608839499e+05
6.389009086975335094e+00 2.272491367538197665e+05
6.394634357421030479e+00 2.260789303289339296e+05
6.400259627866724088e+00 2.249147498150653846e+05
6.405884898312419473e+00 2.237565641821304744e+05
6.411510168758113082e+00 2.226043425598324684e+05
6.417135439203807579e+00 2.203176686599682434e+05
6.422760709649502076e+00 2.191831554333633103e+05
6.428385980095196572e+00 2.180544843176937429e+05
6.434011250540891069e+00 2.169316252293436264e+05
6.439636520986585566e+00 2.147032235739099269e+05
6.445261791432280951e+00 2.135976216109767265e+05
6.450887061877974560e+00 2.124977128820812213e+05
6.456512332323669945e+00 2.103148580094378849e+05
6.462137602769363554e+00 2.092318536838451691e+05
6.467762873215058939e+00 2.081544262270497857e+05
6.473388143660752547e+00 2.060161871966648905e+05
6.479013414106447932e+00 2.038999129461498815e+05
6.484638684552141541e+00 2.028499420130515064e+05
6.490263954997836038e+00 2.018053778451860708e+05
6.495889225443530535e+00 1.997323585812119709e+05
6.501514495889225032e+00 1.987038482308182574e+05
6.507139766334920417e+00 1.966626890228396223e+05
6.512765036780614025e+00 1.956499857601684052e+05
6.518390307226309410e+00 1.936401969537062105e+05
6.524015577672003019e+00 1.916510534390436951e+05
6.529640848117698404e+00 1.896823431401294365e+05
6.535266118563392013e+00 1.877338561594361672e+05
6.540891389009087398e+00 1.858053847555806860e+05
6.546516659454781006e+00 1.838967233211766870e+05
6.552141929900476391e+00 1.820076683609119209e+05
6.557767200346170888e+00 1.801380184698539088e+05
6.563392470791864497e+00 1.782875743119750405e+05
6.569017741237559882e+00 1.764561385989016853e+05
6.574643011683253491e+00 1.737441992772383674e+05
6.580268282128948876e+00 1.719594347880491114e+05
6.585893552574642484e+00 1.693166049231570796e+05
6.591518823020337869e+00 1.675773223160024500e+05
6.597144093466031478e+00 1.658559062612093112e+05
6.602769363911726863e+00 1.633068810048973828e+05
6.608394634357420472e+00 1.616293324981255864e+05
6.614019904803115857e+00 1.591452650929546217e+05
6.619645175248810354e+00 1.566993751075505861e+05
6.625270445694504851e+00 1.542910757964101795e+05
6.630895716140199347e+00 1.527061409656315518e+05
6.636520986585892956e+00 1.495849471645226295e+05
6.642146257031588341e+00 1.472859888887410925e+05
6.647771527477281950e+00 1.450223631063284993e+05
6.653396797922977335e+00 1.435326399104624288e+05
6.659022068368670944e+00 1.413266990278948506e+05
6.664647338814366329e+00 1.384380920986140554e+05
6.670272609260060825e+00 1.363104488862026483e+05
6.675897879705755322e+00 1.335243701771234919e+05
6.681523150151449819e+00 1.321527586049109232e+05
6.687148420597144316e+00 1.294516598255899007e+05
6.692773691042838813e+00 1.274621283231829439e+05
6.698398961488533310e+00 1.242139588759694161e+05
6.704024231934227807e+00 1.229379872821800091e+05
6.709649502379921415e+00 1.204252312043985003e+05
6.715274772825616800e+00 1.179638338908690203e+05
6.720900043271310409e+00 1.149577133579608635e+05
6.726525313717005794e+00 1.131909380807765119e+05
6.732150584162700291e+00 1.108774040470736072e+05
6.737775854608394788e+00 1.080518698986174131e+05
6.743401125054089285e+00 1.058433743895750231e+05
6.749026395499783781e+00 1.036800187972970161e+05
6.754651665945478278e+00 1.010378985551963997e+05
6.760276936391172775e+00 9.948505572271840356e+04
6.765902206836867272e+00 9.694983743706783571e+04
6.771527477282561769e+00 9.447922515388875036e+04
6.777152747728256266e+00 9.254814386259829917e+04
6.782778018173949874e+00 9.018970173358728061e+04
6.788403288619645259e+00 8.743876921568912803e+04
6.794028559065339756e+00 8.521053136649653607e+04
6.799653829511034253e+00 8.303907661200115399e+04
6.805279099956728750e+00 8.050624978457725956e+04
6.810904370402423247e+00 7.845467615796274913e+04
6.816529640848117744e+00 7.606168099692281976e+04
6.822154911293812241e+00 7.336194753748037328e+04
6.827780181739506737e+00 7.112428887825421407e+04
6.833405452185201234e+00 6.859980322467726364e+04
6.839030722630895731e+00 6.616492167000425979e+04
6.844655993076590228e+00 6.348784457783371909e+04
6.850281263522284725e+00 6.091908381970442861e+04
6.855906533967979222e+00 5.815324999367223791e+04
6.861531804413673719e+00 5.522712893578720832e+04
6.867157074859368215e+00 5.244824271768031031e+04
6.872782345305062712e+00 4.980918286321005871e+04
6.878407615750757209e+00 4.705933002464440506e+04
6.884032886196451706e+00 4.446129036989535234e+04
6.889658156642146203e+00 4.179037162659344176e+04
6.895283427087840700e+00 3.948321930173605506e+04
6.900908697533535197e+00 3.711134773432169459e+04
6.906533967979229693e+00 3.488196137535287562e+04
6.912159238424924190e+00 3.261766851564944591e+04
6.917784508870618687e+00 3.050035770490062714e+04
6.923409779316313184e+00 2.822751492733851774e+04
6.929035049762007681e+00 2.639518216917238533e+04
6.934660320207702178e+00 2.442825116672055810e+04
6.940285590653396675e+00 2.272491367538197665e+04
6.945910861099091171e+00 2.081544262270497711e+04
6.951536131544785668e+00 1.926430578409762893e+04
6.957161401990481053e+00 1.773694926509513607e+04
6.962786672436174662e+00 1.616293324981255864e+04
6.968411942881870047e+00 1.480483554225994340e+04
6.974037213327563656e+00 1.363104488862026665e+04
6.979662483773258153e+00 1.248569023494088833e+04
6.985287754218952649e+00 1.137768253316947448e+04
6.990913024664647146e+00 1.036800187972970161e+04
6.996538295110341643e+00 9.302718201268908160e+03
7.002163565556036140e+00 8.050624978457726684e+03
7.007788836001730637e+00 6.719767702838798868e+03
7.013414106447425134e+00 5.137624175547719460e+03
7.019039376893120519e+00 4.157517449944753935e+03
