T F 6    1    0    0    6    6    6    6    6    6    1    0    0   0.000   0.00
    1    1    1    0    0    0  23.00000   0.00000   0.00000   0.00000   0.00000
 -99.000 -99.000 -99.000
 -99.00000 -99.00000 -99.00000  1.416445  0.000736 ! H2O & O3 COLUMNS [GM/CM2]
   361976 U S STANDARD   
   2.00000  10.00000  30.00000   2.00000   0.00000   0.00000    0        0.00000
  -99  -99  -99  -99
 -99.00000 -99.00000 -99.00000 -99.00000 -99.00000 -99.00000 -99.00000 -99.00000
    2050.0    2100.0       1.0       1.0NW              
    0   0    0.000  0    0.000  0    1.000
    FREQ COMBIN    H2O   UMIX     O3  TRACE     N2    H2O MOLEC AER+CLD  HNO3 AER+CLD    -LOG    CO2     CO    CH4    N2O     O2    NH3     NO    NO2    SO2  CLOUD  CFC11  CFC12  CFC13  CFC14  CFC22 CFC113 CFC114 CFC115 CLONO2   HNO4 CHCL2F   CCL4   N2O5
    CM-1  TRANS  TRANS  TRANS  TRANS  TRANS   CONT   CONT   SCAT  TRANS  TRANS abTRNS  COMBIN  TRANS  TRANS  TRANS  TRANS  TRANS  TRANS  TRANS  TRANS  TRANS  TRANS  TRANS  TRANS  TRANS  TRANS  TRANS  TRANS  TRANS  TRANS  TRANS  TRANS  TRANS  TRANS  TRANS
 2050.00 0.9100 0.9726 0.9679 0.9998 1.0000 1.0000 0.9775 1.0000 0.9891 1.0000 0.9983   0.094 0.9699 0.9980 1.0000 1.0000 1.0000 1.0000 1.0000 1.0000 1.0000 1.0000 1.0000 1.0000 1.0000 1.0000 1.0000 1.0000 1.0000 1.0000 1.0000 1.0000 1.0000 1.0000 1.0000
 2051.00 0.8120 0.9660 0.8694 0.9998 1.0000 1.0000 0.9778 1.0000 0.9891 1.0000 0.9983   0.208 0.8757 0.9928 1.0000 1.0000 1.0000 1.0000 1.0000 1.0000 1.0000 1.0000 1.0000 1.0000 1.0000 1.0000 1.0000 1.0000 1.0000 1.0000 1.0000 1.0000 1.0000 1.0000 1.0000
 2052.00 0.7826 0.9703 0.8338 0.9997 1.0000 1.0000 0.9782 1.0000 0.9891 1.0000 0.9983   0.245 0.8340 0.9998 1.0000 1.0000 1.0000 1.0000 1.0000 1.0000 1.0000 1.0000 1.0000 1.0000 1.0000 1.0000 1.0000 1.0000 1.0000 1.0000 1.0000 1.0000 1.0000 1.0000 1.0000
 2053.00 0.8736 0.9341 0.9665 0.9997 1.0000 1.0000 0.9785 1.0000 0.9891 1.0000 0.9983   0.135 0.9667 0.9999 1.0000 1.0000 1.0000 1.0000 1.0000 1.0000 1.0000 1.0000 1.0000 1.0000 1.0000 1.0000 1.0000 1.0000 1.0000 1.0000 1.0000 1.0000 1.0000 1.0000 1.0000
 2054.00 0.7573 0.9406 0.8318 0.9997 1.0000 1.0000 0.9788 1.0000 0.9891 1.0000 0.9983   0.278 0.8336 0.9978 1.0000 1.0000 1.0000 1.0000 1.0000 1.0000 1.0000 1.0000 1.0000 1.0000 1.0000 1.0000 1.0000 1.0000 1.0000 1.0000 1.0000 1.0000 1.0000 1.0000 1.0000
 2055.00 0.7531 0.9706 0.8014 0.9997 1.0000 1.0000 0.9792 1.0000 0.9891 1.0000 0.9983   0.284 0.8097 0.9898 1.0000 1.0000 1.0000 1.0000 1.0000 1.0000 1.0000 1.0000 1.0000 1.0000 1.0000 1.0000 1.0000 1.0000 1.0000 1.0000 1.0000 1.0000 1.0000 1.0000 1.0000
 2056.00 0.9135 0.9859 0.9566 0.9997 1.0000 1.0000 0.9795 1.0000 0.9891 1.0000 0.9983   0.090 0.9574 0.9992 1.0000 1.0000 1.0000 1.0000 1.0000 1.0000 1.0000 1.0000 1.0000 1.0000 1.0000 1.0000 1.0000 1.0000 1.0000 1.0000 1.0000 1.0000 1.0000 1.0000 1.0000
 2057.00 0.7627 0.9790 0.8041 0.9997 1.0000 1.0000 0.9799 1.0000 0.9891 1.0000 0.9983   0.271 0.8043 0.9998 1.0000 1.0000 1.0000 1.0000 1.0000 1.0000 1.0000 1.0000 1.0000 1.0000 1.0000 1.0000 1.0000 1.0000 1.0000 1.0000 1.0000 1.0000 1.0000 1.0000 1.0000
 2058.00 0.7431 0.9632 0.7960 0.9997 1.0000 1.0000 0.9802 1.0000 0.9891 1.0000 0.9983   0.297 0.7979 0.9976 1.0000 1.0000 1.0000 1.0000 1.0000 1.0000 1.0000 1.0000 1.0000 1.0000 1.0000 1.0000 1.0000 1.0000 1.0000 1.0000 1.0000 1.0000 1.0000 1.0000 1.0000
 2059.00 0.8237 0.8881 0.9566 0.9996 1.0000 1.0000 0.9806 1.0000 0.9891 1.0000 0.9983   0.194 0.9571 0.9995 1.0000 1.0000 1.0000 1.0000 1.0000 1.0000 1.0000 1.0000 1.0000 1.0000 1.0000 1.0000 1.0000 1.0000 1.0000 1.0000 1.0000 1.0000 1.0000 1.0000 1.0000
 2060.00 0.3505 0.4644 0.7782 0.9996 1.0000 1.0000 0.9809 1.0000 0.9891 1.0000 0.9983   1.048 0.7903 0.9846 1.0000 1.0000 1.0000 1.0000 1.0000 1.0000 1.0000 1.0000 1.0000 1.0000 1.0000 1.0000 1.0000 1.0000 1.0000 1.0000 1.0000 1.0000 1.0000 1.0000 1.0000
 2061.00 0.4873 0.6250 0.8038 0.9996 1.0000 1.0000 0.9812 1.0000 0.9891 1.0000 0.9983   0.719 0.8042 0.9995 1.0000 1.0000 1.0000 1.0000 1.0000 1.0000 1.0000 1.0000 1.0000 1.0000 1.0000 1.0000 1.0000 1.0000 1.0000 1.0000 1.0000 1.0000 1.0000 1.0000 1.0000
 2062.00 0.8397 0.9096 0.9515 0.9994 1.0000 1.0000 0.9814 1.0000 0.9891 1.0000 0.9983   0.175 0.9540 0.9973 1.0000 1.0000 1.0000 1.0000 1.0000 1.0000 1.0000 1.0000 1.0000 1.0000 1.0000 1.0000 1.0000 1.0000 1.0000 1.0000 1.0000 1.0000 1.0000 1.0000 1.0000
 2063.00 0.6647 0.8687 0.7885 0.9995 1.0000 1.0000 0.9817 1.0000 0.9891 1.0000 0.9983   0.408 0.7888 0.9997 1.0000 1.0000 1.0000 1.0000 1.0000 1.0000 1.0000 1.0000 1.0000 1.0000 1.0000 1.0000 1.0000 1.0000 1.0000 1.0000 1.0000 1.0000 1.0000 1.0000 1.0000
 2064.00 0.4558 0.5817 0.8074 0.9994 1.0000 1.0000 0.9819 1.0000 0.9891 1.0000 0.9983   0.786 0.8242 0.9795 1.0000 1.0000 1.0000 1.0000 1.0000 1.0000 1.0000 1.0000 1.0000 1.0000 1.0000 1.0000 1.0000 1.0000 1.0000 1.0000 1.0000 1.0000 1.0000 1.0000 1.0000
 2065.00 0.0531 0.0570 0.9597 0.9994 1.0000 1.0000 0.9821 1.0000 0.9891 1.0000 0.9983   2.935 0.9616 0.9981 1.0000 1.0000 1.0000 1.0000 1.0000 1.0000 1.0000 1.0000 1.0000 1.0000 1.0000 1.0000 1.0000 1.0000 1.0000 1.0000 1.0000 1.0000 1.0000 1.0000 1.0000
 2066.00 0.1597 0.2055 0.8003 0.9993 1.0000 1.0000 0.9824 1.0000 0.9891 1.0000 0.9983   1.834 0.8025 0.9972 1.0000 1.0000 1.0000 1.0000 1.0000 1.0000 1.0000 1.0000 1.0000 1.0000 1.0000 1.0000 1.0000 1.0000 1.0000 1.0000 1.0000 1.0000 1.0000 1.0000 1.0000
 2067.00 0.7707 0.8298 0.9563 0.9993 1.0000 1.0000 0.9826 1.0000 0.9891 1.0000 0.9983   0.260 0.9566 0.9997 1.0000 1.0000 1.0000 1.0000 1.0000 1.0000 1.0000 1.0000 1.0000 1.0000 1.0000 1.0000 1.0000 1.0000 1.0000 1.0000 1.0000 1.0000 1.0000 1.0000 1.0000
 2068.00 0.7709 0.9226 0.8603 0.9991 1.0000 1.0000 0.9829 1.0000 0.9891 1.0000 0.9983   0.260 0.8613 0.9988 1.0000 1.0000 1.0000 1.0000 1.0000 1.0000 1.0000 1.0000 1.0000 1.0000 1.0000 1.0000 1.0000 1.0000 1.0000 1.0000 1.0000 1.0000 1.0000 1.0000 1.0000
 2069.00 0.7684 0.9638 0.8207 0.9991 1.0000 1.0000 0.9831 1.0000 0.9891 1.0000 0.9983   0.263 0.8456 0.9705 1.0000 1.0000 1.0000 1.0000 1.0000 1.0000 1.0000 1.0000 1.0000 1.0000 1.0000 1.0000 1.0000 1.0000 1.0000 1.0000 1.0000 1.0000 1.0000 1.0000 1.0000
 2070.00 0.9085 0.9765 0.9577 0.9989 1.0000 1.0000 0.9834 1.0000 0.9891 1.0000 0.9983   0.096 0.9607 0.9969 1.0000 1.0000 1.0000 1.0000 1.0000 1.0000 1.0000 1.0000 1.0000 1.0000 1.0000 1.0000 1.0000 1.0000 1.0000 1.0000 1.0000 1.0000 1.0000 1.0000 1.0000
 2071.00 0.8426 0.9767 0.8882 0.9985 1.0000 1.0000 0.9836 1.0000 0.9891 1.0000 0.9983   0.171 0.8885 0.9997 1.0000 1.0000 1.0000 1.0000 1.0000 1.0000 1.0000 1.0000 1.0000 1.0000 1.0000 1.0000 1.0000 1.0000 1.0000 1.0000 1.0000 1.0000 1.0000 1.0000 1.0000
 2072.00 0.8225 0.9291 0.9108 0.9988 1.0000 1.0000 0.9838 1.0000 0.9891 1.0000 0.9983   0.195 0.9114 0.9994 1.0000 1.0000 1.0000 1.0000 1.0000 1.0000 1.0000 1.0000 1.0000 1.0000 1.0000 1.0000 1.0000 1.0000 1.0000 1.0000 1.0000 1.0000 1.0000 1.0000 1.0000
 2073.00 0.6865 0.7589 0.9304 0.9989 1.0000 1.0000 0.9841 1.0000 0.9890 1.0000 0.9983   0.376 0.9674 0.9618 1.0000 1.0000 1.0000 1.0000 1.0000 1.0000 1.0000 1.0000 1.0000 1.0000 1.0000 1.0000 1.0000 1.0000 1.0000 1.0000 1.0000 1.0000 1.0000 1.0000 1.0000
 2074.00 0.3662 0.4019 0.9370 0.9989 1.0000 1.0000 0.9843 1.0000 0.9890 1.0000 0.9983   1.005 0.9415 0.9952 1.0000 1.0000 1.0000 1.0000 1.0000 1.0000 1.0000 1.0000 1.0000 1.0000 1.0000 1.0000 1.0000 1.0000 1.0000 1.0000 1.0000 1.0000 1.0000 1.0000 1.0000
 2075.00 0.7749 0.8281 0.9621 0.9988 1.0000 1.0000 0.9846 1.0000 0.9890 1.0000 0.9983   0.255 0.9625 0.9995 1.0000 1.0000 1.0000 1.0000 1.0000 1.0000 1.0000 1.0000 1.0000 1.0000 1.0000 1.0000 1.0000 1.0000 1.0000 1.0000 1.0000 1.0000 1.0000 1.0000 1.0000
 2076.00 0.8603 0.9599 0.9215 0.9987 1.0000 0.9999 0.9848 1.0000 0.9890 1.0000 0.9983   0.150 0.9219 0.9995 1.0000 1.0000 1.0000 1.0000 1.0000 1.0000 1.0000 1.0000 1.0000 1.0000 1.0000 1.0000 1.0000 1.0000 1.0000 1.0000 1.0000 1.0000 1.0000 1.0000 1.0000
 2077.00 0.1893 0.9394 0.2070 0.9989 1.0000 0.9999 0.9851 1.0000 0.9890 1.0000 0.9983   1.665 0.2084 0.9933 1.0000 1.0000 1.0000 1.0000 1.0000 1.0000 1.0000 1.0000 1.0000 1.0000 1.0000 1.0000 1.0000 1.0000 1.0000 1.0000 1.0000 1.0000 1.0000 1.0000 1.0000
 2078.00 0.3510 0.8801 0.4099 0.9987 1.0000 0.9998 0.9853 1.0000 0.9890 1.0000 0.9983   1.047 0.4303 0.9525 1.0000 1.0000 1.0000 1.0000 1.0000 1.0000 1.0000 1.0000 1.0000 1.0000 1.0000 1.0000 1.0000 1.0000 1.0000 1.0000 1.0000 1.0000 1.0000 1.0000 1.0000
 2079.00 0.5591 0.7175 0.8009 0.9984 1.0000 0.9997 0.9855 1.0000 0.9890 1.0000 0.9983   0.582 0.8016 0.9992 1.0000 1.0000 1.0000 1.0000 1.0000 1.0000 1.0000 1.0000 1.0000 1.0000 1.0000 1.0000 1.0000 1.0000 1.0000 1.0000 1.0000 1.0000 1.0000 1.0000 1.0000
 2080.00 0.8711 0.9440 0.9481 0.9987 1.0000 0.9997 0.9858 1.0000 0.9890 1.0000 0.9983   0.138 0.9486 0.9994 1.0000 1.0000 1.0000 1.0000 1.0000 1.0000 1.0000 1.0000 1.0000 1.0000 1.0000 1.0000 1.0000 1.0000 1.0000 1.0000 1.0000 1.0000 1.0000 1.0000 1.0000
 2081.00 0.8764 0.9632 0.9353 0.9980 1.0000 0.9997 0.9859 1.0000 0.9890 1.0000 0.9983   0.132 0.9390 0.9961 1.0000 1.0000 1.0000 1.0000 1.0000 1.0000 1.0000 1.0000 1.0000 1.0000 1.0000 1.0000 1.0000 1.0000 1.0000 1.0000 1.0000 1.0000 1.0000 1.0000 1.0000
 2082.00 0.5767 0.6752 0.8775 0.9983 1.0000 0.9996 0.9861 1.0000 0.9890 1.0000 0.9983   0.550 0.9375 0.9360 1.0000 1.0000 1.0000 1.0000 1.0000 1.0000 1.0000 1.0000 1.0000 1.0000 1.0000 1.0000 1.0000 1.0000 1.0000 1.0000 1.0000 1.0000 1.0000 1.0000 1.0000
 2083.00 0.9315 0.9770 0.9797 0.9981 1.0000 0.9996 0.9862 1.0000 0.9890 1.0000 0.9983   0.071 0.9815 0.9982 1.0000 1.0000 1.0000 1.0000 1.0000 1.0000 1.0000 1.0000 1.0000 1.0000 1.0000 1.0000 1.0000 1.0000 1.0000 1.0000 1.0000 1.0000 1.0000 1.0000 1.0000
 2084.00 0.9056 0.9823 0.9474 0.9980 1.0000 0.9996 0.9864 1.0000 0.9890 1.0000 0.9983   0.099 0.9481 0.9992 1.0000 1.0000 1.0000 1.0000 1.0000 1.0000 1.0000 1.0000 1.0000 1.0000 1.0000 1.0000 1.0000 1.0000 1.0000 1.0000 1.0000 1.0000 1.0000 1.0000 1.0000
 2085.00 0.8937 0.9639 0.9525 0.9981 1.0000 0.9996 0.9865 1.0000 0.9890 1.0000 0.9983   0.112 0.9553 0.9970 1.0000 1.0000 1.0000 1.0000 1.0000 1.0000 1.0000 1.0000 1.0000 1.0000 1.0000 1.0000 1.0000 1.0000 1.0000 1.0000 1.0000 1.0000 1.0000 1.0000 1.0000
 2086.00 0.8508 0.9599 0.9111 0.9974 1.0000 0.9995 0.9867 1.0000 0.9890 1.0000 0.9982   0.162 0.9832 0.9267 1.0000 1.0000 1.0000 1.0000 1.0000 1.0000 1.0000 1.0000 1.0000 1.0000 1.0000 1.0000 1.0000 1.0000 1.0000 1.0000 1.0000 1.0000 1.0000 1.0000 1.0000
 2087.00 0.5680 0.6102 0.9563 0.9979 1.0000 0.9995 0.9868 1.0000 0.9890 1.0000 0.9982   0.566 0.9634 0.9927 1.0000 1.0000 1.0000 1.0000 1.0000 1.0000 1.0000 1.0000 1.0000 1.0000 1.0000 1.0000 1.0000 1.0000 1.0000 1.0000 1.0000 1.0000 1.0000 1.0000 1.0000
 2088.00 0.7806 0.8103 0.9901 0.9973 1.0000 0.9995 0.9869 1.0000 0.9890 1.0000 0.9982   0.248 0.9913 0.9989 1.0000 1.0000 1.0000 1.0000 1.0000 1.0000 1.0000 1.0000 1.0000 1.0000 1.0000 1.0000 1.0000 1.0000 1.0000 1.0000 1.0000 1.0000 1.0000 1.0000 1.0000
 2089.00 0.7640 0.8097 0.9694 0.9975 1.0000 0.9995 0.9871 1.0000 0.9890 1.0000 0.9982   0.269 0.9715 0.9979 1.0000 1.0000 1.0000 1.0000 1.0000 1.0000 1.0000 1.0000 1.0000 1.0000 1.0000 1.0000 1.0000 1.0000 1.0000 1.0000 1.0000 1.0000 1.0000 1.0000 1.0000
 2090.00 0.1145 0.1211 0.9716 0.9975 1.0000 0.9994 0.9872 1.0000 0.9890 1.0000 0.9982   2.167 0.9805 0.9909 1.0000 1.0000 1.0000 1.0000 1.0000 1.0000 1.0000 1.0000 1.0000 1.0000 1.0000 1.0000 1.0000 1.0000 1.0000 1.0000 1.0000 1.0000 1.0000 1.0000 1.0000
 2091.00 0.6848 0.7717 0.9120 0.9970 1.0000 0.9994 0.9875 1.0000 0.9890 1.0000 0.9982   0.379 0.9954 0.9162 1.0000 1.0000 1.0000 1.0000 1.0000 1.0000 1.0000 1.0000 1.0000 1.0000 1.0000 1.0000 1.0000 1.0000 1.0000 1.0000 1.0000 1.0000 1.0000 1.0000 1.0000
 2092.00 0.8832 0.9238 0.9824 0.9970 1.0000 0.9994 0.9877 1.0000 0.9890 1.0000 0.9982   0.124 0.9846 0.9977 1.0000 1.0000 1.0000 1.0000 1.0000 1.0000 1.0000 1.0000 1.0000 1.0000 1.0000 1.0000 1.0000 1.0000 1.0000 1.0000 1.0000 1.0000 1.0000 1.0000 1.0000
 2093.00 0.8117 0.9126 0.9142 0.9965 1.0000 0.9993 0.9879 1.0000 0.9890 1.0000 0.9982   0.209 0.9154 0.9987 1.0000 1.0000 1.0000 1.0000 1.0000 1.0000 1.0000 1.0000 1.0000 1.0000 1.0000 1.0000 1.0000 1.0000 1.0000 1.0000 1.0000 1.0000 1.0000 1.0000 1.0000
 2094.00 0.8250 0.9565 0.8858 0.9971 1.0000 0.9993 0.9881 1.0000 0.9890 1.0000 0.9982   0.192 0.8903 0.9949 1.0000 1.0000 1.0000 1.0000 1.0000 1.0000 1.0000 1.0000 1.0000 1.0000 1.0000 1.0000 1.0000 1.0000 1.0000 1.0000 1.0000 1.0000 1.0000 1.0000 1.0000
 2095.00 0.7807 0.9184 0.8732 0.9967 1.0000 0.9993 0.9883 1.0000 0.9890 1.0000 0.9982   0.248 0.9788 0.8921 1.0000 1.0000 1.0000 1.0000 1.0000 1.0000 1.0000 1.0000 1.0000 1.0000 1.0000 1.0000 1.0000 1.0000 1.0000 1.0000 1.0000 1.0000 1.0000 1.0000 1.0000
 2096.00 0.9339 0.9718 0.9865 0.9972 1.0000 0.9992 0.9886 1.0000 0.9890 1.0000 0.9982   0.068 0.9892 0.9973 1.0000 1.0000 1.0000 1.0000 1.0000 1.0000 1.0000 1.0000 1.0000 1.0000 1.0000 1.0000 1.0000 1.0000 1.0000 1.0000 1.0000 1.0000 1.0000 1.0000 1.0000
 2097.00 0.7013 0.7254 0.9933 0.9961 1.0000 0.9992 0.9888 1.0000 0.9890 1.0000 0.9982   0.355 0.9947 0.9986 1.0000 1.0000 1.0000 1.0000 1.0000 1.0000 1.0000 1.0000 1.0000 1.0000 1.0000 1.0000 1.0000 1.0000 1.0000 1.0000 1.0000 1.0000 1.0000 1.0000 1.0000
 2098.00 0.9012 0.9353 0.9888 0.9972 1.0000 0.9991 0.9890 1.0000 0.9889 1.0000 0.9982   0.104 0.9920 0.9967 1.0000 1.0000 1.0000 1.0000 1.0000 1.0000 1.0000 1.0000 1.0000 1.0000 1.0000 1.0000 1.0000 1.0000 1.0000 1.0000 1.0000 1.0000 1.0000 1.0000 1.0000
 2099.00 0.8218 0.9722 0.8681 0.9962 1.0000 0.9991 0.9893 1.0000 0.9889 1.0000 0.9982   0.196 0.9904 0.8765 1.0000 1.0000 1.0000 1.0000 1.0000 1.0000 1.0000 1.0000 1.0000 1.0000 1.0000 1.0000 1.0000 1.0000 1.0000 1.0000 1.0000 1.0000 1.0000 1.0000 1.0000
 2100.00 0.6891 0.7158 0.9874 0.9973 1.0000 0.9990 0.9895 1.0000 0.9889 1.0000 0.9982   0.372 0.9931 0.9943 1.0000 1.0000 1.0000 1.0000 1.0000 1.0000 1.0000 1.0000 1.0000 1.0000 1.0000 1.0000 1.0000 1.0000 1.0000 1.0000 1.0000 1.0000 1.0000 1.0000 1.0000
 -9999.
