-0.000305 -0.999848 -0.017450
0.732535 -0.456327 0.505133
-0.261639 -0.461998 0.847410
-0.894426 -0.447148 0.007806
-0.291326 -0.432306 -0.853370
0.714187 -0.437976 -0.545998
0.291326 0.432306 0.853370
-0.714187 0.437976 0.545998
-0.732535 0.456327 -0.505133
0.261639 0.461998 -0.847410
0.894426 0.447148 -0.007806
0.000305 0.999848 0.017450
-0.220482 -0.669925 0.708935
-0.153965 -0.859251 0.487834
-0.073722 -0.971971 0.223244
0.205431 -0.970378 0.127136
0.430391 -0.855918 0.286651
0.616981 -0.665148 0.420610
0.543603 -0.514123 0.663456
0.276786 -0.539777 0.795004
-0.014708 -0.517308 0.855673
0.807301 -0.497072 -0.318097
0.850358 -0.525656 -0.024020
0.817604 -0.507377 0.272199
0.200279 -0.965226 -0.168009
0.419607 -0.845132 -0.331184
0.601526 -0.649690 -0.464833
-0.753527 -0.657415 0.001676
-0.525909 -0.850522 -0.005668
-0.251404 -0.967801 -0.012507
-0.471547 -0.514731 0.716028
-0.679520 -0.534382 0.502681
-0.826909 -0.506391 0.244520
-0.245490 -0.644913 -0.723755
-0.171415 -0.841799 -0.511851
-0.082058 -0.963634 -0.254316
-0.835245 -0.498054 -0.233042
-0.696970 -0.516930 -0.497008
-0.496555 -0.489719 -0.716665
-0.044868 -0.487143 -0.872169
0.248552 -0.511538 -0.822527
0.519811 -0.490328 -0.699553
0.959132 0.248535 0.135260
0.956305 -0.005393 0.292320
0.868218 -0.258842 0.423319
0.852762 -0.243384 -0.462126
0.945521 0.005393 -0.325517
0.953981 0.253688 -0.159886
0.171940 0.234439 0.956805
0.017450 -0.017452 0.999695
-0.138596 -0.267788 0.953457
0.698873 -0.263011 0.665133
0.601813 -0.014119 0.798512
0.451097 0.236032 0.860698
-0.852762 0.243384 0.462126
-0.945521 -0.005393 0.325517
-0.953981 -0.253688 0.159886
-0.420937 -0.266196 0.867151
-0.573579 -0.014119 0.819029
-0.675082 0.239216 0.697883
-0.698873 0.263011 -0.665133
-0.601813 0.014119 -0.798512
-0.451097 -0.236032 -0.860698
-0.959132 -0.248535 -0.135260
-0.956305 0.005393 -0.292320
-0.868218 0.258842 -0.423319
0.420937 0.266196 -0.867151
0.573579 0.014119 -0.819029
0.675082 -0.239216 -0.697883
-0.171940 -0.234439 -0.956805
-0.017450 0.017452 -0.999695
0.138596 0.267788 -0.953457
0.835245 0.498054 0.233042
0.696970 0.516930 0.497008
0.496555 0.489719 0.716665
0.044868 0.487143 0.872169
-0.248552 0.511538 0.822527
-0.519811 0.490328 0.699553
-0.807301 0.497072 0.318097
-0.850358 0.525656 0.024020
-0.817604 0.507377 -0.272199
-0.543603 0.514123 -0.663456
-0.276786 0.539777 -0.795004
0.014708 0.517308 -0.855673
0.471547 0.514731 -0.716028
0.679520 0.534382 -0.502681
0.826909 0.506391 -0.244520
0.082058 0.963634 0.254316
0.171415 0.841799 0.511851
0.245490 0.644913 0.723755
0.753527 0.657415 -0.001676
0.525909 0.850522 0.005668
0.251404 0.967801 0.012507
-0.200279 0.965226 0.168009
-0.419607 0.845132 0.331184
-0.601526 0.649690 0.464833
-0.205431 0.970378 -0.127136
-0.430391 0.855918 -0.286651
-0.616981 0.665148 -0.420610
0.073722 0.971971 -0.223244
0.153965 0.859251 -0.487835
0.220482 0.669925 -0.708935
0.357431 0.898881 -0.253490
0.633730 0.728087 -0.261295
0.438188 0.732677 -0.520746
-0.145325 0.901717 -0.407171
-0.064570 0.735513 -0.674427
-0.371785 0.733760 -0.568658
-0.446869 0.894293 0.023412
-0.673329 0.726336 -0.138073
-0.667659 0.720665 0.186742
-0.130482 0.886871 0.443209
-0.351272 0.713244 0.606541
-0.040552 0.711492 0.701523
0.366605 0.889705 0.272076
0.456535 0.714326 0.530390
0.642904 0.718912 0.264273
0.854335 0.283777 -0.435410
0.798639 0.010258 -0.601722
0.658794 0.288366 -0.694864
-0.154689 0.292953 -0.943530
-0.325565 0.016598 -0.945374
-0.461906 0.291201 -0.837762
-0.949820 0.279189 -0.141054
-0.999848 0.000001 0.017453
-0.944150 0.273519 0.183763
-0.432220 0.261509 0.863017
-0.292374 -0.016599 0.956160
-0.121498 0.259757 0.958000
0.682811 0.264344 0.681096
0.819152 -0.010260 0.573485
0.869179 0.268929 0.414976
0.292374 0.016598 -0.956160
0.432220 -0.261510 -0.863017
0.121498 -0.259757 -0.958000
-0.819152 0.010258 -0.573485
-0.682810 -0.264345 -0.681097
-0.869178 -0.268931 -0.414977
-0.798639 -0.010258 0.601724
-0.854334 -0.283777 0.435412
-0.658792 -0.288366 0.694865
0.325566 -0.016598 0.945374
0.154690 -0.292954 0.943530
0.461907 -0.291201 0.837761
0.999848 0.000000 -0.017452
0.949820 -0.279189 0.141054
0.944150 -0.273519 -0.183762
0.351271 -0.713243 -0.606541
0.130482 -0.886870 -0.443211
0.040552 -0.711490 -0.701525
-0.456537 -0.714326 -0.530389
-0.366605 -0.889705 -0.272076
-0.642905 -0.718912 -0.264272
-0.633731 -0.728087 0.261295
-0.357432 -0.898880 0.253491
-0.438189 -0.732675 0.520747
0.667660 -0.720665 -0.186742
0.673330 -0.726335 0.138074
0.446870 -0.894292 -0.023412
0.064571 -0.735512 0.674428
0.145327 -0.901716 0.407172
0.371786 -0.733759 0.568659
