-0.000305 -0.999848 -0.017450
0.732535 -0.456327 0.505133
-0.261639 -0.461998 0.847410
-0.894426 -0.447148 0.007806
-0.291326 -0.432306 -0.853370
0.714187 -0.437976 -0.545998
0.291326 0.432306 0.853370
-0.714187 0.437976 0.545998
-0.732535 0.456327 -0.505133
0.261639 0.461998 -0.847410
0.894426 0.447148 -0.007806
0.000305 0.999848 0.017450
-0.253659 -0.512491 0.820372
-0.244212 -0.564456 0.788511
-0.233180 -0.617218 0.751445
-0.220482 -0.669925 0.708935
-0.206105 -0.721573 0.660948
-0.190111 -0.771067 0.607712
-0.172652 -0.817298 0.549740
-0.153965 -0.859251 0.487834
-0.134364 -0.896098 0.423030
-0.114208 -0.927282 0.356516
-0.093874 -0.952555 0.289529
-0.073722 -0.971971 0.223244
-0.054067 -0.985847 0.158689
-0.035166 -0.994693 0.096691
-0.017204 -0.999135 0.037850
0.047047 -0.998769 0.015729
0.097376 -0.993937 0.051059
0.150346 -0.984681 0.088313
0.205431 -0.970378 0.127136
0.261917 -0.950525 0.167036
0.318919 -0.924812 0.207398
0.375428 -0.893190 0.247517
0.430391 -0.855918 0.286651
0.482796 -0.813559 0.324081
0.531769 -0.766949 0.359180
0.576639 -0.717108 0.391462
0.616981 -0.665148 0.420610
0.652617 -0.612165 0.446480
0.683591 -0.559164 0.469084
0.710117 -0.506993 0.488560
0.693228 -0.472233 0.544455
0.648750 -0.487457 0.584388
0.598885 -0.501575 0.624307
0.543603 -0.514123 0.663456
0.483115 -0.524621 0.700979
0.417917 -0.532623 0.735974
0.348791 -0.537758 0.767568
0.276786 -0.539777 0.795004
0.203136 -0.538589 0.817715
0.129163 -0.534271 0.835387
0.056162 -0.527057 0.847972
-0.014708 -0.517308 0.855673
-0.082499 -0.505462 0.858896
-0.146510 -0.491993 0.858183
-0.206296 -0.477364 0.854146
0.739693 -0.454076 -0.496658
0.764170 -0.469575 -0.442203
0.786951 -0.484059 -0.382616
0.807301 -0.497072 -0.318097
0.824462 -0.508143 -0.249106
0.837722 -0.516827 -0.176386
0.846488 -0.522750 -0.100949
0.850358 -0.525656 -0.024020
0.849176 -0.525438 0.053052
0.843051 -0.522157 0.128910
0.832341 -0.516023 0.202307
0.817604 -0.507377 0.272199
0.799526 -0.496635 0.337803
0.778847 -0.484254 0.398618
0.756294 -0.470680 0.454401
0.045861 -0.997583 -0.052203
0.094930 -0.991491 -0.089077
0.146573 -0.980908 -0.127811
0.200279 -0.965226 -0.168009
0.255351 -0.943958 -0.209139
0.310926 -0.916817 -0.250543
0.366020 -0.883781 -0.291481
0.419607 -0.845132 -0.331184
0.470700 -0.801461 -0.368919
0.518447 -0.753625 -0.404058
0.562194 -0.702661 -0.436127
0.601526 -0.649690 -0.464833
0.636270 -0.595816 -0.490066
0.666468 -0.542039 -0.511874
0.692331 -0.489204 -0.530431
-0.867099 -0.498095 0.006440
-0.834756 -0.550597 0.004959
-0.796988 -0.603986 0.003367
-0.753527 -0.657415 0.001676
-0.704322 -0.709881 -0.000099
-0.649589 -0.760283 -0.001934
-0.589845 -0.807508 -0.003801
-0.525909 -0.850522 -0.005668
-0.458848 -0.888483 -0.007502
-0.389895 -0.920813 -0.009270
-0.320336 -0.947241 -0.010945
-0.251404 -0.967802 -0.012507
-0.184177 -0.982794 -0.013943
-0.119529 -0.992714 -0.015244
-0.058100 -0.998176 -0.016412
-0.311445 -0.476771 0.822005
-0.363418 -0.490770 0.791879
-0.417025 -0.503576 0.756639
-0.471547 -0.514731 0.716028
-0.526097 -0.523773 0.669988
-0.579656 -0.530272 0.618717
-0.631147 -0.533883 0.562693
-0.679520 -0.534382 0.502681
-0.723856 -0.531707 0.439683
-0.763446 -0.525959 0.374856
-0.797850 -0.517395 0.309415
-0.826909 -0.506391 0.244519
-0.850723 -0.493397 0.181192
-0.869598 -0.478890 0.120261
-0.883989 -0.463334 0.062334
-0.282438 -0.483707 -0.828406
-0.271918 -0.536747 -0.798726
-0.259631 -0.590763 -0.763931
-0.245490 -0.644913 -0.723755
-0.229479 -0.698196 -0.678131
-0.211668 -0.749508 -0.627244
-0.192224 -0.797723 -0.571566
-0.171415 -0.841799 -0.511851
-0.149587 -0.880873 -0.449096
-0.127142 -0.914347 -0.384454
-0.104498 -0.941929 -0.319140
-0.082058 -0.963634 -0.254316
-0.060171 -0.979742 -0.191010
-0.039123 -0.990735 -0.130055
-0.019123 -0.997216 -0.072068
-0.885907 -0.461415 -0.047584
-0.873556 -0.474932 -0.106486
-0.856827 -0.487292 -0.168508
-0.835245 -0.498054 -0.233042
-0.808475 -0.506769 -0.299256
-0.776380 -0.513023 -0.366117
-0.739079 -0.516481 -0.432446
-0.696970 -0.516930 -0.497008
-0.650719 -0.514307 -0.558617
-0.601212 -0.508713 -0.616243
-0.549470 -0.500396 -0.669094
-0.496555 -0.489719 -0.716665
-0.443476 -0.477120 -0.758739
-0.391124 -0.463060 -0.795360
-0.340224 -0.447987 -0.826774
-0.236262 -0.447394 -0.862565
-0.176662 -0.461837 -0.869193
-0.112722 -0.475234 -0.872609
-0.044868 -0.487143 -0.872169
0.026222 -0.497112 -0.867290
0.099613 -0.504716 -0.857519
0.174155 -0.509603 -0.842600
0.248552 -0.511538 -0.822527
0.321472 -0.510434 -0.797567
0.391660 -0.506363 -0.768244
0.458045 -0.499547 -0.735287
0.519811 -0.490328 -0.699553
0.576433 -0.479120 -0.661943
0.627670 -0.466373 -0.623319
0.673523 -0.452524 -0.584456
0.914422 0.403985 0.025078
0.932378 0.356460 0.060059
0.947545 0.304579 0.096906
0.959132 0.248535 0.135260
0.966374 0.188747 0.174630
0.968601 0.125875 0.214402
0.965323 0.060807 0.253877
0.956305 -0.005393 0.292320
0.941605 -0.071561 0.329027
0.921581 -0.136535 0.363383
0.896850 -0.199256 0.394915
0.868218 -0.258842 0.423319
0.836589 -0.314642 0.448463
0.802878 -0.366249 0.470370
0.767943 -0.413476 0.489184
0.750157 -0.395687 -0.529809
0.785756 -0.349123 -0.510589
0.820241 -0.298292 -0.488084
0.852762 -0.243384 -0.462126
0.882404 -0.184808 -0.432677
0.908258 -0.123211 -0.399858
0.929509 -0.059463 -0.363975
0.945521 0.005393 -0.325517
0.955915 0.070217 -0.285124
0.960607 0.133870 -0.243541
0.959808 0.195314 -0.201547
0.953981 0.253688 -0.159886
0.943772 0.308352 -0.119219
0.929932 0.358907 -0.080077
0.913236 0.405171 -0.042854
0.265509 0.389230 0.882046
0.236996 0.341853 0.909379
0.205772 0.290188 0.934585
0.171940 0.234439 0.956805
0.135736 0.175030 0.975162
0.097548 0.112626 0.988838
0.057905 0.048112 0.997162
0.017450 -0.017452 0.999695
-0.023110 -0.082913 0.996289
-0.063058 -0.147121 0.987106
-0.101738 -0.209034 0.972602
-0.138596 -0.267788 0.953457
-0.173217 -0.322748 0.930500
-0.205333 -0.373521 0.904611
-0.234811 -0.419933 0.876653
0.728966 -0.414436 0.544841
0.722473 -0.368229 0.585184
0.712584 -0.317696 0.625534
0.698873 -0.263011 0.665133
0.681013 -0.204570 0.703116
0.658830 -0.143004 0.738575
0.632346 -0.079174 0.770629
0.601813 -0.014119 0.798512
0.567704 0.051020 0.821650
0.530682 0.115097 0.839720
0.491533 0.177060 0.852669
0.451097 0.236032 0.860698
0.410189 0.291354 0.864209
0.369540 0.342609 0.863747
0.329761 0.389597 0.859925
-0.750157 0.395687 0.529809
-0.785756 0.349123 0.510589
-0.820241 0.298292 0.488084
-0.852762 0.243384 0.462126
-0.882404 0.184808 0.432677
-0.908258 0.123211 0.399858
-0.929509 0.059463 0.363975
-0.945521 -0.005393 0.325517
-0.955915 -0.070217 0.285124
-0.960607 -0.133870 0.243541
-0.959808 -0.195314 0.201547
-0.953981 -0.253688 0.159886
-0.943772 -0.308352 0.119219
-0.929932 -0.358907 0.080077
-0.913236 -0.405171 0.042854
-0.299796 -0.419567 0.856788
-0.339388 -0.372765 0.863633
-0.379965 -0.321583 0.867301
-0.420937 -0.266196 0.867152
-0.461593 -0.207005 0.862601
-0.501132 -0.144651 0.853196
-0.538723 -0.080005 0.838675
-0.573579 -0.014119 0.819028
-0.605026 0.051850 0.794515
-0.632573 0.116744 0.765651
-0.655943 0.179496 0.733158
-0.675082 0.239216 0.697883
-0.690132 0.295241 0.660719
-0.701393 0.347145 0.622526
-0.709261 0.394727 0.584071
-0.728966 0.414436 -0.544841
-0.722473 0.368229 -0.585184
-0.712584 0.317696 -0.625534
-0.698873 0.263011 -0.665133
-0.681013 0.204570 -0.703116
-0.658830 0.143004 -0.738575
-0.632346 0.079174 -0.770629
-0.601813 0.014119 -0.798512
-0.567704 -0.051020 -0.821650
-0.530682 -0.115097 -0.839720
-0.491533 -0.177060 -0.852669
-0.451097 -0.236032 -0.860698
-0.410189 -0.291354 -0.864209
-0.369540 -0.342609 -0.863747
-0.329761 -0.389597 -0.859925
-0.914422 -0.403985 -0.025078
-0.932378 -0.356460 -0.060059
-0.947545 -0.304579 -0.096906
-0.959132 -0.248535 -0.135260
-0.966374 -0.188747 -0.174630
-0.968601 -0.125875 -0.214402
-0.965323 -0.060807 -0.253877
-0.956305 0.005393 -0.292320
-0.941605 0.071561 -0.329027
-0.921581 0.136535 -0.363383
-0.896850 0.199256 -0.394915
-0.868218 0.258842 -0.423319
-0.836589 0.314642 -0.448463
-0.802878 0.366249 -0.470370
-0.767943 0.413476 -0.489184
0.299796 0.419567 -0.856788
0.339388 0.372765 -0.863633
0.379965 0.321583 -0.867301
0.420937 0.266196 -0.867152
0.461593 0.207005 -0.862601
0.501132 0.144651 -0.853196
0.538723 0.080005 -0.838675
0.573579 0.014119 -0.819028
0.605026 -0.051850 -0.794515
0.632573 -0.116744 -0.765651
0.655943 -0.179496 -0.733158
0.675082 -0.239216 -0.697883
0.690132 -0.295241 -0.660719
0.701393 -0.347145 -0.622526
0.709261 -0.394727 -0.584071
-0.265509 -0.389230 -0.882046
-0.236996 -0.341853 -0.909379
-0.205772 -0.290188 -0.934585
-0.171940 -0.234439 -0.956805
-0.135736 -0.175030 -0.975162
-0.097548 -0.112626 -0.988838
-0.057905 -0.048112 -0.997162
-0.017450 0.017452 -0.999695
0.023110 0.082913 -0.996289
0.063058 0.147121 -0.987106
0.101738 0.209034 -0.972602
0.138596 0.267788 -0.953457
0.173217 0.322748 -0.930500
0.205333 0.373521 -0.904611
0.234811 0.419933 -0.876653
0.885907 0.461415 0.047584
0.873556 0.474932 0.106486
0.856827 0.487292 0.168508
0.835245 0.498054 0.233042
0.808475 0.506769 0.299256
0.776380 0.513023 0.366117
0.739079 0.516481 0.432446
0.696970 0.516930 0.497008
0.650719 0.514307 0.558617
0.601212 0.508713 0.616243
0.549470 0.500396 0.669094
0.496555 0.489719 0.716665
0.443476 0.477120 0.758739
0.391124 0.463060 0.795360
0.340224 0.447987 0.826774
0.236262 0.447394 0.862565
0.176662 0.461837 0.869193
0.112722 0.475234 0.872609
0.044868 0.487143 0.872169
-0.026222 0.497112 0.867290
-0.099613 0.504716 0.857519
-0.174155 0.509603 0.842600
-0.248552 0.511538 0.822527
-0.321472 0.510434 0.797567
-0.391660 0.506363 0.768244
-0.458045 0.499547 0.735287
-0.519811 0.490328 0.699553
-0.576433 0.479120 0.661943
-0.627670 0.466373 0.623319
-0.673523 0.452524 0.584456
-0.739693 0.454076 0.496658
-0.764170 0.469575 0.442203
-0.786951 0.484059 0.382616
-0.807301 0.497072 0.318097
-0.824462 0.508143 0.249106
-0.837722 0.516827 0.176386
-0.846488 0.522750 0.100949
-0.850358 0.525656 0.024020
-0.849176 0.525438 -0.053052
-0.843051 0.522157 -0.128910
-0.832341 0.516023 -0.202307
-0.817604 0.507377 -0.272199
-0.799526 0.496635 -0.337803
-0.778847 0.484254 -0.398618
-0.756294 0.470680 -0.454401
-0.693228 0.472233 -0.544455
-0.648750 0.487457 -0.584388
-0.598885 0.501575 -0.624307
-0.543603 0.514123 -0.663456
-0.483115 0.524621 -0.700979
-0.417917 0.532623 -0.735974
-0.348791 0.537758 -0.767568
-0.276786 0.539777 -0.795004
-0.203136 0.538589 -0.817715
-0.129163 0.534271 -0.835387
-0.056162 0.527057 -0.847972
0.014708 0.517308 -0.855673
0.082499 0.505462 -0.858896
0.146510 0.491993 -0.858183
0.206296 0.477364 -0.854146
0.311445 0.476771 -0.822005
0.363418 0.490770 -0.791879
0.417025 0.503576 -0.756639
0.471547 0.514731 -0.716028
0.526097 0.523773 -0.669988
0.579656 0.530272 -0.618717
0.631147 0.533883 -0.562693
0.679520 0.534382 -0.502681
0.723856 0.531707 -0.439683
0.763446 0.525959 -0.374856
0.797850 0.517395 -0.309415
0.826909 0.506391 -0.244519
0.850723 0.493397 -0.181192
0.869598 0.478890 -0.120261
0.883989 0.463334 -0.062334
0.019123 0.997216 0.072068
0.039123 0.990735 0.130055
0.060171 0.979742 0.191010
0.082058 0.963634 0.254316
0.104498 0.941929 0.319140
0.127142 0.914347 0.384454
0.149587 0.880873 0.449096
0.171415 0.841799 0.511851
0.192224 0.797723 0.571566
0.211668 0.749507 0.627244
0.229479 0.698196 0.678131
0.245490 0.644913 0.723755
0.259631 0.590763 0.763931
0.271918 0.536747 0.798726
0.282438 0.483707 0.828406
0.867099 0.498095 -0.006440
0.834756 0.550597 -0.004959
0.796988 0.603986 -0.003367
0.753527 0.657415 -0.001676
0.704322 0.709881 0.000099
0.649589 0.760283 0.001934
0.589845 0.807508 0.003801
0.525909 0.850522 0.005668
0.458848 0.888483 0.007502
0.389895 0.920813 0.009270
0.320336 0.947241 0.010945
0.251404 0.967802 0.012507
0.184177 0.982794 0.013943
0.119529 0.992714 0.015244
0.058100 0.998176 0.016412
-0.045861 0.997583 0.052203
-0.094930 0.991491 0.089077
-0.146573 0.980908 0.127811
-0.200279 0.965226 0.168009
-0.255351 0.943958 0.209139
-0.310926 0.916817 0.250543
-0.366020 0.883781 0.291481
-0.419607 0.845132 0.331184
-0.470700 0.801461 0.368919
-0.518447 0.753625 0.404058
-0.562194 0.702661 0.436127
-0.601526 0.649690 0.464833
-0.636270 0.595816 0.490066
-0.666468 0.542039 0.511874
-0.692331 0.489204 0.530431
-0.047047 0.998769 -0.015729
-0.097376 0.993937 -0.051059
-0.150346 0.984681 -0.088313
-0.205431 0.970378 -0.127136
-0.261917 0.950525 -0.167036
-0.318919 0.924812 -0.207398
-0.375428 0.893190 -0.247517
-0.430391 0.855918 -0.286651
-0.482796 0.813559 -0.324081
-0.531769 0.766949 -0.359180
-0.576639 0.717108 -0.391462
-0.616981 0.665148 -0.420610
-0.652617 0.612165 -0.446480
-0.683591 0.559164 -0.469084
-0.710117 0.506993 -0.488560
0.017204 0.999135 -0.037850
0.035166 0.994693 -0.096691
0.054067 0.985847 -0.158689
0.073722 0.971971 -0.223244
0.093874 0.952555 -0.289529
0.114208 0.927282 -0.356516
0.134364 0.896098 -0.423030
0.153965 0.859251 -0.487834
0.172652 0.817298 -0.549740
0.190111 0.771067 -0.607712
0.206105 0.721573 -0.660948
0.220482 0.669925 -0.708935
0.233180 0.617218 -0.751445
0.244212 0.564456 -0.788511
0.253659 0.512491 -0.820372
0.077538 0.996153 -0.040824
0.141544 0.988961 -0.043830
0.097947 0.989984 -0.101675
0.208696 0.976860 -0.046815
0.164363 0.980630 -0.106535
0.119120 0.978961 -0.165665
0.278214 0.959232 -0.049716
0.233758 0.965921 -0.111150
0.187676 0.967002 -0.172292
0.140770 0.962457 -0.232078
0.349071 0.935626 -0.052465
0.305200 0.945273 -0.115381
0.258935 0.949283 -0.178365
0.211084 0.947481 -0.240256
0.162542 0.940004 -0.299956
0.420037 0.905840 -0.054990
0.377508 0.918316 -0.119094
0.331813 0.925292 -0.183671
0.283714 0.926421 -0.247489
0.234125 0.921681 -0.309338
0.184024 0.911378 -0.368137
0.489755 0.869980 -0.057228
0.449311 0.884983 -0.122163
0.404982 0.894786 -0.188008
0.357431 0.898881 -0.253490
0.307532 0.897073 -0.317307
0.256299 0.889513 -0.378255
0.204781 0.876668 -0.435337
0.556866 0.828495 -0.059123
0.519163 0.845560 -0.124490
0.476967 0.857870 -0.191210
0.430790 0.864784 -0.258007
0.381414 0.865943 -0.323522
0.329824 0.861323 -0.386443
0.277119 0.851240 -0.445639
0.224396 0.836298 -0.500252
0.620126 0.782155 -0.060643
0.585673 0.800692 -0.126015
0.546271 0.815030 -0.193168
0.502252 0.824436 -0.260858
0.454251 0.828411 -0.327706
0.403165 0.826762 -0.392330
0.350080 0.819634 -0.453479
0.296155 0.807487 -0.510154
0.242506 0.791017 -0.561679
0.678526 0.731975 -0.061771
0.647638 0.751336 -0.126725
0.611526 0.767112 -0.193843
0.570328 0.778530 -0.261949
0.524494 0.784991 -0.329691
0.474782 0.786157 -0.395650
0.422198 0.782006 -0.458492
0.367901 0.772829 -0.517091
0.313079 0.759188 -0.570628
0.258835 0.741825 -0.618628
0.731360 0.679121 -0.062516
0.704155 0.698660 -0.126651
0.671626 0.715238 -0.193270
0.633730 0.728087 -0.261295
0.590720 0.736561 -0.329435
0.543175 0.740216 -0.396285
0.491967 0.738879 -0.460464
0.438188 0.732677 -0.520746
0.383035 0.722011 -0.576181
0.327691 0.707495 -0.626154
0.273216 0.689873 -0.670394
0.778258 0.624786 -0.062903
0.754667 0.643923 -0.125864
0.725811 0.660685 -0.191554
0.691491 0.674355 -0.259009
0.651772 0.684283 -0.327032
0.607040 0.689964 -0.394275
0.557992 0.691115 -0.459353
0.505597 0.687713 -0.520982
0.450998 0.680000 -0.578102
0.395394 0.668440 -0.629962
0.339927 0.653656 -0.676153
0.285592 0.636348 -0.716588
0.819164 0.570092 -0.062971
0.798971 0.588349 -0.124462
0.773698 0.604754 -0.188847
0.743024 0.618665 -0.255284
0.706854 0.629465 -0.322693
0.665385 0.636639 -0.389813
0.619125 0.639831 -0.455302
0.568879 0.638903 -0.517860
0.515677 0.633952 -0.576352
0.460676 0.625291 -0.629912
0.405041 0.613406 -0.677993
0.349847 0.598889 -0.720374
0.296002 0.582370 -0.757118
0.854278 0.516013 -0.062765
0.837170 0.533036 -0.122556
0.815253 0.548649 -0.185331
0.788123 0.562298 -0.250366
0.755561 0.573432 -0.316709
0.717598 0.581552 -0.383212
0.674558 0.586277 -0.448610
0.627062 0.587392 -0.511629
0.575990 0.584875 -0.571101
0.522399 0.578903 -0.626075
0.467422 0.569825 -0.675882
0.412162 0.558109 -0.720165
0.357604 0.544290 -0.758859
0.304564 0.528914 -0.792143
-0.031182 0.996766 -0.074057
-0.014144 0.990616 -0.135938
-0.082639 0.990226 -0.112357
0.003966 0.979611 -0.200865
-0.066584 0.981932 -0.177131
-0.136765 0.978808 -0.152414
0.022978 0.963121 -0.268085
-0.049287 0.968339 -0.244726
-0.121686 0.967926 -0.219801
-0.192957 0.961890 -0.193742
0.042646 0.940680 -0.336605
-0.030897 0.948846 -0.314224
-0.105151 0.951337 -0.289658
-0.178761 0.948002 -0.263317
-0.250407 0.939008 -0.235712
0.062662 0.912063 -0.405235
-0.011642 0.923067 -0.384462
-0.087283 0.928513 -0.360894
-0.162850 0.928082 -0.334878
-0.236908 0.921782 -0.306907
-0.308135 0.909948 -0.277576
0.082666 0.877356 -0.472665
0.008174 0.890913 -0.454101
-0.068297 0.899193 -0.432189
-0.145325 0.901717 -0.407171
-0.221400 0.898320 -0.379479
-0.295064 0.889183 -0.349702
-0.365053 0.874803 -0.318523
0.102281 0.836987 -0.537579
0.028193 0.852644 -0.521730
-0.048493 0.863457 -0.502086
-0.126394 0.868807 -0.478746
-0.203969 0.868365 -0.452039
-0.279668 0.862139 -0.422496
-0.352080 0.850475 -0.390809
-0.420058 0.834007 -0.357747
0.121144 0.791701 -0.598776
0.048030 0.808886 -0.586000
-0.028237 0.821769 -0.569122
-0.106361 0.829636 -0.548080
-0.184826 0.832016 -0.523057
-0.262036 0.828748 -0.494483
-0.336470 0.820010 -0.463002
-0.406828 0.806292 -0.429400
-0.472132 0.788317 -0.394521
0.138939 0.742501 -0.655277
0.067312 0.760574 -0.645753
-0.007929 0.774949 -0.631974
-0.085610 0.784871 -0.613717
-0.164295 0.789762 -0.591001
-0.242398 0.789317 -0.564112
-0.318336 0.783543 -0.533594
-0.390687 0.772766 -0.500196
-0.458313 0.757576 -0.464789
-0.520434 0.738740 -0.428266
0.155423 0.690537 -0.706401
0.085709 0.708860 -0.700122
0.012037 0.724103 -0.689587
-0.064570 0.735513 -0.674427
-0.142794 0.742460 -0.654495
-0.221115 0.744527 -0.629911
-0.297945 0.741575 -0.601079
-0.371785 0.733760 -0.568658
-0.441367 0.721517 -0.533487
-0.505751 0.705486 -0.496492
-0.564364 0.686431 -0.458590
0.170437 0.636998 -0.751788
0.102963 0.654993 -0.748587
0.031307 0.670493 -0.741255
-0.043666 0.682790 -0.729309
-0.120787 0.691247 -0.712453
-0.198645 0.695383 -0.690639
-0.275703 0.694944 -0.664109
-0.350442 0.689937 -0.633386
-0.421503 0.680634 -0.599226
-0.487811 0.667532 -0.562531
-0.548633 0.651276 -0.524254
-0.603589 0.632582 -0.485304
0.183910 0.583002 -0.791382
0.118898 0.600192 -0.790970
0.049595 0.615411 -0.786644
-0.023287 0.628021 -0.777848
-0.098741 0.637418 -0.764165
-0.175499 0.643102 -0.745399
-0.252120 0.644746 -0.721622
-0.327118 0.642238 -0.693199
-0.399098 0.635704 -0.660757
-0.466883 0.625490 -0.625125
-0.529602 0.612107 -0.587237
-0.586720 0.596167 -0.548037
-0.638029 0.578313 -0.508402
0.195843 0.529527 -0.825377
0.133420 0.545555 -0.827387
0.066699 0.560058 -0.825764
-0.003751 0.572482 -0.819908
-0.077082 0.582285 -0.809322
-0.152184 0.588982 -0.793687
-0.227750 0.592214 -0.772925
-0.302370 0.591788 -0.747234
-0.374664 0.587713 -0.717092
-0.443401 0.580195 -0.683205
-0.507603 0.569608 -0.646441
-0.566597 0.556445 -0.607731
-0.620024 0.541257 -0.567989
-0.667813 0.524600 -0.528035
-0.096391 0.995161 0.019056
-0.149869 0.988571 -0.016357
-0.148605 0.987306 0.056061
-0.205832 0.977108 -0.053791
-0.205102 0.978522 0.020663
-0.203235 0.974510 0.095002
-0.263607 0.960150 -0.092859
-0.263812 0.964427 -0.016855
-0.262476 0.963090 0.059692
-0.259622 0.956165 0.135447
-0.322318 0.937238 -0.133028
-0.323896 0.944429 -0.056074
-0.323522 0.945961 0.022161
-0.321167 0.941700 0.100261
-0.316910 0.931829 0.176815
-0.380925 0.908156 -0.173636
-0.384314 0.918153 -0.096422
-0.385367 0.922604 -0.017139
-0.383972 0.921209 0.062757
-0.380157 0.913995 0.141751
-0.374082 0.901311 0.218404
-0.438296 0.872999 -0.213938
-0.443885 0.885519 -0.137196
-0.446815 0.892770 -0.057601
-0.446869 0.894293 0.023412
-0.443990 0.889944 0.104273
-0.438288 0.879922 0.183415
-0.430033 0.864735 0.259431
-0.493301 0.832204 -0.253162
-0.501381 0.846799 -0.177617
-0.506576 0.856552 -0.098488
-0.508543 0.860867 -0.017129
-0.507111 0.859435 0.064890
-0.502309 0.852285 0.145931
-0.494363 0.839780 0.224442
-0.483661 0.822563 0.299103
-0.544923 0.786525 -0.290581
-0.555649 0.802627 -0.216894
-0.563378 0.814424 -0.138993
-0.567640 0.821224 -0.058102
-0.568132 0.822580 0.024277
-0.564767 0.818351 0.106492
-0.557690 0.808734 0.186898
-0.547255 0.794232 0.264023
-0.533974 0.775574 0.336684
-0.592345 0.736969 -0.325582
-0.605719 0.753946 -0.254303
-0.616102 0.767216 -0.178318
-0.622910 0.776044 -0.098683
-0.625704 0.779880 -0.016777
-0.624263 0.778438 0.065800
-0.618615 0.771749 0.147375
-0.609038 0.760151 0.226368
-0.596018 0.744244 0.301434
-0.580176 0.724799 0.371567
-0.635014 0.684692 -0.357707
-0.650887 0.701913 -0.289248
-0.663884 0.716038 -0.215747
-0.673329 0.726336 -0.138073
-0.678662 0.732201 -0.057441
-0.679521 0.733241 0.024662
-0.675799 0.729338 0.106598
-0.667659 0.720665 0.186742
-0.655517 0.707669 0.263632
-0.639971 0.690996 0.336097
-0.621731 0.671406 0.403317
-0.672657 0.630882 -0.386680
-0.690759 0.647776 -0.321307
-0.706183 0.662156 -0.250710
-0.718193 0.673330 -0.175572
-0.726135 0.680687 -0.096922
-0.729520 0.683771 -0.016090
-0.728097 0.682348 0.065383
-0.721896 0.676448 0.145890
-0.711220 0.666356 0.223911
-0.696603 0.652574 0.298148
-0.678733 0.635749 0.367619
-0.658372 0.616595 0.431691
-0.705259 0.576658 -0.412401
-0.725238 0.592756 -0.350242
-0.742791 0.606858 -0.282816
-0.757155 0.618344 -0.210636
-0.767614 0.626631 -0.134541
-0.773582 0.631246 -0.055679
-0.774677 0.631881 0.024553
-0.770784 0.628447 0.104627
-0.762071 0.621087 0.183024
-0.748968 0.610156 0.258373
-0.732102 0.596167 0.329563
-0.712216 0.579732 0.395801
-0.690090 0.561487 0.456627
-0.733021 0.522995 -0.434921
-0.754485 0.537946 -0.375987
-0.773798 0.551344 -0.311861
-0.790203 0.562651 -0.242905
-0.802958 0.571343 -0.169781
-0.811408 0.576961 -0.093448
-0.815069 0.579166 -0.015134
-0.813692 0.577788 0.063762
-0.807303 0.572854 0.141776
-0.796198 0.564581 0.217525
-0.780905 0.553351 0.289812
-0.762110 0.539654 0.357716
-0.740580 0.524039 0.420623
-0.717083 0.507054 0.478215
-0.027972 0.993556 0.109836
-0.078065 0.985651 0.149656
-0.008789 0.985261 0.170833
-0.130768 0.972810 0.191155
-0.059766 0.975113 0.213502
0.011568 0.972007 0.234665
-0.185494 0.954426 0.233803
-0.113354 0.959592 0.257553
-0.040129 0.959179 0.279937
0.032903 0.953194 0.300564
-0.241459 0.930059 0.276927
-0.168888 0.938128 0.302313
-0.094401 0.940586 0.326169
-0.019337 0.937284 0.348029
0.054937 0.928387 0.367531
-0.297709 0.899520 0.319740
-0.225495 0.910367 0.346963
-0.150502 0.915733 0.372536
-0.074073 0.915302 0.395899
0.002341 0.909082 0.416610
0.077317 0.897405 0.434380
-0.353185 0.862933 0.361397
-0.282142 0.876259 0.390597
-0.207478 0.884396 0.418087
-0.130482 0.886871 0.443209
-0.052629 0.883523 0.465422
0.024555 0.874529 0.484351
0.099641 0.860379 0.499820
-0.406813 0.820760 0.401069
-0.337712 0.836106 0.432293
-0.264232 0.846700 0.461823
-0.187545 0.851938 0.488905
-0.109085 0.851496 0.512889
-0.030421 0.845382 0.533296
0.046898 0.833937 0.549864
0.121484 0.817781 0.562562
-0.457600 0.773783 0.438021
-0.391108 0.790569 0.471206
-0.319612 0.803150 0.502791
-0.244120 0.810829 0.531942
-0.165957 0.813145 0.557901
-0.086669 0.809941 0.580072
-0.007864 0.801392 0.598088
0.068938 0.787975 0.611836
0.142443 0.770399 0.621446
-0.504725 0.723029 0.471680
-0.441356 0.740616 0.506648
-0.372527 0.754603 0.540183
-0.299049 0.764253 0.571391
-0.222088 0.769004 0.599424
-0.143095 0.768559 0.623571
-0.063668 0.762925 0.643344
0.014597 0.752420 0.658522
0.090264 0.737619 0.669157
0.162168 0.719268 0.675540
-0.547603 0.669667 0.501674
-0.487691 0.687424 0.538150
-0.422046 0.702193 0.573413
-0.351272 0.713244 0.606541
-0.276340 0.719967 0.636619
-0.198550 0.721959 0.662838
-0.119420 0.719082 0.684587
-0.040552 0.711492 0.701523
0.036530 0.699607 0.713594
0.110515 0.684050 0.721014
0.180394 0.665562 0.724214
-0.585905 0.614895 0.527844
-0.529611 0.632252 0.565482
-0.467481 0.647199 0.602158
-0.399926 0.659054 0.636952
-0.327710 0.667201 0.668916
-0.251942 0.671179 0.697169
-0.174005 0.670739 0.720993
-0.095436 0.665891 0.739919
-0.017779 0.656899 0.753769
0.057558 0.644239 0.762656
0.129417 0.628535 0.766939
0.196951 0.610480 0.767153
-0.619550 0.559832 0.550223
-0.566879 0.576323 0.588642
-0.508418 0.590920 0.626358
-0.444408 0.603012 0.662479
-0.375415 0.612017 0.696059
-0.302343 0.617458 0.726177
-0.226397 0.619019 0.752037
-0.148994 0.616594 0.773054
-0.071632 0.610304 0.788922
0.004248 0.600482 0.799627
0.077385 0.587617 0.805430
0.146787 0.572299 0.806801
0.211764 0.555144 0.804345
-0.648664 0.505449 0.568996
-0.599500 0.520730 0.607815
-0.544710 0.534555 0.646176
-0.484393 0.546395 0.683239
-0.418942 0.555732 0.718088
-0.349059 0.562105 0.749797
-0.275755 0.565169 0.777523
-0.200284 0.564744 0.800594
-0.124042 0.560836 0.818582
-0.048444 0.553643 0.831344
0.025206 0.543521 0.839017
0.095810 0.530943 0.841974
0.162538 0.516433 0.840761
0.224843 0.500523 0.836016
0.079522 0.994169 0.072829
0.102038 0.985893 0.132678
0.143589 0.986916 0.073347
0.125423 0.972657 0.195468
0.168577 0.976415 0.134890
0.210797 0.974758 0.073563
0.149368 0.953858 0.260468
0.194161 0.960515 0.199277
0.238082 0.961596 0.136564
0.280363 0.957082 0.073421
0.173481 0.929063 0.326720
0.219915 0.938649 0.265661
0.265578 0.942639 0.202238
0.309615 0.940856 0.137577
0.351259 0.933438 0.072870
0.197311 0.898089 0.393070
0.245336 0.910468 0.332954
0.292740 0.917393 0.269616
0.338582 0.918522 0.204158
0.381992 0.913831 0.137822
0.422251 0.903625 0.071877
0.220379 0.861068 0.458253
0.269882 0.875928 0.399891
0.318962 0.885642 0.337494
0.366605 0.889705 0.272076
0.411840 0.887927 0.204872
0.453839 0.880455 0.137219
0.491984 0.867751 0.070428
0.242222 0.818469 0.520995
0.293017 0.835340 0.465132
0.343631 0.847515 0.404520
0.392996 0.854359 0.340037
0.440056 0.855517 0.272839
0.483870 0.850966 0.204271
0.523705 0.841017 0.135730
0.559094 0.826267 0.068533
0.262436 0.771084 0.580136
0.314265 0.789374 0.527377
0.366188 0.803525 0.469313
0.417111 0.812814 0.406635
0.465912 0.816748 0.340365
0.511550 0.815138 0.271785
0.553174 0.808126 0.202314
0.590200 0.796164 0.133368
0.622341 0.779940 0.066226
0.280712 0.719944 0.634729
0.333259 0.739004 0.585501
0.386188 0.754539 0.530593
0.438413 0.765788 0.470491
0.488775 0.772162 0.406036
0.536155 0.773328 0.338381
0.579594 0.769262 0.268898
0.618384 0.760253 0.199039
0.652123 0.746851 0.130192
0.680713 0.729787 0.063565
0.296859 0.666226 0.684118
0.349768 0.685415 0.638646
0.403344 0.701699 0.587310
0.456535 0.714326 0.530390
0.508182 0.722661 0.468521
0.557121 0.726268 0.402681
0.602302 0.724977 0.334126
0.642904 0.718912 0.264273
0.678396 0.708467 0.194560
0.708570 0.694244 0.126309
0.733509 0.676971 0.060621
0.310806 0.611130 0.727956
0.363708 0.629871 0.686279
0.417539 0.646291 0.638725
0.471307 0.659688 0.585391
0.523885 0.669423 0.526705
0.574100 0.675005 0.463442
0.620846 0.676155 0.396692
0.663202 0.672851 0.327772
0.700517 0.665328 0.258099
0.732455 0.654041 0.189052
0.758991 0.639598 0.121851
0.780360 0.622684 0.057475
0.322592 0.555776 0.766190
0.375131 0.573601 0.728189
0.428822 0.589621 0.684440
0.482753 0.603210 0.634891
0.535858 0.613769 0.579780
0.586989 0.620790 0.519676
0.635023 0.623931 0.455473
0.678968 0.623054 0.388339
0.718066 0.618252 0.319603
0.751855 0.609832 0.250637
0.780184 0.598267 0.182726
0.803185 0.584134 0.116965
0.821210 0.568046 0.054207
0.332337 0.501136 0.799009
0.384194 0.517697 0.764451
0.437376 0.532890 0.724382
0.491065 0.546178 0.678634
0.544277 0.557023 0.627287
0.595921 0.564941 0.570719
0.644888 0.569563 0.509625
0.690156 0.570677 0.444987
0.730885 0.568263 0.378002
0.766499 0.562491 0.309972
0.796720 0.553700 0.242185
0.821556 0.542344 0.175806
0.841260 0.528944 0.111799
0.856262 0.514029 0.050889
0.901984 0.419931 -0.100416
0.917533 0.371970 -0.140609
0.886354 0.433975 -0.161375
0.929843 0.319485 -0.182543
0.900309 0.384249 -0.204443
0.865781 0.446882 -0.225209
0.938104 0.262724 -0.225692
0.910632 0.329799 -0.248961
0.877676 0.395338 -0.270911
0.839810 0.458199 -0.291158
0.941570 0.202186 -0.269382
0.916512 0.270960 -0.294256
0.885569 0.338925 -0.317643
0.849203 0.404814 -0.339085
0.808171 0.467474 -0.358229
0.939640 0.138634 -0.312822
0.917238 0.208346 -0.339509
0.888680 0.278080 -0.364581
0.854281 0.346487 -0.387492
0.814696 0.412269 -0.407805
0.770852 0.474298 -0.425240
0.931946 0.073059 -0.355160
0.912297 0.142851 -0.383807
0.886377 0.213547 -0.410772
0.854335 0.283777 -0.435410
0.816684 0.352144 -0.457189
0.774262 0.417358 -0.475743
0.728143 0.478358 -0.490899
0.918418 0.006624 -0.395556
0.901455 0.075600 -0.426219
0.878275 0.146354 -0.455207
0.848855 0.217562 -0.481780
0.813542 0.287787 -0.505299
0.773043 0.355626 -0.525294
0.728354 0.419842 -0.541510
0.680647 0.479472 -0.553918
0.899306 -0.059443 -0.433262
0.884809 0.007861 -0.465887
0.864305 0.077748 -0.496923
0.837615 0.148997 -0.525548
0.804915 0.220208 -0.551017
0.766751 0.289923 -0.572745
0.723996 0.356777 -0.590373
0.677756 0.419623 -0.603791
0.629245 0.477622 -0.613131
0.875159 -0.123953 -0.467689
0.862785 -0.059067 -0.502108
0.844742 0.009081 -0.535096
0.820727 0.079428 -0.565772
0.790756 0.150671 -0.593299
0.755203 0.221374 -0.616978
0.714790 0.290104 -0.636330
0.670509 0.355574 -0.651141
0.623519 0.416756 -0.661467
0.575010 0.472946 -0.667597
0.846759 -0.185863 -0.498452
0.836091 -0.123981 -0.534397
0.820181 -0.058314 -0.569125
0.798639 0.010258 -0.601722
0.771351 0.080587 -0.631287
0.738528 0.151322 -0.657022
0.700726 0.221038 -0.678326
0.658794 0.288366 -0.694864
0.613789 0.352131 -0.706588
0.566856 0.411441 -0.713716
0.519110 0.465726 -0.716676
0.815030 -0.244347 -0.525376
0.805628 -0.185868 -0.562510
0.791457 -0.123254 -0.598669
0.772082 -0.057186 -0.632944
0.747293 0.011368 -0.664398
0.717163 0.081201 -0.692159
0.682085 0.150958 -0.715522
0.642753 0.219264 -0.734025
0.600090 0.284852 -0.747497
0.555153 0.346679 -0.756055
0.509019 0.403990 -0.760060
0.462691 0.456342 -0.760045
0.780938 -0.298831 -0.548485
0.772385 -0.243973 -0.586429
0.759546 -0.184787 -0.623654
0.741976 -0.121773 -0.659275
0.719403 -0.055703 -0.692356
0.691799 0.012390 -0.721984
0.659413 0.081279 -0.747375
0.622781 0.149644 -0.767953
0.582680 0.216197 -0.783418
0.540049 0.279794 -0.793765
0.495894 0.339532 -0.799254
0.451185 0.394789 -0.800358
0.406790 0.445230 -0.797680
0.745407 -0.348993 -0.567954
0.737341 -0.297809 -0.606331
0.725455 -0.242246 -0.644230
0.709317 -0.182639 -0.680818
0.688630 -0.119577 -0.715185
0.663294 -0.053906 -0.746415
0.633445 0.013310 -0.773673
0.599478 0.080860 -0.796296
0.562021 0.147494 -0.813866
0.521881 0.212035 -0.826246
0.479962 0.273475 -0.833576
0.437177 0.331047 -0.836232
0.394372 0.384248 -0.834760
0.352270 0.432832 -0.829797
0.176355 0.433824 -0.883570
0.143726 0.385661 -0.911377
0.113328 0.446884 -0.887384
0.108515 0.332899 -0.936698
0.077501 0.396896 -0.914586
0.046058 0.458692 -0.887401
0.070966 0.275781 -0.958597
0.039251 0.342107 -0.938841
0.007120 0.406820 -0.913480
-0.024865 0.468793 -0.882958
0.031484 0.214800 -0.976150
-0.001040 0.282845 -0.959165
-0.033955 0.350001 -0.936134
-0.066662 0.415013 -0.907370
-0.098573 0.476745 -0.873497
-0.009380 0.150716 -0.988533
-0.042822 0.219724 -0.974622
-0.076631 0.288668 -0.954358
-0.110167 0.356214 -0.927887
-0.142795 0.421078 -0.895714
-0.173939 0.482152 -0.858647
-0.050942 0.084528 -0.995118
-0.085399 0.153638 -0.984430
-0.120208 0.223566 -0.967248
-0.154689 0.292953 -0.943530
-0.188155 0.360417 -0.913618
-0.219975 0.424686 -0.878210
-0.249639 0.484720 -0.838288
-0.092447 0.017403 -0.995566
-0.127977 0.085719 -0.988066
-0.163864 0.155728 -0.974114
-0.199391 0.226114 -0.953476
-0.233819 0.295454 -0.926302
-0.266459 0.362363 -0.893136
-0.296741 0.425624 -0.854862
-0.324260 0.484294 -0.812598
-0.133124 -0.049415 -0.989867
-0.169731 0.017248 -0.985340
-0.206725 0.086410 -0.974576
-0.243360 0.156859 -0.957168
-0.278851 0.227206 -0.933070
-0.312448 0.296010 -0.902638
-0.343518 0.361924 -0.866607
-0.371596 0.423822 -0.826009
-0.396419 0.480883 -0.782051
-0.172266 -0.114722 -0.978347
-0.209883 -0.050463 -0.976423
-0.247944 0.016980 -0.968626
-0.285688 0.086548 -0.954407
-0.322292 0.156948 -0.933539
-0.356954 0.226760 -0.906181
-0.388971 0.294569 -0.872886
-0.417811 0.359107 -0.834552
-0.443153 0.419365 -0.792306
-0.464893 0.474655 -0.747380
-0.209280 -0.177458 -0.961619
-0.247772 -0.116191 -0.961826
-0.286787 -0.051215 -0.956624
-0.325565 0.016598 -0.945374
-0.363264 0.086105 -0.927699
-0.399037 0.155971 -0.903572
-0.432120 0.224786 -0.873352
-0.461906 0.291201 -0.837762
-0.488007 0.354059 -0.797804
-0.510260 0.412483 -0.754647
-0.528718 0.465919 -0.709490
-0.243729 -0.236780 -0.940495
-0.282903 -0.178909 -0.942315
-0.322693 -0.116971 -0.939248
-0.362355 -0.051646 -0.930608
-0.401049 0.016107 -0.915915
-0.437902 0.085092 -0.894987
-0.472101 0.153970 -0.867994
-0.502969 0.221383 -0.835471
-0.530038 0.286082 -0.798258
-0.553076 0.347040 -0.757410
-0.572079 0.403517 -0.714072
-0.587239 0.455079 -0.669368
-0.275345 -0.292098 -0.915895
-0.314969 -0.237841 -0.918818
-0.355303 -0.179322 -0.917389
-0.395638 -0.117035 -0.910919
-0.435153 -0.051748 -0.898868
-0.472973 0.015518 -0.880940
-0.508254 0.083550 -0.857145
-0.540262 0.151043 -0.827830
-0.568451 0.216726 -0.793659
-0.592505 0.279472 -0.755535
-0.612349 0.338390 -0.714507
-0.628119 0.392871 -0.671653
-0.640118 0.442587 -0.627986
-0.304016 -0.343075 -0.888749
-0.343840 -0.292489 -0.892314
-0.384462 -0.237583 -0.892044
-0.425218 -0.178690 -0.887277
-0.465324 -0.116394 -0.877455
-0.503926 -0.051530 -0.862208
-0.540171 0.014849 -0.841424
-0.573288 0.081548 -0.815286
-0.602662 0.147332 -0.784278
-0.627895 0.211039 -0.749140
-0.648826 0.271675 -0.710787
-0.665516 0.328485 -0.670213
-0.678216 0.380973 -0.628397
-0.687302 0.428898 -0.586228
-0.792812 0.426300 -0.435565
-0.828549 0.377271 -0.413731
-0.816130 0.438253 -0.376651
-0.862643 0.323631 -0.388729
-0.852248 0.387353 -0.351611
-0.837127 0.448927 -0.312543
-0.894135 0.265635 -0.360501
-0.886236 0.331647 -0.323415
-0.873109 0.396105 -0.284221
-0.854984 0.457887 -0.243604
-0.922028 0.203797 -0.329136
-0.917041 0.271481 -0.292118
-0.906412 0.338341 -0.252869
-0.890232 0.403128 -0.212071
-0.868895 0.464709 -0.170492
-0.945380 0.138895 -0.294899
-0.943616 0.207489 -0.257946
-0.935924 0.276089 -0.218680
-0.922223 0.343368 -0.177772
-0.902774 0.408049 -0.135998
-0.878152 0.469022 -0.094168
-0.963401 0.071945 -0.258229
-0.965017 0.140587 -0.221307
-0.960581 0.210117 -0.182032
-0.949820 0.279189 -0.141054
-0.932822 0.346428 -0.099150
-0.910039 0.410565 -0.057150
-0.882227 0.470557 -0.015858
-0.975552 0.004132 -0.219729
-0.980519 0.071924 -0.182782
-0.979488 0.141480 -0.143479
-0.971995 0.211496 -0.102446
-0.957930 0.280562 -0.060451
-0.937575 0.347299 -0.018333
-0.911574 0.410488 0.023078
-0.880850 0.469180 0.063038
-0.981608 -0.063288 -0.180111
-0.989707 0.002799 -0.143080
-0.992037 0.071451 -0.103721
-0.987959 0.141474 -0.062633
-0.977163 0.211492 -0.020565
-0.959734 0.280075 0.021642
-0.936153 0.345877 0.063140
-0.907240 0.407767 0.103157
-0.874046 0.464916 0.141057
-0.981679 -0.129103 -0.140135
-0.992527 -0.065467 -0.102977
-0.997978 0.001413 -0.063542
-0.997260 0.070499 -0.022397
-0.989882 0.140515 0.019732
-0.975722 0.210051 0.062012
-0.955067 0.277699 0.103589
-0.928584 0.342189 0.143663
-0.897231 0.402505 0.181567
-0.862134 0.457947 0.216814
-0.976182 -0.192251 -0.100540
-0.989277 -0.131646 -0.063246
-0.997452 -0.067278 -0.023736
-0.999848 0.000001 0.017453
-0.995829 0.069067 0.059623
-0.985085 0.138601 0.101962
-0.967700 0.207201 0.143614
-0.944150 0.273519 0.183763
-0.915250 0.336395 0.221712
-0.882046 0.394941 0.256939
-0.845685 0.448587 0.289114
-0.965769 -0.251890 -0.061982
-0.980553 -0.194711 -0.024580
-0.990947 -0.133419 0.014968
-0.996057 -0.068673 0.056161
-0.995153 -0.001412 0.098333
-0.987770 0.067185 0.140699
-0.973799 0.135791 0.182415
-0.953516 0.203054 0.222656
-0.927556 0.267722 0.260701
-0.896831 0.328760 0.295991
-0.862419 0.385415 0.328159
-0.825439 0.437238 0.357034
-0.951240 -0.307437 -0.024994
-0.967153 -0.253892 0.012450
-0.979217 -0.196046 0.051967
-0.986548 -0.134374 0.093091
-0.988370 -0.069624 0.135197
-0.984111 -0.002797 0.177534
-0.973501 0.064907 0.219279
-0.956622 0.132192 0.259613
-0.933915 0.197789 0.297794
-0.906125 0.260566 0.333230
-0.874210 0.319621 0.365513
-0.839226 0.374329 0.394433
-0.802225 0.424346 0.419959
-0.933451 -0.358565 0.010034
-0.949976 -0.308701 0.047425
-0.963172 -0.254487 0.086813
-0.972197 -0.196235 0.127768
-0.976271 -0.134511 0.169710
-0.974765 -0.070130 0.211932
-0.967289 -0.004130 0.253643
-0.953761 0.062305 0.294038
-0.934430 0.127946 0.332370
-0.909859 0.191629 0.368016
-0.880850 0.252351 0.400526
-0.848358 0.309345 0.429645
-0.813379 0.362101 0.455299
-0.776873 0.410359 0.477571
-0.666170 0.407762 0.624459
-0.655647 0.358400 0.664588
-0.617549 0.420014 0.664998
-0.641528 0.304493 0.704078
-0.604065 0.368813 0.706458
-0.563251 0.431087 0.704920
-0.623467 0.246312 0.742038
-0.586842 0.312879 0.746809
-0.546572 0.378005 0.747242
-0.503360 0.440556 0.743330
-0.601248 0.184387 0.777498
-0.565615 0.252577 0.785038
-0.526103 0.320062 0.787893
-0.483370 0.385588 0.785924
-0.438246 0.448004 0.779252
-0.574843 0.119509 0.809490
-0.540283 0.188553 0.820087
-0.501692 0.257730 0.825761
-0.459660 0.325707 0.826213
-0.414986 0.391192 0.821435
-0.368600 0.453059 0.811709
-0.544445 0.052701 0.837140
-0.510959 0.121735 0.850941
-0.473380 0.191788 0.859726
-0.432220 0.261509 0.863017
-0.388222 0.329512 0.860642
-0.342294 0.394514 0.852757
-0.295417 0.455447 0.839820
-0.510477 -0.014850 0.859763
-0.477989 0.053280 0.876748
-0.441437 0.123301 0.888780
-0.401250 0.193911 0.895208
-0.358102 0.263694 0.895672
-0.312854 0.331254 0.890165
-0.266477 0.395354 0.879025
-0.219945 0.455021 0.862890
-0.473569 -0.081892 0.876941
-0.441941 -0.015519 0.896910
-0.406359 0.053543 0.912143
-0.367175 0.124104 0.921835
-0.324984 0.194784 0.925443
-0.280587 0.264142 0.922768
-0.234916 0.330814 0.913989
-0.188944 0.393649 0.899634
-0.143582 0.451790 0.880494
-0.434498 -0.147225 0.888559
-0.403559 -0.083347 0.911149
-0.368840 -0.016108 0.929353
-0.330625 0.053460 0.942247
-0.289431 0.124081 0.949122
-0.245990 0.194338 0.949590
-0.201180 0.262809 0.943641
-0.155946 0.328202 0.931646
-0.111201 0.389479 0.914298
-0.067748 0.445914 0.892508
-0.394112 -0.209801 0.894796
-0.363688 -0.148990 0.919529
-0.329699 -0.084308 0.940314
-0.292374 -0.016599 0.956160
-0.252164 0.053017 0.966231
-0.209723 0.123216 0.969966
-0.165867 0.192583 0.967161
-0.121498 0.259756 0.958000
-0.077511 0.323551 0.943030
-0.034712 0.383058 0.923072
0.006240 0.437682 0.899108
-0.353250 -0.268800 0.896081
-0.323190 -0.211441 0.922411
-0.289799 -0.149871 0.945280
-0.253269 -0.084739 0.963677
-0.213989 -0.016981 0.976689
-0.172545 0.052224 0.983616
-0.129684 0.121542 0.984078
-0.086253 0.189605 0.978065
-0.043113 0.255144 0.965942
-0.001061 0.317101 0.948391
0.039233 0.374702 0.926315
0.077270 0.427475 0.900719
-0.312677 -0.323656 0.893017
-0.282866 -0.269950 0.920388
-0.249964 -0.211854 0.944794
-0.214135 -0.149834 0.965244
-0.175720 -0.084631 0.980796
-0.135240 -0.017249 0.990663
-0.093375 0.051111 0.994318
-0.050908 0.119141 0.991571
-0.008659 0.185555 0.982596
0.032597 0.249203 0.967903
0.072190 0.309162 0.948266
0.109604 0.364788 0.924617
0.144491 0.415717 0.897943
-0.273032 -0.374063 0.886301
-0.243400 -0.324047 0.914194
-0.210912 -0.269602 0.939591
-0.175711 -0.211033 0.961556
-0.138098 -0.148896 0.979162
-0.098538 -0.084006 0.991581
-0.057646 -0.017404 0.998185
-0.016142 0.049721 0.998633
0.025206 0.116125 0.992915
0.065652 0.180626 0.981358
0.104535 0.242206 0.964577
0.141331 0.300077 0.943387
0.175670 0.353712 0.918710
0.207339 0.402835 0.891479
0.381269 0.403828 0.831599
0.423489 0.355126 0.833392
0.434643 0.417372 0.798052
0.466288 0.301931 0.831513
0.479074 0.366895 0.797418
0.489204 0.429825 0.758901
0.508918 0.244513 0.825358
0.523683 0.311737 0.792828
0.535473 0.377532 0.755472
0.544082 0.440750 0.713943
0.550519 0.183392 0.814430
0.567584 0.252254 0.783720
0.581403 0.320423 0.747863
0.591662 0.386630 0.707427
0.598240 0.449712 0.663226
0.590163 0.119347 0.798413
0.609789 0.189082 0.769679
0.625977 0.258960 0.735590
0.638282 0.327634 0.696600
0.646471 0.393800 0.653450
0.650544 0.456319 0.607097
0.626944 0.053389 0.777233
0.649285 0.123134 0.750511
0.668104 0.193907 0.718357
0.682811 0.264344 0.681096
0.693035 0.333044 0.639362
0.698664 0.398711 0.594052
0.699850 0.460266 0.546228
0.660060 -0.013310 0.751095
0.685135 0.055551 0.726295
0.706725 0.126313 0.696121
0.724099 0.197659 0.660766
0.736731 0.268157 0.620740
0.744370 0.336399 0.576845
0.747058 0.401134 0.530090
0.745117 0.461380 0.481590
0.688899 -0.079515 0.720483
0.716573 -0.012391 0.697402
0.740924 0.057434 0.669129
0.761093 0.128752 0.635736
0.776403 0.200169 0.597604
0.786443 0.270226 0.555414
0.791116 0.337549 0.510094
0.790642 0.400974 0.462714
0.785507 0.459640 0.414379
0.713090 -0.144041 0.686116
0.743086 -0.079391 0.664470
0.770024 -0.011369 0.637914
0.792955 0.058977 0.606420
0.811065 0.130356 0.570246
0.823783 0.201334 0.529948
0.830851 0.270473 0.486344
0.832352 0.336472 0.440428
0.828678 0.398283 0.393272
0.820462 0.455180 0.345910
0.732526 -0.205853 0.648868
0.764450 -0.144253 0.628337
0.793660 -0.078769 0.603241
0.819152 -0.010260 0.573484
0.840015 0.060135 0.539221
0.855531 0.131076 0.500885
0.865279 0.201133 0.459171
0.869179 0.268929 0.414976
0.867491 0.333274 0.369306
0.860763 0.393252 0.323171
0.849736 0.448271 0.277493
0.747342 -0.264137 0.609682
0.780729 -0.205975 0.589947
0.811786 -0.143589 0.566027
0.839501 -0.077641 0.537782
0.862902 -0.009084 0.505290
0.881162 0.060885 0.468877
0.893711 0.130914 0.429119
0.900299 0.199621 0.386800
0.901028 0.265728 0.342837
0.896319 0.328172 0.298187
0.886834 0.386178 0.253755
0.873384 0.439278 0.210323
0.757865 -0.318336 0.569476
0.792225 -0.263818 0.550255
0.824648 -0.204894 0.527232
0.854150 -0.142045 0.500251
0.879741 -0.076028 0.469335
0.900529 -0.007864 0.434725
0.915822 0.061228 0.396889
0.925219 0.129925 0.356497
0.928651 0.196929 0.314366
0.926385 0.261083 0.271378
0.918965 0.321464 0.228396
0.907128 0.377429 0.186192
0.891709 0.428619 0.145398
0.764556 -0.368145 0.529078
0.799416 -0.317313 0.510143
0.832714 -0.262035 0.487775
0.863520 -0.202628 0.461817
0.890867 -0.139666 0.432262
0.913837 -0.073979 0.399285
0.931663 -0.006626 0.363264
0.943814 0.061187 0.324764
0.950066 0.128204 0.284497
0.950518 0.193235 0.243260
0.945567 0.255258 0.201856
0.935840 0.313486 0.161028
0.922107 0.367395 0.121406
0.905194 0.416721 0.083478
0.273032 0.374063 -0.886302
0.312677 0.323656 -0.893017
0.243400 0.324047 -0.914194
0.353250 0.268800 -0.896081
0.282866 0.269949 -0.920388
0.210912 0.269602 -0.939591
0.394112 0.209801 -0.894796
0.323190 0.211440 -0.922411
0.249964 0.211853 -0.944794
0.175711 0.211033 -0.961557
0.434498 0.147224 -0.888559
0.363688 0.148990 -0.919529
0.289799 0.149871 -0.945281
0.214135 0.149833 -0.965244
0.138098 0.148896 -0.979162
0.473569 0.081891 -0.876941
0.403559 0.083346 -0.911149
0.329699 0.084308 -0.940314
0.253269 0.084739 -0.963677
0.175720 0.084631 -0.980796
0.098538 0.084006 -0.991581
0.510477 0.014849 -0.859763
0.441941 0.015519 -0.896910
0.368840 0.016107 -0.929353
0.292374 0.016598 -0.956160
0.213989 0.016980 -0.976688
0.135240 0.017248 -0.990663
0.057646 0.017403 -0.998185
0.544445 -0.052701 -0.837139
0.477989 -0.053280 -0.876748
0.406359 -0.053544 -0.912143
0.330625 -0.053461 -0.942247
0.252164 -0.053018 -0.966231
0.172545 -0.052225 -0.983616
0.093375 -0.051111 -0.994318
0.016142 -0.049721 -0.998633
0.574843 -0.119509 -0.809489
0.510959 -0.121736 -0.850941
0.441437 -0.123301 -0.888780
0.367175 -0.124105 -0.921835
0.289431 -0.124082 -0.949122
0.209722 -0.123217 -0.969966
0.129684 -0.121543 -0.984078
0.050908 -0.119141 -0.991571
-0.025206 -0.116125 -0.992915
0.601248 -0.184388 -0.777498
0.540283 -0.188554 -0.820087
0.473380 -0.191789 -0.859726
0.401250 -0.193912 -0.895208
0.324984 -0.194785 -0.925443
0.245990 -0.194339 -0.949590
0.165867 -0.192584 -0.967161
0.086253 -0.189606 -0.978064
0.008659 -0.185555 -0.982596
-0.065652 -0.180626 -0.981358
0.623467 -0.246312 -0.742037
0.565614 -0.252577 -0.785038
0.501691 -0.257731 -0.825760
0.432220 -0.261510 -0.863017
0.358101 -0.263695 -0.895672
0.280586 -0.264143 -0.922768
0.201180 -0.262810 -0.943641
0.121498 -0.259757 -0.958000
0.043112 -0.255144 -0.965941
-0.032597 -0.249203 -0.967903
-0.104535 -0.242207 -0.964577
0.641528 -0.304493 -0.704078
0.586842 -0.312879 -0.746809
0.526103 -0.320063 -0.787893
0.459660 -0.325707 -0.826213
0.388222 -0.329513 -0.860642
0.312854 -0.331255 -0.890164
0.234916 -0.330815 -0.913989
0.155946 -0.328203 -0.931646
0.077511 -0.323552 -0.943030
0.001061 -0.317102 -0.948391
-0.072190 -0.309162 -0.948265
-0.141331 -0.300077 -0.943387
0.655647 -0.358400 -0.664588
0.604065 -0.368813 -0.706458
0.546572 -0.378006 -0.747242
0.483370 -0.385588 -0.785923
0.414986 -0.391193 -0.821435
0.342293 -0.394515 -0.852757
0.266476 -0.395355 -0.879025
0.188943 -0.393650 -0.899634
0.111201 -0.389479 -0.914298
0.034712 -0.383058 -0.923072
-0.039233 -0.374702 -0.926315
-0.109604 -0.364788 -0.924617
-0.175670 -0.353712 -0.918710
0.666169 -0.407762 -0.624459
0.617549 -0.420014 -0.664998
0.563251 -0.431087 -0.704920
0.503359 -0.440557 -0.743330
0.438246 -0.448004 -0.779252
0.368599 -0.453059 -0.811709
0.295417 -0.455447 -0.839820
0.219945 -0.455021 -0.862890
0.143582 -0.451790 -0.880494
0.067748 -0.445914 -0.892508
-0.006241 -0.437683 -0.899108
-0.077270 -0.427475 -0.900719
-0.144491 -0.415717 -0.897943
-0.207339 -0.402836 -0.891479
-0.764556 0.368144 -0.529078
-0.757865 0.318336 -0.569476
-0.799416 0.317313 -0.510143
-0.747342 0.264136 -0.609682
-0.792225 0.263817 -0.550254
-0.832715 0.262034 -0.487775
-0.732526 0.205852 -0.648868
-0.780729 0.205974 -0.589947
-0.824649 0.204893 -0.527232
-0.863521 0.202627 -0.461817
-0.713090 0.144041 -0.686116
-0.764450 0.144252 -0.628337
-0.811786 0.143587 -0.566027
-0.854150 0.142043 -0.500251
-0.890867 0.139664 -0.432261
-0.688899 0.079515 -0.720483
-0.743086 0.079390 -0.664470
-0.793660 0.078767 -0.603242
-0.839501 0.077639 -0.537782
-0.879741 0.076026 -0.469335
-0.913838 0.073977 -0.399284
-0.660060 0.013309 -0.751095
-0.716573 0.012390 -0.697402
-0.770024 0.011368 -0.637914
-0.819152 0.010258 -0.573485
-0.862902 0.009081 -0.505290
-0.900529 0.007861 -0.434725
-0.931663 0.006624 -0.363263
-0.626943 -0.053390 -0.777233
-0.685135 -0.055552 -0.726295
-0.740923 -0.057435 -0.669130
-0.792954 -0.058979 -0.606420
-0.840014 -0.060138 -0.539222
-0.881162 -0.060887 -0.468877
-0.915822 -0.061230 -0.396889
-0.943814 -0.061189 -0.324763
-0.590163 -0.119348 -0.798414
-0.649284 -0.123135 -0.750512
-0.706725 -0.126314 -0.696122
-0.761092 -0.128754 -0.635737
-0.811064 -0.130358 -0.570247
-0.855531 -0.131078 -0.500885
-0.893710 -0.130916 -0.429119
-0.925218 -0.129927 -0.356497
-0.950066 -0.128206 -0.284497
-0.550518 -0.183392 -0.814430
-0.609788 -0.189083 -0.769680
-0.668103 -0.193909 -0.718358
-0.724098 -0.197660 -0.660767
-0.776402 -0.200170 -0.597605
-0.823782 -0.201337 -0.529949
-0.865278 -0.201135 -0.459171
-0.900298 -0.199623 -0.386800
-0.928651 -0.196931 -0.314366
-0.950518 -0.193237 -0.243259
-0.508918 -0.244513 -0.825358
-0.567583 -0.252255 -0.783720
-0.625976 -0.258961 -0.735591
-0.682810 -0.264345 -0.681097
-0.736730 -0.268159 -0.620741
-0.786442 -0.270228 -0.555415
-0.830850 -0.270475 -0.486344
-0.869178 -0.268931 -0.414977
-0.901027 -0.265730 -0.342837
-0.926385 -0.261085 -0.271378
-0.945567 -0.255260 -0.201855
-0.466287 -0.301931 -0.831513
-0.523682 -0.311738 -0.792828
-0.581402 -0.320424 -0.747864
-0.638281 -0.327634 -0.696602
-0.693033 -0.333045 -0.639364
-0.744368 -0.336400 -0.576846
-0.791115 -0.337551 -0.510095
-0.832351 -0.336473 -0.440429
-0.867490 -0.333275 -0.369307
-0.896318 -0.328174 -0.298188
-0.918964 -0.321466 -0.228396
-0.935840 -0.313487 -0.161028
-0.423489 -0.355126 -0.833392
-0.479074 -0.366895 -0.797418
-0.535472 -0.377532 -0.755473
-0.591661 -0.386630 -0.707428
-0.646469 -0.393800 -0.653451
-0.698663 -0.398711 -0.594054
-0.747057 -0.401135 -0.530092
-0.790641 -0.400975 -0.462716
-0.828677 -0.398284 -0.393273
-0.860762 -0.393253 -0.323172
-0.886833 -0.386179 -0.253756
-0.907127 -0.377430 -0.186192
-0.922107 -0.367396 -0.121406
-0.381269 -0.403828 -0.831599
-0.434642 -0.417372 -0.798052
-0.489203 -0.429824 -0.758901
-0.544080 -0.440750 -0.713944
-0.598238 -0.449712 -0.663227
-0.650542 -0.456319 -0.607099
-0.699848 -0.460266 -0.546230
-0.745116 -0.461380 -0.481592
-0.785506 -0.459640 -0.414381
-0.820460 -0.455181 -0.345912
-0.849735 -0.448272 -0.277494
-0.873383 -0.439279 -0.210324
-0.891709 -0.428620 -0.145399
-0.905193 -0.416721 -0.083478
-0.745407 0.348992 0.567954
-0.780938 0.298831 0.548485
-0.737341 0.297809 0.606331
-0.815030 0.244347 0.525377
-0.772384 0.243973 0.586430
-0.725455 0.242246 0.644230
-0.846759 0.185863 0.498452
-0.805627 0.185868 0.562510
-0.759545 0.184788 0.623654
-0.709317 0.182639 0.680818
-0.875159 0.123953 0.467689
-0.836091 0.123981 0.534398
-0.791456 0.123254 0.598670
-0.741975 0.121773 0.659276
-0.688630 0.119577 0.715185
-0.899306 0.059443 0.433262
-0.862785 0.059067 0.502109
-0.820180 0.058315 0.569126
-0.772082 0.057186 0.632945
-0.719403 0.055703 0.692356
-0.663294 0.053906 0.746415
-0.918418 -0.006624 0.395557
-0.884809 -0.007861 0.465888
-0.844742 -0.009081 0.535097
-0.798639 -0.010258 0.601723
-0.747292 -0.011368 0.664399
-0.691798 -0.012390 0.721985
-0.633445 -0.013309 0.773673
-0.931946 -0.073059 0.355161
-0.901455 -0.075600 0.426220
-0.864304 -0.077748 0.496924
-0.820726 -0.079428 0.565773
-0.771350 -0.080587 0.631289
-0.717162 -0.081200 0.692160
-0.659412 -0.081279 0.747375
-0.599477 -0.080860 0.796297
-0.939640 -0.138634 0.312823
-0.912296 -0.142851 0.383808
-0.878274 -0.146355 0.455208
-0.837614 -0.148997 0.525550
-0.790755 -0.150671 0.593300
-0.738527 -0.151322 0.657023
-0.682084 -0.150958 0.715523
-0.622780 -0.149644 0.767953
-0.562020 -0.147494 0.813867
-0.941570 -0.202187 0.269383
-0.917238 -0.208346 0.339511
-0.886376 -0.213547 0.410773
-0.848854 -0.217562 0.481782
-0.804914 -0.220208 0.551019
-0.755202 -0.221374 0.616980
-0.700724 -0.221038 0.678328
-0.642751 -0.219264 0.734026
-0.582678 -0.216197 0.783419
-0.521880 -0.212035 0.826246
-0.938104 -0.262724 0.225692
-0.916512 -0.270960 0.294257
-0.888679 -0.278080 0.364583
-0.854334 -0.283777 0.435412
-0.813541 -0.287787 0.505301
-0.766750 -0.289923 0.572748
-0.714788 -0.290104 0.636332
-0.658792 -0.288366 0.694865
-0.600088 -0.284852 0.747498
-0.540048 -0.279794 0.793765
-0.479961 -0.273475 0.833576
-0.929843 -0.319485 0.182543
-0.910632 -0.329799 0.248962
-0.885568 -0.338925 0.317645
-0.854280 -0.346487 0.387494
-0.816683 -0.352144 0.457191
-0.773042 -0.355626 0.525297
-0.723994 -0.356777 0.590375
-0.670508 -0.355574 0.651142
-0.613788 -0.352131 0.706589
-0.555151 -0.346679 0.756056
-0.495893 -0.339532 0.799255
-0.437176 -0.331046 0.836233
-0.917533 -0.371971 0.140609
-0.900308 -0.384249 0.204444
-0.877675 -0.395339 0.270912
-0.849202 -0.404815 0.339087
-0.814694 -0.412270 0.407808
-0.774260 -0.417358 0.475745
-0.728352 -0.419842 0.541512
-0.677754 -0.419623 0.603793
-0.623517 -0.416756 0.661469
-0.566854 -0.411440 0.713718
-0.509018 -0.403990 0.760061
-0.451184 -0.394789 0.800359
-0.394371 -0.384248 0.834760
-0.901983 -0.419931 0.100416
-0.886354 -0.433975 0.161376
-0.865781 -0.446882 0.225211
-0.839809 -0.458199 0.291160
-0.808170 -0.467474 0.358232
-0.770850 -0.474298 0.425243
-0.728141 -0.478358 0.490902
-0.680645 -0.479472 0.553921
-0.629243 -0.477621 0.613133
-0.575008 -0.472946 0.667599
-0.519108 -0.465725 0.716677
-0.462690 -0.456342 0.760046
-0.406789 -0.445229 0.797680
-0.352269 -0.432832 0.829797
0.304016 0.343075 0.888749
0.275345 0.292098 0.915895
0.343840 0.292489 0.892314
0.243729 0.236780 0.940495
0.314969 0.237841 0.918818
0.384462 0.237583 0.892044
0.209280 0.177458 0.961619
0.282903 0.178909 0.942315
0.355304 0.179322 0.917389
0.425218 0.178690 0.887276
0.172266 0.114722 0.978347
0.247772 0.116191 0.961826
0.322693 0.116971 0.939248
0.395639 0.117035 0.910919
0.465324 0.116394 0.877454
0.133125 0.049415 0.989867
0.209883 0.050462 0.976423
0.286788 0.051215 0.956624
0.362356 0.051646 0.930608
0.435153 0.051747 0.898868
0.503926 0.051530 0.862208
0.092447 -0.017403 0.995565
0.169731 -0.017248 0.985339
0.247945 -0.016980 0.968625
0.325566 -0.016598 0.945374
0.401049 -0.016107 0.915915
0.472974 -0.015519 0.880940
0.540172 -0.014849 0.841424
0.050943 -0.084528 0.995118
0.127977 -0.085719 0.988066
0.206725 -0.086411 0.974576
0.285689 -0.086548 0.954406
0.363265 -0.086106 0.927699
0.437903 -0.085092 0.894986
0.508254 -0.083550 0.857145
0.573288 -0.081548 0.815286
0.009380 -0.150716 0.988532
0.085399 -0.153638 0.984430
0.163865 -0.155729 0.974113
0.243361 -0.156860 0.957168
0.322293 -0.156949 0.933539
0.399038 -0.155972 0.903572
0.472101 -0.153971 0.867994
0.540262 -0.151044 0.827830
0.602662 -0.147333 0.784278
-0.031483 -0.214800 0.976150
0.042822 -0.219724 0.974622
0.120208 -0.223567 0.967248
0.199392 -0.226114 0.953475
0.278851 -0.227206 0.933070
0.356955 -0.226761 0.906180
0.432120 -0.224787 0.873352
0.502970 -0.221384 0.835470
0.568451 -0.216726 0.793658
0.627895 -0.211039 0.749140
-0.070966 -0.275781 0.958597
0.001040 -0.282845 0.959165
0.076631 -0.288669 0.954357
0.154690 -0.292954 0.943530
0.233820 -0.295454 0.926302
0.312449 -0.296010 0.902637
0.388972 -0.294570 0.872886
0.461907 -0.291201 0.837761
0.530039 -0.286083 0.798258
0.592505 -0.279472 0.755535
0.648826 -0.271675 0.710787
-0.108514 -0.332899 0.936698
-0.039250 -0.342107 0.938841
0.033956 -0.350001 0.936134
0.110168 -0.356214 0.927887
0.188155 -0.360417 0.913618
0.266460 -0.362364 0.893136
0.343518 -0.361924 0.866606
0.417811 -0.359107 0.834551
0.488007 -0.354059 0.797804
0.553076 -0.347040 0.757410
0.612349 -0.338390 0.714507
0.665516 -0.328485 0.670213
-0.143726 -0.385661 0.911377
-0.077501 -0.396896 0.914586
-0.007120 -0.406821 0.913480
0.066663 -0.415013 0.907370
0.142795 -0.421078 0.895714
0.219976 -0.424687 0.878209
0.296741 -0.425624 0.854861
0.371596 -0.423822 0.826009
0.443154 -0.419365 0.792305
0.510260 -0.412483 0.754647
0.572079 -0.403517 0.714072
0.628120 -0.392872 0.671653
0.678216 -0.380973 0.628397
-0.176355 -0.433824 0.883570
-0.113328 -0.446885 0.887384
-0.046058 -0.458692 0.887401
0.024866 -0.468794 0.882958
0.098573 -0.476745 0.873497
0.173939 -0.482152 0.858647
0.249639 -0.484720 0.838288
0.324260 -0.484294 0.812598
0.396419 -0.480883 0.782051
0.464893 -0.474655 0.747380
0.528718 -0.465920 0.709490
0.587239 -0.455079 0.669368
0.640118 -0.442587 0.627986
0.687302 -0.428898 0.586227
0.933451 0.358565 -0.010034
0.951240 0.307437 0.024995
0.949976 0.308702 -0.047424
0.965769 0.251890 0.061982
0.967152 0.253893 -0.012449
0.963172 0.254488 -0.086812
0.976182 0.192251 0.100540
0.980553 0.194711 0.024581
0.979217 0.196047 -0.051967
0.972197 0.196237 -0.127767
0.981679 0.129103 0.140135
0.989277 0.131646 0.063246
0.990947 0.133420 -0.014968
0.986548 0.134376 -0.093090
0.976271 0.134512 -0.169709
0.981608 0.063288 0.180111
0.992527 0.065467 0.102978
0.997452 0.067279 0.023737
0.996057 0.068674 -0.056160
0.988370 0.069625 -0.135196
0.974765 0.070132 -0.211930
0.975552 -0.004132 0.219729
0.989707 -0.002799 0.143080
0.997978 -0.001413 0.063542
0.999848 -0.000000 -0.017452
0.995153 0.001413 -0.098332
0.984111 0.002799 -0.177533
0.967289 0.004132 -0.253642
0.963401 -0.071945 0.258229
0.980519 -0.071924 0.182782
0.992037 -0.071451 0.103721
0.997260 -0.070498 0.022397
0.995829 -0.069067 -0.059623
0.987770 -0.067184 -0.140699
0.973501 -0.064905 -0.219278
0.953761 -0.062303 -0.294037
0.945380 -0.138895 0.294899
0.965017 -0.140587 0.221307
0.979488 -0.141480 0.143479
0.987959 -0.141474 0.062633
0.989882 -0.140514 -0.019731
0.985086 -0.138601 -0.101962
0.973800 -0.135790 -0.182414
0.956623 -0.132191 -0.259612
0.934431 -0.127945 -0.332369
0.922028 -0.203798 0.329136
0.943616 -0.207490 0.257946
0.960580 -0.210117 0.182032
0.971995 -0.211496 0.102446
0.977163 -0.211492 0.020565
0.975722 -0.210051 -0.062012
0.967700 -0.207200 -0.143613
0.953517 -0.203053 -0.222655
0.933916 -0.197788 -0.297793
0.909859 -0.191627 -0.368015
0.894135 -0.265636 0.360500
0.917041 -0.271482 0.292118
0.935924 -0.276090 0.218680
0.949820 -0.279189 0.141054
0.957930 -0.280562 0.060451
0.959734 -0.280075 -0.021642
0.955067 -0.277698 -0.103589
0.944150 -0.273519 -0.183762
0.927556 -0.267721 -0.260701
0.906126 -0.260564 -0.333230
0.880851 -0.252350 -0.400526
0.862643 -0.323631 0.388729
0.886236 -0.331647 0.323415
0.906412 -0.338341 0.252869
0.922223 -0.343368 0.177772
0.932822 -0.346428 0.099150
0.937575 -0.347299 0.018333
0.936153 -0.345876 -0.063140
0.928584 -0.342189 -0.143662
0.915250 -0.336394 -0.221712
0.896832 -0.328759 -0.295990
0.874210 -0.319620 -0.365513
0.848358 -0.309344 -0.429645
0.828549 -0.377271 0.413731
0.852248 -0.387353 0.351611
0.873109 -0.396105 0.284221
0.890232 -0.403128 0.212071
0.902774 -0.408049 0.135998
0.910038 -0.410566 0.057150
0.911574 -0.410488 -0.023078
0.907240 -0.407767 -0.103157
0.897231 -0.402505 -0.181567
0.882046 -0.394940 -0.256939
0.862420 -0.385415 -0.328158
0.839226 -0.374329 -0.394433
0.813380 -0.362100 -0.455299
0.792812 -0.426300 0.435565
0.816130 -0.438253 0.376651
0.837127 -0.448927 0.312543
0.854984 -0.457887 0.243604
0.868895 -0.464709 0.170491
0.878152 -0.469023 0.094168
0.882227 -0.470557 0.015857
0.880850 -0.469180 -0.063038
0.874046 -0.464916 -0.141057
0.862134 -0.457947 -0.216814
0.845685 -0.448587 -0.289114
0.825439 -0.437237 -0.357034
0.802225 -0.424346 -0.419959
0.776873 -0.410358 -0.477570
0.648664 -0.505449 -0.568996
0.619550 -0.559832 -0.550223
0.599500 -0.520730 -0.607815
0.585905 -0.614895 -0.527845
0.566879 -0.576323 -0.588642
0.544710 -0.534555 -0.646176
0.547603 -0.669667 -0.501674
0.529611 -0.632251 -0.565483
0.508418 -0.590920 -0.626358
0.484393 -0.546395 -0.683239
0.504725 -0.723029 -0.471680
0.487691 -0.687424 -0.538150
0.467481 -0.647199 -0.602158
0.444408 -0.603011 -0.662479
0.418942 -0.555732 -0.718088
0.457600 -0.773783 -0.438021
0.441356 -0.740616 -0.506649
0.422046 -0.702192 -0.573414
0.399926 -0.659053 -0.636953
0.375415 -0.612017 -0.696060
0.349059 -0.562105 -0.749797
0.406813 -0.820760 -0.401069
0.391108 -0.790569 -0.471207
0.372527 -0.754603 -0.540184
0.351271 -0.713243 -0.606541
0.327710 -0.667201 -0.668917
0.302343 -0.617458 -0.726178
0.275755 -0.565169 -0.777524
0.353185 -0.862932 -0.361397
0.337712 -0.836105 -0.432294
0.319612 -0.803149 -0.502792
0.299048 -0.764252 -0.571392
0.276340 -0.719966 -0.636620
0.251942 -0.671178 -0.697170
0.226397 -0.619018 -0.752038
0.200284 -0.564743 -0.800594
0.297709 -0.899520 -0.319740
0.282142 -0.876259 -0.390598
0.264232 -0.846700 -0.461824
0.244119 -0.810828 -0.531943
0.222088 -0.769003 -0.599425
0.198549 -0.721958 -0.662839
0.174004 -0.670738 -0.720994
0.148994 -0.616593 -0.773055
0.124042 -0.560836 -0.818582
0.241459 -0.930059 -0.276927
0.225495 -0.910367 -0.346964
0.207478 -0.884395 -0.418088
0.187544 -0.851937 -0.488907
0.165957 -0.813144 -0.557902
0.143094 -0.768558 -0.623573
0.119420 -0.719081 -0.684588
0.095435 -0.665890 -0.739920
0.071632 -0.610304 -0.788922
0.048444 -0.553642 -0.831344
0.185494 -0.954426 -0.233803
0.168888 -0.938128 -0.302314
0.150502 -0.915732 -0.372538
0.130482 -0.886870 -0.443211
0.109084 -0.851495 -0.512891
0.086668 -0.809940 -0.580074
0.063668 -0.762924 -0.643346
0.040552 -0.711490 -0.701525
0.017779 -0.656897 -0.753770
-0.004248 -0.600481 -0.799628
-0.025206 -0.543521 -0.839017
0.130768 -0.972810 -0.191155
0.113354 -0.959592 -0.257554
0.094401 -0.940585 -0.326171
0.074072 -0.915301 -0.395901
0.052629 -0.883522 -0.465424
0.030420 -0.845380 -0.533298
0.007863 -0.801390 -0.598090
-0.014597 -0.752419 -0.658523
-0.036530 -0.699605 -0.713595
-0.057558 -0.644237 -0.762657
-0.077385 -0.587616 -0.805431
-0.095810 -0.530942 -0.841975
0.078065 -0.985651 -0.149657
0.059765 -0.975113 -0.213503
0.040129 -0.959179 -0.279939
0.019336 -0.937284 -0.348031
-0.002342 -0.909081 -0.416612
-0.024556 -0.874528 -0.484353
-0.046898 -0.833935 -0.549866
-0.068939 -0.787973 -0.611838
-0.090264 -0.737617 -0.669159
-0.110516 -0.684049 -0.721016
-0.129417 -0.628534 -0.766940
-0.146787 -0.572298 -0.806802
-0.162538 -0.516432 -0.840761
0.027972 -0.993556 -0.109837
0.008789 -0.985261 -0.170834
-0.011569 -0.972007 -0.234667
-0.032904 -0.953193 -0.300566
-0.054938 -0.928386 -0.367534
-0.077318 -0.897404 -0.434383
-0.099641 -0.860377 -0.499822
-0.121485 -0.817779 -0.562565
-0.142444 -0.770397 -0.621448
-0.162169 -0.719266 -0.675542
-0.180395 -0.665560 -0.724215
-0.196951 -0.610479 -0.767154
-0.211764 -0.555143 -0.804346
-0.224843 -0.500522 -0.836016
-0.332338 -0.501136 -0.799008
-0.322592 -0.555776 -0.766190
-0.384194 -0.517697 -0.764450
-0.310807 -0.611130 -0.727956
-0.375132 -0.573601 -0.728188
-0.437377 -0.532891 -0.724382
-0.296860 -0.666226 -0.684118
-0.363709 -0.629871 -0.686278
-0.428823 -0.589621 -0.684439
-0.491067 -0.546178 -0.678633
-0.280713 -0.719944 -0.634729
-0.349769 -0.685415 -0.638646
-0.417540 -0.646291 -0.638724
-0.482754 -0.603210 -0.634890
-0.544278 -0.557023 -0.627285
-0.262437 -0.771084 -0.580135
-0.333260 -0.739004 -0.585500
-0.403345 -0.701699 -0.587309
-0.471308 -0.659688 -0.585389
-0.535859 -0.613769 -0.579778
-0.595922 -0.564941 -0.570717
-0.242223 -0.818469 -0.520995
-0.314266 -0.789374 -0.527376
-0.386190 -0.754539 -0.530592
-0.456537 -0.714326 -0.530389
-0.523886 -0.669423 -0.526703
-0.586991 -0.620790 -0.519674
-0.644890 -0.569563 -0.509622
-0.220379 -0.861068 -0.458253
-0.293018 -0.835340 -0.465131
-0.366189 -0.803525 -0.469312
-0.438415 -0.765788 -0.470490
-0.508184 -0.722661 -0.468520
-0.574101 -0.675005 -0.463440
-0.635025 -0.623931 -0.455472
-0.690157 -0.570677 -0.444984
-0.197311 -0.898089 -0.393070
-0.269883 -0.875928 -0.399891
-0.343632 -0.847515 -0.404520
-0.417112 -0.812814 -0.406634
-0.488776 -0.772161 -0.406035
-0.557122 -0.726267 -0.402680
-0.620848 -0.676155 -0.396690
-0.678969 -0.623053 -0.388337
-0.730886 -0.568262 -0.377999
-0.173481 -0.929063 -0.326720
-0.245336 -0.910468 -0.332953
-0.318963 -0.885642 -0.337493
-0.392997 -0.854359 -0.340036
-0.465913 -0.816748 -0.340364
-0.536156 -0.773327 -0.338380
-0.602304 -0.724977 -0.334124
-0.663203 -0.672851 -0.327770
-0.718067 -0.618252 -0.319601
-0.766500 -0.562491 -0.309970
-0.149368 -0.953858 -0.260468
-0.219915 -0.938649 -0.265661
-0.292741 -0.917393 -0.269615
-0.366605 -0.889705 -0.272076
-0.440057 -0.855517 -0.272839
-0.511551 -0.815137 -0.271784
-0.579595 -0.769262 -0.268897
-0.642905 -0.718912 -0.264272
-0.700518 -0.665327 -0.258098
-0.751856 -0.609832 -0.250636
-0.796721 -0.553699 -0.242184
-0.125423 -0.972657 -0.195468
-0.194162 -0.960515 -0.199277
-0.265579 -0.942639 -0.202238
-0.338583 -0.918521 -0.204157
-0.411841 -0.887927 -0.204872
-0.483871 -0.850965 -0.204271
-0.553175 -0.808125 -0.202313
-0.618385 -0.760252 -0.199038
-0.678397 -0.708466 -0.194559
-0.732456 -0.654040 -0.189051
-0.780185 -0.598267 -0.182725
-0.821557 -0.542344 -0.175805
-0.102038 -0.985893 -0.132678
-0.168578 -0.976415 -0.134889
-0.238082 -0.961596 -0.136564
-0.309616 -0.940856 -0.137577
-0.381993 -0.913831 -0.137822
-0.453840 -0.880455 -0.137219
-0.523706 -0.841017 -0.135730
-0.590201 -0.796163 -0.133367
-0.652124 -0.746850 -0.130192
-0.708571 -0.694243 -0.126308
-0.758991 -0.639597 -0.121850
-0.803186 -0.584134 -0.116964
-0.841261 -0.528944 -0.111798
-0.079522 -0.994169 -0.072829
-0.143590 -0.986916 -0.073347
-0.210797 -0.974758 -0.073563
-0.280363 -0.957082 -0.073421
-0.351260 -0.933438 -0.072870
-0.422252 -0.903625 -0.071877
-0.491984 -0.867751 -0.070428
-0.559095 -0.826266 -0.068532
-0.622341 -0.779939 -0.066225
-0.680714 -0.729786 -0.063564
-0.733509 -0.676970 -0.060621
-0.780360 -0.622684 -0.057475
-0.821210 -0.568046 -0.054207
-0.856262 -0.514028 -0.050889
-0.854278 -0.516013 0.062764
-0.819165 -0.570091 0.062970
-0.837170 -0.533035 0.122555
-0.778259 -0.624785 0.062903
-0.798972 -0.588349 0.124461
-0.815253 -0.548649 0.185329
-0.731360 -0.679120 0.062516
-0.754667 -0.643922 0.125864
-0.773699 -0.604754 0.188846
-0.788123 -0.562298 0.250364
-0.678526 -0.731975 0.061771
-0.704155 -0.698660 0.126651
-0.725812 -0.660685 0.191553
-0.743025 -0.618664 0.255283
-0.755562 -0.573431 0.316707
-0.620127 -0.782154 0.060642
-0.647639 -0.751335 0.126725
-0.671627 -0.715237 0.193270
-0.691492 -0.674355 0.259008
-0.706855 -0.629465 0.322691
-0.717599 -0.581551 0.383210
-0.556866 -0.828495 0.059123
-0.585673 -0.800692 0.126015
-0.611527 -0.767111 0.193843
-0.633731 -0.728087 0.261295
-0.651774 -0.684282 0.327031
-0.665386 -0.636638 0.389812
-0.674559 -0.586277 0.448608
-0.489756 -0.869980 0.057228
-0.519164 -0.845560 0.124490
-0.546272 -0.815030 0.193168
-0.570329 -0.778529 0.261949
-0.590721 -0.736560 0.329435
-0.607041 -0.689963 0.394274
-0.619127 -0.639830 0.455301
-0.627064 -0.587392 0.511627
-0.420037 -0.905839 0.054991
-0.449312 -0.884983 0.122164
-0.476968 -0.857869 0.191211
-0.502254 -0.824436 0.260858
-0.524495 -0.784990 0.329691
-0.543176 -0.740215 0.396285
-0.557994 -0.691114 0.459352
-0.568881 -0.638903 0.517859
-0.575992 -0.584875 0.571100
-0.349072 -0.935626 0.052465
-0.377508 -0.918316 0.119095
-0.404983 -0.894786 0.188009
-0.430791 -0.864783 0.258008
-0.454252 -0.828410 0.327707
-0.474783 -0.786156 0.395651
-0.491968 -0.738878 0.460464
-0.505599 -0.687712 0.520981
-0.515679 -0.633951 0.576351
-0.522401 -0.578903 0.626074
-0.278214 -0.959232 0.049717
-0.305201 -0.945272 0.115382
-0.331813 -0.925292 0.183672
-0.357432 -0.898880 0.253491
-0.381415 -0.865942 0.323523
-0.403166 -0.826761 0.392331
-0.422199 -0.782005 0.458493
-0.438189 -0.732676 0.520747
-0.450999 -0.679999 0.578102
-0.460677 -0.625290 0.629912
-0.467424 -0.569825 0.675881
-0.208696 -0.976859 0.046815
-0.233758 -0.965921 0.111151
-0.258935 -0.949283 0.178367
-0.283715 -0.926420 0.247491
-0.307533 -0.897072 0.317309
-0.329825 -0.861322 0.386445
-0.350082 -0.819633 0.453480
-0.367902 -0.772828 0.517092
-0.383036 -0.722009 0.576182
-0.395395 -0.668439 0.629962
-0.405042 -0.613405 0.677993
-0.412163 -0.558109 0.720164
-0.141544 -0.988961 0.043830
-0.164364 -0.980630 0.106537
-0.187676 -0.967002 0.172294
-0.211085 -0.947480 0.240258
-0.234126 -0.921680 0.309340
-0.256300 -0.889512 0.378257
-0.277121 -0.851239 0.445641
-0.296156 -0.807485 0.510156
-0.313080 -0.759186 0.570629
-0.327692 -0.707494 0.626155
-0.339928 -0.653655 0.676154
-0.349848 -0.598889 0.720374
-0.357605 -0.544290 0.758859
-0.077538 -0.996153 0.040824
-0.097947 -0.989984 0.101676
-0.119120 -0.978961 0.165667
-0.140771 -0.962456 0.232080
-0.162543 -0.940003 0.299958
-0.184025 -0.911377 0.368140
-0.204782 -0.876666 0.435340
-0.224397 -0.836296 0.500254
-0.242507 -0.791015 0.561681
-0.258836 -0.741823 0.618630
-0.273217 -0.689871 0.670396
-0.285592 -0.636347 0.716589
-0.296003 -0.582369 0.757119
-0.304564 -0.528913 0.792143
0.717083 -0.507054 -0.478215
0.740580 -0.524040 -0.420623
0.690090 -0.561487 -0.456627
0.762111 -0.539654 -0.357716
0.712216 -0.579732 -0.395801
0.658372 -0.616595 -0.431691
0.780905 -0.553351 -0.289812
0.732102 -0.596167 -0.329562
0.678733 -0.635749 -0.367619
0.621731 -0.671406 -0.403317
0.796198 -0.564581 -0.217525
0.748968 -0.610156 -0.258373
0.696603 -0.652574 -0.298148
0.639972 -0.690996 -0.336097
0.580177 -0.724799 -0.371567
0.807303 -0.572854 -0.141776
0.762072 -0.621087 -0.183024
0.711220 -0.666355 -0.223910
0.655517 -0.707669 -0.263632
0.596018 -0.744244 -0.301434
0.533974 -0.775575 -0.336684
0.813692 -0.577788 -0.063761
0.770784 -0.628447 -0.104627
0.721897 -0.676448 -0.145890
0.667660 -0.720665 -0.186741
0.609039 -0.760151 -0.226367
0.547255 -0.794232 -0.264023
0.483661 -0.822563 -0.299103
0.815070 -0.579166 0.015134
0.774677 -0.631880 -0.024553
0.728098 -0.682348 -0.065382
0.675799 -0.729337 -0.106598
0.618615 -0.771748 -0.147375
0.557690 -0.808734 -0.186898
0.494364 -0.839780 -0.224441
0.430033 -0.864735 -0.259431
0.811409 -0.576961 0.093449
0.773582 -0.631245 0.055679
0.729520 -0.683770 0.016091
0.679522 -0.733241 -0.024661
0.624264 -0.778438 -0.065800
0.564767 -0.818350 -0.106491
0.502310 -0.852285 -0.145930
0.438289 -0.879921 -0.183415
0.374083 -0.901311 -0.218404
0.802958 -0.571343 0.169781
0.767615 -0.626631 0.134541
0.726135 -0.680686 0.096922
0.678663 -0.732201 0.057442
0.625705 -0.779879 0.016778
0.568133 -0.822579 -0.024276
0.507112 -0.859434 -0.064890
0.443990 -0.889944 -0.104272
0.380158 -0.913995 -0.141750
0.316910 -0.931829 -0.176815
0.790204 -0.562650 0.242905
0.757155 -0.618343 0.210637
0.718194 -0.673329 0.175573
0.673330 -0.726335 0.138074
0.622911 -0.776043 0.098684
0.567641 -0.821223 0.058103
0.508544 -0.860866 0.017130
0.446871 -0.894292 -0.023412
0.383973 -0.921209 -0.062756
0.321168 -0.941700 -0.100261
0.259622 -0.956164 -0.135447
0.773798 -0.551343 0.311861
0.742791 -0.606857 0.282817
0.706184 -0.662155 0.250711
0.663885 -0.716037 0.215748
0.616103 -0.767215 0.178319
0.563380 -0.814423 0.138994
0.506577 -0.856551 0.098489
0.446816 -0.892769 0.057602
0.385368 -0.922604 0.017140
0.323523 -0.945961 -0.022161
0.262477 -0.963090 -0.059691
0.203235 -0.974510 -0.095002
0.754485 -0.537946 0.375987
0.725239 -0.592756 0.350242
0.690759 -0.647775 0.321308
0.650888 -0.701912 0.289249
0.605720 -0.753945 0.254304
0.555651 -0.802626 0.216895
0.501383 -0.846798 0.177618
0.443887 -0.885518 0.137197
0.384316 -0.918152 0.096423
0.323898 -0.944429 0.056075
0.263813 -0.964426 0.016856
0.205103 -0.978522 -0.020662
0.148605 -0.987306 -0.056061
0.733022 -0.522994 0.434921
0.705260 -0.576657 0.412402
0.672657 -0.630880 0.386681
0.635015 -0.684690 0.357707
0.592347 -0.736968 0.325583
0.544924 -0.786523 0.290582
0.493303 -0.832202 0.253163
0.438298 -0.872998 0.213939
0.380927 -0.908154 0.173637
0.322320 -0.937237 0.133029
0.263609 -0.960150 0.092860
0.205833 -0.977108 0.053792
0.149870 -0.988570 0.016358
0.096391 -0.995161 -0.019055
-0.195843 -0.529527 0.825377
-0.183910 -0.583002 0.791382
-0.133420 -0.545555 0.827387
-0.170437 -0.636997 0.751788
-0.118898 -0.600192 0.790970
-0.066699 -0.560058 0.825764
-0.155423 -0.690537 0.706401
-0.102963 -0.654993 0.748588
-0.049595 -0.615411 0.786645
0.003751 -0.572482 0.819908
-0.138939 -0.742501 0.655277
-0.085709 -0.708860 0.700122
-0.031306 -0.670493 0.741255
0.023288 -0.628020 0.777848
0.077082 -0.582285 0.809322
-0.121144 -0.791701 0.598776
-0.067311 -0.760574 0.645753
-0.012036 -0.724103 0.689587
0.043667 -0.682789 0.729309
0.098742 -0.637417 0.764166
0.152185 -0.588982 0.793687
-0.102281 -0.836987 0.537580
-0.048029 -0.808886 0.586001
0.007930 -0.774949 0.631974
0.064571 -0.735512 0.674428
0.120788 -0.691246 0.712453
0.175499 -0.643102 0.745399
0.227750 -0.592214 0.772925
-0.082665 -0.877356 0.472665
-0.028192 -0.852644 0.521731
0.028238 -0.821768 0.569122
0.085611 -0.784870 0.613718
0.142795 -0.742459 0.654495
0.198646 -0.695382 0.690640
0.252121 -0.644745 0.721622
0.302370 -0.591788 0.747234
-0.062661 -0.912063 0.405235
-0.008174 -0.890912 0.454102
0.048494 -0.863457 0.502087
0.106362 -0.829636 0.548080
0.164297 -0.789762 0.591002
0.221116 -0.744526 0.629911
0.275704 -0.694943 0.664110
0.327119 -0.642237 0.693199
0.374664 -0.587713 0.717091
-0.042646 -0.940680 0.336605
0.011643 -0.923067 0.384463
0.068298 -0.899193 0.432190
0.126395 -0.868807 0.478747
0.184827 -0.832015 0.523058
0.242400 -0.789316 0.564113
0.297946 -0.741574 0.601080
0.350443 -0.689936 0.633387
0.399099 -0.635704 0.660758
0.443402 -0.580195 0.683205
-0.022977 -0.963121 0.268085
0.030897 -0.948846 0.314225
0.087284 -0.928513 0.360895
0.145327 -0.901716 0.407172
0.203971 -0.868364 0.452040
0.262038 -0.828747 0.494484
0.318338 -0.783542 0.533595
0.371786 -0.733759 0.568659
0.421504 -0.680633 0.599226
0.466884 -0.625489 0.625126
0.507604 -0.569608 0.646441
-0.003966 -0.979611 0.200866
0.049288 -0.968338 0.244727
0.105152 -0.951337 0.289658
0.162851 -0.928082 0.334879
0.221402 -0.898319 0.379480
0.279670 -0.862137 0.422498
0.336472 -0.820009 0.463003
0.390688 -0.772765 0.500197
0.441368 -0.721515 0.533488
0.487812 -0.667531 0.562532
0.529602 -0.612106 0.587237
0.566597 -0.556445 0.607731
0.014145 -0.990616 0.135939
0.066585 -0.981932 0.177131
0.121688 -0.967925 0.219801
0.178763 -0.948002 0.263318
0.236910 -0.921781 0.306908
0.295066 -0.889181 0.349703
0.352082 -0.850474 0.390810
0.406830 -0.806290 0.429401
0.458314 -0.757574 0.464790
0.505753 -0.705485 0.496493
0.548634 -0.651275 0.524255
0.586721 -0.596166 0.548037
0.620025 -0.541256 0.567989
0.031183 -0.996766 0.074057
0.082639 -0.990225 0.112358
0.136766 -0.978808 0.152415
0.192959 -0.961889 0.193743
0.250409 -0.939007 0.235713
0.308137 -0.909946 0.277577
0.365055 -0.874801 0.318525
0.420061 -0.834006 0.357748
0.472134 -0.788315 0.394523
0.520436 -0.738738 0.428267
0.564366 -0.686430 0.458591
0.603590 -0.632581 0.485304
0.638029 -0.578312 0.508403
0.667813 -0.524600 0.528035
