-0.000305 -0.999848 -0.017450
0.732535 -0.456327 0.505133
-0.261639 -0.461998 0.847410
-0.894426 -0.447148 0.007806
-0.291326 -0.432306 -0.853370
0.714187 -0.437976 -0.545998
0.291326 0.432306 0.853370
-0.714187 0.437976 0.545998
-0.732535 0.456327 -0.505133
0.261639 0.461998 -0.847410
0.894426 0.447148 -0.007806
0.000305 0.999848 0.017450
-0.153965 -0.859251 0.487835
0.430391 -0.855918 0.286651
0.276786 -0.539777 0.795004
0.850358 -0.525656 -0.024020
0.419607 -0.845132 -0.331184
-0.525909 -0.850522 -0.005668
-0.679520 -0.534382 0.502681
-0.171415 -0.841799 -0.511851
-0.696970 -0.516930 -0.497008
0.248552 -0.511538 -0.822527
0.956305 -0.005393 0.292320
0.945521 0.005393 -0.325517
0.017450 -0.017452 0.999695
0.601813 -0.014119 0.798512
-0.945521 -0.005393 0.325517
-0.573579 -0.014119 0.819029
-0.601813 0.014119 -0.798512
-0.956305 0.005393 -0.292320
0.573579 0.014119 -0.819029
-0.017450 0.017452 -0.999695
0.696970 0.516930 0.497008
-0.248552 0.511538 0.822527
-0.850358 0.525656 0.024020
-0.276786 0.539777 -0.795004
0.679520 0.534382 -0.502681
0.171415 0.841799 0.511851
0.525909 0.850522 0.005668
-0.419607 0.845132 0.331184
-0.430391 0.855918 -0.286651
0.153965 0.859251 -0.487835
