-0.000305 -0.999848 -0.017450
0.732535 -0.456327 0.505133
-0.261639 -0.461998 0.847410
-0.894426 -0.447148 0.007806
-0.291326 -0.432306 -0.853370
0.714187 -0.437976 -0.545998
0.291326 0.432306 0.853370
-0.714187 0.437976 0.545998
-0.732535 0.456327 -0.505133
0.261639 0.461998 -0.847410
0.894426 0.447148 -0.007806
0.000305 0.999848 0.017450
-0.244212 -0.564456 0.788511
-0.220482 -0.669925 0.708935
-0.190111 -0.771067 0.607712
-0.153965 -0.859251 0.487835
-0.114208 -0.927282 0.356516
-0.073722 -0.971971 0.223244
-0.035166 -0.994693 0.096691
0.097376 -0.993937 0.051059
0.205431 -0.970378 0.127136
0.318919 -0.924812 0.207398
0.430391 -0.855918 0.286651
0.531769 -0.766949 0.359180
0.616981 -0.665148 0.420610
0.683591 -0.559164 0.469084
0.648750 -0.487457 0.584388
0.543603 -0.514123 0.663456
0.417917 -0.532623 0.735974
0.276786 -0.539777 0.795004
0.129163 -0.534270 0.835387
-0.014708 -0.517308 0.855673
-0.146510 -0.491993 0.858183
0.764170 -0.469575 -0.442203
0.807301 -0.497072 -0.318097
0.837722 -0.516827 -0.176386
0.850358 -0.525656 -0.024020
0.843051 -0.522157 0.128910
0.817604 -0.507377 0.272199
0.778847 -0.484254 0.398618
0.094930 -0.991491 -0.089077
0.200279 -0.965226 -0.168009
0.310926 -0.916817 -0.250543
0.419607 -0.845132 -0.331184
0.518447 -0.753625 -0.404058
0.601526 -0.649690 -0.464833
0.666468 -0.542039 -0.511874
-0.834756 -0.550597 0.004959
-0.753527 -0.657415 0.001676
-0.649589 -0.760283 -0.001934
-0.525909 -0.850522 -0.005668
-0.389895 -0.920813 -0.009270
-0.251404 -0.967802 -0.012507
-0.119529 -0.992714 -0.015244
-0.363418 -0.490770 0.791879
-0.471547 -0.514731 0.716028
-0.579656 -0.530272 0.618717
-0.679520 -0.534382 0.502681
-0.763446 -0.525959 0.374856
-0.826909 -0.506391 0.244520
-0.869598 -0.478890 0.120261
-0.271918 -0.536747 -0.798726
-0.245490 -0.644913 -0.723755
-0.211668 -0.749507 -0.627244
-0.171415 -0.841799 -0.511851
-0.127142 -0.914347 -0.384454
-0.082058 -0.963634 -0.254316
-0.039123 -0.990735 -0.130055
-0.873556 -0.474932 -0.106486
-0.835245 -0.498054 -0.233042
-0.776380 -0.513023 -0.366117
-0.696970 -0.516930 -0.497008
-0.601212 -0.508713 -0.616243
-0.496555 -0.489719 -0.716665
-0.391124 -0.463060 -0.795360
-0.176662 -0.461837 -0.869193
-0.044868 -0.487143 -0.872169
0.099613 -0.504716 -0.857519
0.248552 -0.511538 -0.822527
0.391660 -0.506363 -0.768244
0.519811 -0.490328 -0.699553
0.627670 -0.466373 -0.623319
0.932378 0.356460 0.060059
0.959132 0.248535 0.135260
0.968601 0.125875 0.214402
0.956305 -0.005393 0.292320
0.921581 -0.136535 0.363383
0.868218 -0.258842 0.423319
0.802878 -0.366249 0.470370
0.785756 -0.349124 -0.510589
0.852762 -0.243384 -0.462126
0.908258 -0.123211 -0.399858
0.945521 0.005393 -0.325517
0.960607 0.133870 -0.243541
0.953981 0.253688 -0.159886
0.929932 0.358907 -0.080077
0.236996 0.341853 0.909379
0.171940 0.234439 0.956805
0.097548 0.112626 0.988838
0.017450 -0.017452 0.999695
-0.063058 -0.147121 0.987106
-0.138596 -0.267788 0.953457
-0.205333 -0.373521 0.904611
0.722473 -0.368229 0.585184
0.698873 -0.263011 0.665133
0.658830 -0.143004 0.738575
0.601813 -0.014119 0.798512
0.530682 0.115097 0.839720
0.451097 0.236032 0.860698
0.369540 0.342609 0.863747
-0.785756 0.349124 0.510589
-0.852762 0.243384 0.462126
-0.908258 0.123211 0.399858
-0.945521 -0.005393 0.325517
-0.960607 -0.133870 0.243541
-0.953981 -0.253688 0.159886
-0.929932 -0.358907 0.080077
-0.339388 -0.372765 0.863633
-0.420937 -0.266196 0.867151
-0.501132 -0.144651 0.853196
-0.573579 -0.014119 0.819029
-0.632573 0.116744 0.765651
-0.675082 0.239216 0.697883
-0.701393 0.347145 0.622526
-0.722473 0.368229 -0.585184
-0.698873 0.263011 -0.665133
-0.658830 0.143004 -0.738575
-0.601813 0.014119 -0.798512
-0.530682 -0.115097 -0.839720
-0.451097 -0.236032 -0.860698
-0.369540 -0.342609 -0.863747
-0.932378 -0.356460 -0.060059
-0.959132 -0.248535 -0.135260
-0.968601 -0.125875 -0.214402
-0.956305 0.005393 -0.292320
-0.921581 0.136535 -0.363383
-0.868218 0.258842 -0.423319
-0.802878 0.366249 -0.470370
0.339388 0.372765 -0.863633
0.420937 0.266196 -0.867151
0.501132 0.144651 -0.853196
0.573579 0.014119 -0.819029
0.632573 -0.116744 -0.765651
0.675082 -0.239216 -0.697883
0.701393 -0.347145 -0.622526
-0.236996 -0.341853 -0.909379
-0.171940 -0.234439 -0.956805
-0.097548 -0.112626 -0.988838
-0.017450 0.017452 -0.999695
0.063058 0.147121 -0.987106
0.138596 0.267788 -0.953457
0.205333 0.373521 -0.904611
0.873556 0.474932 0.106486
0.835245 0.498054 0.233042
0.776380 0.513023 0.366117
0.696970 0.516930 0.497008
0.601212 0.508713 0.616243
0.496555 0.489719 0.716665
0.391124 0.463060 0.795360
0.176662 0.461837 0.869193
0.044868 0.487143 0.872169
-0.099613 0.504716 0.857519
-0.248552 0.511538 0.822527
-0.391660 0.506363 0.768244
-0.519811 0.490328 0.699553
-0.627670 0.466373 0.623319
-0.764170 0.469575 0.442203
-0.807301 0.497072 0.318097
-0.837722 0.516827 0.176386
-0.850358 0.525656 0.024020
-0.843051 0.522157 -0.128910
-0.817604 0.507377 -0.272199
-0.778847 0.484254 -0.398618
-0.648750 0.487457 -0.584388
-0.543603 0.514123 -0.663456
-0.417917 0.532623 -0.735974
-0.276786 0.539777 -0.795004
-0.129163 0.534270 -0.835387
0.014708 0.517308 -0.855673
0.146510 0.491993 -0.858183
0.363418 0.490770 -0.791879
0.471547 0.514731 -0.716028
0.579656 0.530272 -0.618717
0.679520 0.534382 -0.502681
0.763446 0.525959 -0.374856
0.826909 0.506391 -0.244520
0.869598 0.478890 -0.120261
0.039123 0.990735 0.130055
0.082058 0.963634 0.254316
0.127142 0.914347 0.384454
0.171415 0.841799 0.511851
0.211668 0.749507 0.627244
0.245490 0.644913 0.723755
0.271918 0.536747 0.798726
0.834756 0.550597 -0.004959
0.753527 0.657415 -0.001676
0.649589 0.760283 0.001934
0.525909 0.850522 0.005668
0.389895 0.920813 0.009270
0.251404 0.967802 0.012507
0.119529 0.992714 0.015244
-0.094930 0.991491 0.089077
-0.200279 0.965226 0.168009
-0.310926 0.916817 0.250543
-0.419607 0.845132 0.331184
-0.518447 0.753625 0.404058
-0.601526 0.649690 0.464833
-0.666468 0.542039 0.511874
-0.097376 0.993937 -0.051059
-0.205431 0.970378 -0.127136
-0.318919 0.924812 -0.207398
-0.430391 0.855918 -0.286651
-0.531769 0.766949 -0.359180
-0.616981 0.665148 -0.420610
-0.683591 0.559164 -0.469084
0.035166 0.994693 -0.096691
0.073722 0.971971 -0.223244
0.114208 0.927282 -0.356516
0.153965 0.859251 -0.487834
0.190111 0.771067 -0.607712
0.220482 0.669925 -0.708935
0.244212 0.564456 -0.788511
0.164363 0.980630 -0.106535
0.305200 0.945272 -0.115381
0.211084 0.947481 -0.240257
0.449311 0.884983 -0.122163
0.357431 0.898881 -0.253490
0.256299 0.889513 -0.378255
0.585673 0.800692 -0.126015
0.502253 0.824437 -0.260858
0.403165 0.826762 -0.392330
0.296155 0.807487 -0.510154
0.704155 0.698660 -0.126651
0.633730 0.728087 -0.261295
0.543175 0.740216 -0.396285
0.438188 0.732677 -0.520746
0.327691 0.707495 -0.626154
0.798971 0.588349 -0.124462
0.743024 0.618665 -0.255284
0.665385 0.636638 -0.389813
0.568879 0.638903 -0.517860
0.460676 0.625291 -0.629912
0.349847 0.598889 -0.720374
-0.066584 0.981932 -0.177131
-0.030897 0.948846 -0.314224
-0.178761 0.948002 -0.263317
0.008174 0.890913 -0.454101
-0.145325 0.901717 -0.407170
-0.295064 0.889183 -0.349702
0.048030 0.808886 -0.586000
-0.106361 0.829636 -0.548080
-0.262036 0.828748 -0.494483
-0.406828 0.806292 -0.429400
0.085709 0.708860 -0.700122
-0.064570 0.735513 -0.674427
-0.221115 0.744527 -0.629911
-0.371785 0.733760 -0.568658
-0.505751 0.705486 -0.496492
0.118898 0.600192 -0.790970
-0.023287 0.628021 -0.777848
-0.175499 0.643102 -0.745399
-0.327118 0.642237 -0.693199
-0.466883 0.625490 -0.625125
-0.586720 0.596167 -0.548037
-0.205102 0.978522 0.020663
-0.323896 0.944429 -0.056074
-0.321167 0.941700 0.100261
-0.443885 0.885519 -0.137196
-0.446869 0.894293 0.023412
-0.438288 0.879922 0.183415
-0.555649 0.802627 -0.216894
-0.567640 0.821224 -0.058102
-0.564767 0.818351 0.106492
-0.547255 0.794232 0.264023
-0.650887 0.701913 -0.289248
-0.673329 0.726336 -0.138073
-0.679521 0.733241 0.024662
-0.667659 0.720665 0.186742
-0.639971 0.690996 0.336097
-0.725239 0.592756 -0.350242
-0.757155 0.618344 -0.210636
-0.773582 0.631246 -0.055679
-0.770784 0.628447 0.104627
-0.748968 0.610156 0.258373
-0.712216 0.579732 0.395801
-0.059766 0.975113 0.213502
-0.168888 0.938128 0.302313
-0.019337 0.937284 0.348029
-0.282142 0.876259 0.390597
-0.130482 0.886871 0.443209
0.024555 0.874529 0.484351
-0.391108 0.790569 0.471206
-0.244120 0.810829 0.531941
-0.086669 0.809941 0.580072
0.068938 0.787975 0.611836
-0.487692 0.687424 0.538150
-0.351272 0.713244 0.606541
-0.198550 0.721959 0.662838
-0.040552 0.711492 0.701523
0.110515 0.684050 0.721014
-0.566879 0.576323 0.588642
-0.444408 0.603012 0.662479
-0.302343 0.617459 0.726177
-0.148994 0.616594 0.773054
0.004248 0.600482 0.799627
0.146787 0.572299 0.806801
0.168577 0.976415 0.134890
0.219915 0.938649 0.265661
0.309615 0.940856 0.137577
0.269882 0.875928 0.399891
0.366605 0.889705 0.272076
0.453839 0.880455 0.137219
0.314265 0.789374 0.527377
0.417111 0.812814 0.406635
0.511550 0.815138 0.271785
0.590200 0.796164 0.133368
0.349768 0.685415 0.638646
0.456535 0.714326 0.530390
0.557121 0.726268 0.402681
0.642904 0.718912 0.264273
0.708570 0.694244 0.126309
0.375131 0.573601 0.728189
0.482753 0.603210 0.634891
0.586989 0.620790 0.519676
0.678968 0.623054 0.388339
0.751855 0.609832 0.250638
0.803185 0.584134 0.116965
0.900309 0.384249 -0.204443
0.916512 0.270960 -0.294256
0.849203 0.404814 -0.339085
0.912297 0.142851 -0.383807
0.854335 0.283777 -0.435410
0.774262 0.417358 -0.475743
0.884809 0.007861 -0.465887
0.837615 0.148997 -0.525548
0.766751 0.289923 -0.572746
0.677756 0.419623 -0.603791
0.836091 -0.123981 -0.534397
0.798639 0.010258 -0.601722
0.738528 0.151322 -0.657022
0.658794 0.288366 -0.694864
0.566856 0.411441 -0.713716
0.772385 -0.243973 -0.586429
0.741975 -0.121773 -0.659275
0.691798 0.012390 -0.721984
0.622781 0.149644 -0.767953
0.540049 0.279794 -0.793765
0.451185 0.394789 -0.800358
0.077501 0.396896 -0.914586
-0.001040 0.282845 -0.959165
-0.066662 0.415013 -0.907370
-0.085399 0.153638 -0.984430
-0.154689 0.292953 -0.943530
-0.219975 0.424686 -0.878210
-0.169731 0.017248 -0.985340
-0.243360 0.156859 -0.957168
-0.312448 0.296010 -0.902638
-0.371596 0.423822 -0.826010
-0.247772 -0.116191 -0.961826
-0.325565 0.016598 -0.945374
-0.399037 0.155972 -0.903572
-0.461906 0.291201 -0.837762
-0.510260 0.412483 -0.754647
-0.314969 -0.237841 -0.918818
-0.395638 -0.117035 -0.910919
-0.472973 0.015518 -0.880940
-0.540262 0.151043 -0.827830
-0.592505 0.279472 -0.755535
-0.628119 0.392871 -0.671653
-0.852248 0.387353 -0.351611
-0.917041 0.271481 -0.292118
-0.890232 0.403128 -0.212071
-0.965017 0.140587 -0.221307
-0.949820 0.279189 -0.141054
-0.910039 0.410565 -0.057150
-0.989707 0.002799 -0.143080
-0.987959 0.141474 -0.062633
-0.959734 0.280075 0.021642
-0.907240 0.407767 0.103157
-0.989277 -0.131646 -0.063246
-0.999848 0.000001 0.017453
-0.985085 0.138601 0.101962
-0.944150 0.273519 0.183763
-0.882046 0.394941 0.256939
-0.967152 -0.253892 0.012450
-0.986548 -0.134375 0.093091
-0.984111 -0.002797 0.177534
-0.956623 0.132192 0.259613
-0.906125 0.260565 0.333230
-0.839226 0.374329 0.394433
-0.604065 0.368813 0.706458
-0.565615 0.252577 0.785038
-0.483370 0.385588 0.785923
-0.510959 0.121735 0.850941
-0.432220 0.261509 0.863017
-0.342294 0.394514 0.852757
-0.441941 -0.015519 0.896910
-0.367175 0.124104 0.921835
-0.280587 0.264142 0.922768
-0.188944 0.393649 0.899634
-0.363688 -0.148991 0.919529
-0.292374 -0.016599 0.956160
-0.209723 0.123216 0.969966
-0.121498 0.259757 0.958000
-0.034712 0.383058 0.923072
-0.282866 -0.269950 0.920388
-0.214135 -0.149834 0.965244
-0.135240 -0.017249 0.990663
-0.050908 0.119141 0.991571
0.032597 0.249203 0.967903
0.109604 0.364788 0.924617
0.479074 0.366895 0.797418
0.567584 0.252254 0.783720
0.591662 0.386630 0.707427
0.649285 0.123134 0.750511
0.682811 0.264343 0.681096
0.698664 0.398711 0.594052
0.716573 -0.012391 0.697402
0.761093 0.128752 0.635736
0.786443 0.270226 0.555414
0.790642 0.400974 0.462714
0.764450 -0.144253 0.628337
0.819152 -0.010260 0.573485
0.855531 0.131076 0.500885
0.869179 0.268929 0.414976
0.860763 0.393252 0.323171
0.792225 -0.263818 0.550255
0.854150 -0.142045 0.500251
0.900529 -0.007864 0.434725
0.925219 0.129925 0.356497
0.926385 0.261083 0.271378
0.907127 0.377429 0.186192
0.282866 0.269949 -0.920388
0.363688 0.148990 -0.919529
0.214135 0.149833 -0.965244
0.441941 0.015519 -0.896910
0.292374 0.016598 -0.956160
0.135240 0.017248 -0.990663
0.510959 -0.121736 -0.850941
0.367175 -0.124105 -0.921835
0.209722 -0.123217 -0.969966
0.050908 -0.119141 -0.991571
0.565614 -0.252577 -0.785038
0.432220 -0.261510 -0.863017
0.280586 -0.264143 -0.922768
0.121498 -0.259757 -0.958000
-0.032597 -0.249203 -0.967903
0.604065 -0.368813 -0.706458
0.483370 -0.385588 -0.785923
0.342293 -0.394515 -0.852757
0.188943 -0.393650 -0.899634
0.034712 -0.383058 -0.923072
-0.109604 -0.364788 -0.924617
-0.792225 0.263817 -0.550254
-0.764450 0.144252 -0.628337
-0.854150 0.142043 -0.500251
-0.716573 0.012390 -0.697402
-0.819152 0.010258 -0.573485
-0.900529 0.007861 -0.434725
-0.649284 -0.123135 -0.750512
-0.761092 -0.128754 -0.635737
-0.855531 -0.131078 -0.500885
-0.925218 -0.129927 -0.356497
-0.567583 -0.252255 -0.783720
-0.682810 -0.264345 -0.681097
-0.786442 -0.270228 -0.555416
-0.869178 -0.268931 -0.414977
-0.926385 -0.261085 -0.271378
-0.479074 -0.366895 -0.797418
-0.591661 -0.386630 -0.707428
-0.698663 -0.398711 -0.594054
-0.790641 -0.400975 -0.462716
-0.860762 -0.393253 -0.323172
-0.907127 -0.377430 -0.186192
-0.772384 0.243973 0.586430
-0.836091 0.123981 0.534398
-0.741975 0.121773 0.659276
-0.884809 -0.007861 0.465888
-0.798639 -0.010258 0.601723
-0.691798 -0.012390 0.721985
-0.912296 -0.142851 0.383808
-0.837614 -0.148997 0.525550
-0.738527 -0.151322 0.657023
-0.622780 -0.149644 0.767953
-0.916512 -0.270960 0.294257
-0.854334 -0.283777 0.435412
-0.766750 -0.289923 0.572748
-0.658792 -0.288366 0.694865
-0.540048 -0.279794 0.793765
-0.900308 -0.384249 0.204444
-0.849202 -0.404815 0.339087
-0.774260 -0.417358 0.475745
-0.677754 -0.419623 0.603793
-0.566855 -0.411440 0.713718
-0.451184 -0.394789 0.800359
0.314969 0.237841 0.918818
0.247772 0.116191 0.961826
0.395639 0.117035 0.910919
0.169731 -0.017248 0.985339
0.325566 -0.016598 0.945374
0.472974 -0.015519 0.880940
0.085399 -0.153638 0.984430
0.243361 -0.156860 0.957168
0.399038 -0.155972 0.903572
0.540262 -0.151044 0.827830
0.001040 -0.282845 0.959165
0.154690 -0.292954 0.943530
0.312449 -0.296010 0.902637
0.461907 -0.291201 0.837761
0.592505 -0.279472 0.755535
-0.077501 -0.396896 0.914586
0.066663 -0.415013 0.907370
0.219976 -0.424687 0.878209
0.371596 -0.423822 0.826009
0.510260 -0.412483 0.754647
0.628120 -0.392872 0.671653
0.967152 0.253893 -0.012449
0.989277 0.131646 0.063246
0.986548 0.134376 -0.093090
0.989707 -0.002799 0.143080
0.999848 -0.000000 -0.017452
0.984111 0.002799 -0.177533
0.965017 -0.140587 0.221307
0.987959 -0.141474 0.062633
0.985086 -0.138601 -0.101962
0.956623 -0.132191 -0.259612
0.917041 -0.271482 0.292118
0.949820 -0.279189 0.141054
0.959734 -0.280075 -0.021642
0.944150 -0.273519 -0.183762
0.906126 -0.260564 -0.333229
0.852248 -0.387353 0.351611
0.890232 -0.403128 0.212071
0.910038 -0.410566 0.057150
0.907240 -0.407767 -0.103157
0.882046 -0.394940 -0.256939
0.839226 -0.374329 -0.394433
0.566879 -0.576323 -0.588642
0.487691 -0.687424 -0.538150
0.444408 -0.603011 -0.662479
0.391108 -0.790569 -0.471206
0.351271 -0.713243 -0.606541
0.302343 -0.617458 -0.726178
0.282142 -0.876258 -0.390598
0.244119 -0.810828 -0.531943
0.198549 -0.721958 -0.662839
0.148994 -0.616593 -0.773055
0.168888 -0.938128 -0.302314
0.130482 -0.886870 -0.443211
0.086668 -0.809940 -0.580074
0.040552 -0.711490 -0.701525
-0.004248 -0.600481 -0.799628
0.059765 -0.975113 -0.213503
0.019336 -0.937284 -0.348031
-0.024556 -0.874528 -0.484353
-0.068939 -0.787973 -0.611838
-0.110516 -0.684049 -0.721016
-0.146787 -0.572298 -0.806802
-0.375132 -0.573601 -0.728188
-0.349769 -0.685415 -0.638646
-0.482754 -0.603210 -0.634890
-0.314266 -0.789374 -0.527377
-0.456537 -0.714326 -0.530389
-0.586991 -0.620790 -0.519674
-0.269883 -0.875928 -0.399891
-0.417112 -0.812814 -0.406634
-0.557122 -0.726267 -0.402680
-0.678969 -0.623053 -0.388337
-0.219915 -0.938649 -0.265661
-0.366605 -0.889705 -0.272076
-0.511551 -0.815137 -0.271784
-0.642905 -0.718912 -0.264272
-0.751856 -0.609832 -0.250636
-0.168578 -0.976415 -0.134889
-0.309616 -0.940856 -0.137577
-0.453839 -0.880455 -0.137219
-0.590201 -0.796163 -0.133367
-0.708571 -0.694243 -0.126308
-0.803186 -0.584134 -0.116964
-0.798972 -0.588349 0.124461
-0.704155 -0.698659 0.126651
-0.743025 -0.618664 0.255283
-0.585673 -0.800692 0.126015
-0.633731 -0.728087 0.261295
-0.665386 -0.636638 0.389812
-0.449312 -0.884983 0.122164
-0.502254 -0.824436 0.260858
-0.543176 -0.740215 0.396285
-0.568881 -0.638903 0.517859
-0.305201 -0.945272 0.115382
-0.357432 -0.898880 0.253491
-0.403166 -0.826761 0.392331
-0.438189 -0.732675 0.520747
-0.460677 -0.625290 0.629912
-0.164364 -0.980630 0.106537
-0.211085 -0.947480 0.240258
-0.256300 -0.889512 0.378258
-0.296156 -0.807485 0.510156
-0.327691 -0.707494 0.626155
-0.349848 -0.598888 0.720374
0.712216 -0.579732 -0.395801
0.748968 -0.610156 -0.258373
0.639972 -0.690996 -0.336097
0.770784 -0.628447 -0.104627
0.667660 -0.720665 -0.186742
0.547255 -0.794232 -0.264023
0.773582 -0.631245 0.055679
0.679522 -0.733241 -0.024661
0.564767 -0.818350 -0.106491
0.438289 -0.879921 -0.183415
0.757155 -0.618343 0.210637
0.673330 -0.726335 0.138074
0.567641 -0.821223 0.058103
0.446870 -0.894292 -0.023412
0.321168 -0.941700 -0.100261
0.725239 -0.592756 0.350242
0.650888 -0.701912 0.289249
0.555651 -0.802626 0.216895
0.443887 -0.885518 0.137197
0.323898 -0.944429 0.056075
0.205103 -0.978522 -0.020662
-0.118898 -0.600192 0.790970
-0.085709 -0.708860 0.700123
0.023288 -0.628020 0.777848
-0.048029 -0.808886 0.586001
0.064571 -0.735512 0.674428
0.175499 -0.643102 0.745399
-0.008174 -0.890912 0.454102
0.106362 -0.829636 0.548080
0.221116 -0.744526 0.629911
0.327119 -0.642237 0.693199
0.030897 -0.948846 0.314225
0.145327 -0.901716 0.407172
0.262038 -0.828747 0.494484
0.371786 -0.733759 0.568659
0.466884 -0.625489 0.625126
0.066585 -0.981932 0.177131
0.178763 -0.948002 0.263318
0.295066 -0.889182 0.349703
0.406830 -0.806290 0.429401
0.505753 -0.705485 0.496493
0.586721 -0.596166 0.548037
