0.000000000000000000e+00 8.506510000000000460e-01 5.257309999999999484e-01
0.000000000000000000e+00 8.506510000000000460e-01 -5.257309999999999484e-01
0.000000000000000000e+00 -8.506510000000000460e-01 5.257309999999999484e-01
0.000000000000000000e+00 -8.506510000000000460e-01 -5.257309999999999484e-01
8.506510000000000460e-01 5.257309999999999484e-01 0.000000000000000000e+00
8.506510000000000460e-01 -5.257309999999999484e-01 0.000000000000000000e+00
-8.506510000000000460e-01 5.257309999999999484e-01 0.000000000000000000e+00
-8.506510000000000460e-01 -5.257309999999999484e-01 0.000000000000000000e+00
5.257309999999999484e-01 0.000000000000000000e+00 8.506510000000000460e-01
-5.257309999999999484e-01 0.000000000000000000e+00 8.506510000000000460e-01
5.257309999999999484e-01 0.000000000000000000e+00 -8.506510000000000460e-01
-5.257309999999999484e-01 0.000000000000000000e+00 -8.506510000000000460e-01
0.000000000000000000e+00 1.000000000000000000e+00 0.000000000000000000e+00
5.000000000000000000e-01 8.090169999999999861e-01 3.090169999999999861e-01
5.000000000000000000e-01 8.090169999999999861e-01 -3.090169999999999861e-01
-5.000000000000000000e-01 8.090169999999999861e-01 -3.090169999999999861e-01
-5.000000000000000000e-01 8.090169999999999861e-01 3.090169999999999861e-01
0.000000000000000000e+00 -1.000000000000000000e+00 0.000000000000000000e+00
5.000000000000000000e-01 -8.090169999999999861e-01 -3.090169999999999861e-01
5.000000000000000000e-01 -8.090169999999999861e-01 3.090169999999999861e-01
-5.000000000000000000e-01 -8.090169999999999861e-01 3.090169999999999861e-01
-5.000000000000000000e-01 -8.090169999999999861e-01 -3.090169999999999861e-01
1.000000000000000000e+00 0.000000000000000000e+00 0.000000000000000000e+00
8.090169999999999861e-01 -3.090169999999999861e-01 -5.000000000000000000e-01
8.090169999999999861e-01 3.090169999999999861e-01 -5.000000000000000000e-01
8.090169999999999861e-01 3.090169999999999861e-01 5.000000000000000000e-01
8.090169999999999861e-01 -3.090169999999999861e-01 5.000000000000000000e-01
-1.000000000000000000e+00 0.000000000000000000e+00 0.000000000000000000e+00
-8.090169999999999861e-01 -3.090169999999999861e-01 5.000000000000000000e-01
-8.090169999999999861e-01 3.090169999999999861e-01 5.000000000000000000e-01
-8.090169999999999861e-01 3.090169999999999861e-01 -5.000000000000000000e-01
-8.090169999999999861e-01 -3.090169999999999861e-01 -5.000000000000000000e-01
0.000000000000000000e+00 0.000000000000000000e+00 1.000000000000000000e+00
-3.090169999999999861e-01 -5.000000000000000000e-01 8.090169999999999861e-01
3.090169999999999861e-01 -5.000000000000000000e-01 8.090169999999999861e-01
3.090169999999999861e-01 5.000000000000000000e-01 8.090169999999999861e-01
-3.090169999999999861e-01 5.000000000000000000e-01 8.090169999999999861e-01
0.000000000000000000e+00 0.000000000000000000e+00 -1.000000000000000000e+00
-3.090169999999999861e-01 5.000000000000000000e-01 -8.090169999999999861e-01
3.090169999999999861e-01 5.000000000000000000e-01 -8.090169999999999861e-01
3.090169999999999861e-01 -5.000000000000000000e-01 -8.090169999999999861e-01
-3.090169999999999861e-01 -5.000000000000000000e-01 -8.090169999999999861e-01
2.628659999999999886e-01 9.510570000000000412e-01 1.624599999999999933e-01
5.257309999999999484e-01 8.506510000000000460e-01 0.000000000000000000e+00
2.628659999999999886e-01 9.510570000000000412e-01 -1.624599999999999933e-01
-2.628659999999999886e-01 9.510570000000000412e-01 -1.624599999999999933e-01
-5.257309999999999484e-01 8.506510000000000460e-01 0.000000000000000000e+00
-2.628659999999999886e-01 9.510570000000000412e-01 1.624599999999999933e-01
2.628659999999999886e-01 -9.510570000000000412e-01 -1.624599999999999933e-01
5.257309999999999484e-01 -8.506510000000000460e-01 0.000000000000000000e+00
2.628659999999999886e-01 -9.510570000000000412e-01 1.624599999999999933e-01
-2.628659999999999886e-01 -9.510570000000000412e-01 1.624599999999999933e-01
-5.257309999999999484e-01 -8.506510000000000460e-01 0.000000000000000000e+00
-2.628659999999999886e-01 -9.510570000000000412e-01 -1.624599999999999933e-01
9.510570000000000412e-01 -1.624599999999999933e-01 -2.628659999999999886e-01
8.506510000000000460e-01 0.000000000000000000e+00 -5.257309999999999484e-01
9.510570000000000412e-01 1.624599999999999933e-01 -2.628659999999999886e-01
9.510570000000000412e-01 1.624599999999999933e-01 2.628659999999999886e-01
8.506510000000000460e-01 0.000000000000000000e+00 5.257309999999999484e-01
9.510570000000000412e-01 -1.624599999999999933e-01 2.628659999999999886e-01
-9.510570000000000412e-01 -1.624599999999999933e-01 2.628659999999999886e-01
-8.506510000000000460e-01 0.000000000000000000e+00 5.257309999999999484e-01
-9.510570000000000412e-01 1.624599999999999933e-01 2.628659999999999886e-01
-9.510570000000000412e-01 1.624599999999999933e-01 -2.628659999999999886e-01
-8.506510000000000460e-01 0.000000000000000000e+00 -5.257309999999999484e-01
-9.510570000000000412e-01 -1.624599999999999933e-01 -2.628659999999999886e-01
-1.624599999999999933e-01 -2.628659999999999886e-01 9.510570000000000412e-01
0.000000000000000000e+00 -5.257309999999999484e-01 8.506510000000000460e-01
1.624599999999999933e-01 -2.628659999999999886e-01 9.510570000000000412e-01
1.624599999999999933e-01 2.628659999999999886e-01 9.510570000000000412e-01
0.000000000000000000e+00 5.257309999999999484e-01 8.506510000000000460e-01
-1.624599999999999933e-01 2.628659999999999886e-01 9.510570000000000412e-01
-1.624599999999999933e-01 2.628659999999999886e-01 -9.510570000000000412e-01
0.000000000000000000e+00 5.257309999999999484e-01 -8.506510000000000460e-01
1.624599999999999933e-01 2.628659999999999886e-01 -9.510570000000000412e-01
1.624599999999999933e-01 -2.628659999999999886e-01 -9.510570000000000412e-01
0.000000000000000000e+00 -5.257309999999999484e-01 -8.506510000000000460e-01
-1.624599999999999933e-01 -2.628659999999999886e-01 -9.510570000000000412e-01
5.877850000000000019e-01 4.253250000000000086e-01 6.881909999999999972e-01
6.881909999999999972e-01 5.877850000000000019e-01 4.253250000000000086e-01
4.253250000000000086e-01 6.881909999999999972e-01 5.877850000000000019e-01
-6.881909999999999972e-01 5.877850000000000019e-01 4.253250000000000086e-01
-5.877850000000000019e-01 4.253250000000000086e-01 6.881909999999999972e-01
-4.253250000000000086e-01 6.881909999999999972e-01 5.877850000000000019e-01
6.881909999999999972e-01 5.877850000000000019e-01 -4.253250000000000086e-01
5.877850000000000019e-01 4.253250000000000086e-01 -6.881909999999999972e-01
4.253250000000000086e-01 6.881909999999999972e-01 -5.877850000000000019e-01
-5.877850000000000019e-01 4.253250000000000086e-01 -6.881909999999999972e-01
-6.881909999999999972e-01 5.877850000000000019e-01 -4.253250000000000086e-01
-4.253250000000000086e-01 6.881909999999999972e-01 -5.877850000000000019e-01
6.881909999999999972e-01 -5.877850000000000019e-01 4.253250000000000086e-01
5.877850000000000019e-01 -4.253250000000000086e-01 6.881909999999999972e-01
4.253250000000000086e-01 -6.881909999999999972e-01 5.877850000000000019e-01
-5.877850000000000019e-01 -4.253250000000000086e-01 6.881909999999999972e-01
-6.881909999999999972e-01 -5.877850000000000019e-01 4.253250000000000086e-01
-4.253250000000000086e-01 -6.881909999999999972e-01 5.877850000000000019e-01
5.877850000000000019e-01 -4.253250000000000086e-01 -6.881909999999999972e-01
6.881909999999999972e-01 -5.877850000000000019e-01 -4.253250000000000086e-01
4.253250000000000086e-01 -6.881909999999999972e-01 -5.877850000000000019e-01
-6.881909999999999972e-01 -5.877850000000000019e-01 -4.253250000000000086e-01
-5.877850000000000019e-01 -4.253250000000000086e-01 -6.881909999999999972e-01
-4.253250000000000086e-01 -6.881909999999999972e-01 -5.877850000000000019e-01
0.000000000000000000e+00 9.619379999999999598e-01 -2.732669999999999821e-01
2.598920000000000119e-01 8.626679999999999904e-01 -4.338890000000000247e-01
0.000000000000000000e+00 9.619379999999999598e-01 2.732669999999999821e-01
2.598920000000000119e-01 8.626679999999999904e-01 4.338890000000000247e-01
7.020459999999999479e-01 6.937799999999999523e-01 1.606219999999999870e-01
7.020459999999999479e-01 6.937799999999999523e-01 -1.606219999999999870e-01
-2.598920000000000119e-01 8.626679999999999904e-01 4.338890000000000247e-01
-2.598920000000000119e-01 8.626679999999999904e-01 -4.338890000000000247e-01
-7.020459999999999479e-01 6.937799999999999523e-01 -1.606219999999999870e-01
-7.020459999999999479e-01 6.937799999999999523e-01 1.606219999999999870e-01
0.000000000000000000e+00 -9.619379999999999598e-01 2.732669999999999821e-01
2.598920000000000119e-01 -8.626679999999999904e-01 4.338890000000000247e-01
0.000000000000000000e+00 -9.619379999999999598e-01 -2.732669999999999821e-01
2.598920000000000119e-01 -8.626679999999999904e-01 -4.338890000000000247e-01
7.020459999999999479e-01 -6.937799999999999523e-01 -1.606219999999999870e-01
7.020459999999999479e-01 -6.937799999999999523e-01 1.606219999999999870e-01
-2.598920000000000119e-01 -8.626679999999999904e-01 -4.338890000000000247e-01
-2.598920000000000119e-01 -8.626679999999999904e-01 4.338890000000000247e-01
-7.020459999999999479e-01 -6.937799999999999523e-01 1.606219999999999870e-01
-7.020459999999999479e-01 -6.937799999999999523e-01 -1.606219999999999870e-01
9.619379999999999598e-01 2.732669999999999821e-01 0.000000000000000000e+00
8.626679999999999904e-01 4.338890000000000247e-01 -2.598920000000000119e-01
9.619379999999999598e-01 -2.732669999999999821e-01 0.000000000000000000e+00
8.626679999999999904e-01 -4.338890000000000247e-01 -2.598920000000000119e-01
6.937799999999999523e-01 -1.606219999999999870e-01 -7.020459999999999479e-01
6.937799999999999523e-01 1.606219999999999870e-01 -7.020459999999999479e-01
8.626679999999999904e-01 -4.338890000000000247e-01 2.598920000000000119e-01
8.626679999999999904e-01 4.338890000000000247e-01 2.598920000000000119e-01
6.937799999999999523e-01 1.606219999999999870e-01 7.020459999999999479e-01
6.937799999999999523e-01 -1.606219999999999870e-01 7.020459999999999479e-01
-9.619379999999999598e-01 2.732669999999999821e-01 0.000000000000000000e+00
-8.626679999999999904e-01 4.338890000000000247e-01 2.598920000000000119e-01
-9.619379999999999598e-01 -2.732669999999999821e-01 0.000000000000000000e+00
-8.626679999999999904e-01 -4.338890000000000247e-01 2.598920000000000119e-01
-6.937799999999999523e-01 -1.606219999999999870e-01 7.020459999999999479e-01
-6.937799999999999523e-01 1.606219999999999870e-01 7.020459999999999479e-01
-8.626679999999999904e-01 -4.338890000000000247e-01 -2.598920000000000119e-01
-8.626679999999999904e-01 4.338890000000000247e-01 -2.598920000000000119e-01
-6.937799999999999523e-01 1.606219999999999870e-01 -7.020459999999999479e-01
-6.937799999999999523e-01 -1.606219999999999870e-01 -7.020459999999999479e-01
2.732669999999999821e-01 0.000000000000000000e+00 9.619379999999999598e-01
4.338890000000000247e-01 -2.598920000000000119e-01 8.626679999999999904e-01
-2.732669999999999821e-01 0.000000000000000000e+00 9.619379999999999598e-01
-4.338890000000000247e-01 -2.598920000000000119e-01 8.626679999999999904e-01
-1.606219999999999870e-01 -7.020459999999999479e-01 6.937799999999999523e-01
1.606219999999999870e-01 -7.020459999999999479e-01 6.937799999999999523e-01
-4.338890000000000247e-01 2.598920000000000119e-01 8.626679999999999904e-01
4.338890000000000247e-01 2.598920000000000119e-01 8.626679999999999904e-01
1.606219999999999870e-01 7.020459999999999479e-01 6.937799999999999523e-01
-1.606219999999999870e-01 7.020459999999999479e-01 6.937799999999999523e-01
2.732669999999999821e-01 0.000000000000000000e+00 -9.619379999999999598e-01
4.338890000000000247e-01 2.598920000000000119e-01 -8.626679999999999904e-01
-2.732669999999999821e-01 0.000000000000000000e+00 -9.619379999999999598e-01
-4.338890000000000247e-01 2.598920000000000119e-01 -8.626679999999999904e-01
-1.606219999999999870e-01 7.020459999999999479e-01 -6.937799999999999523e-01
1.606219999999999870e-01 7.020459999999999479e-01 -6.937799999999999523e-01
-4.338890000000000247e-01 -2.598920000000000119e-01 -8.626679999999999904e-01
4.338890000000000247e-01 -2.598920000000000119e-01 -8.626679999999999904e-01
1.606219999999999870e-01 -7.020459999999999479e-01 -6.937799999999999523e-01
-1.606219999999999870e-01 -7.020459999999999479e-01 -6.937799999999999523e-01
1.000000000000000000e+00 0.000000000000000000e+00 0.000000000000000000e+00
9.510570000000000412e-01 -1.624599999999999933e-01 -2.628659999999999886e-01
9.510570000000000412e-01 1.624599999999999933e-01 -2.628659999999999886e-01
9.510570000000000412e-01 1.624599999999999933e-01 2.628659999999999886e-01
9.510570000000000412e-01 -1.624599999999999933e-01 2.628659999999999886e-01
9.619379999999999598e-01 2.732669999999999821e-01 0.000000000000000000e+00
9.619379999999999598e-01 -2.732669999999999821e-01 0.000000000000000000e+00
9.638609999999999678e-01 0.000000000000000000e+00 -2.664050000000000029e-01
9.638609999999999678e-01 0.000000000000000000e+00 2.664050000000000029e-01
9.663929999999999465e-01 2.201170000000000071e-01 -1.327919999999999934e-01
9.663929999999999465e-01 -2.201170000000000071e-01 -1.327919999999999934e-01
9.663929999999999465e-01 -2.201170000000000071e-01 1.327919999999999934e-01
9.663929999999999465e-01 2.201170000000000071e-01 1.327919999999999934e-01
9.876880000000000104e-01 -8.224249999999999616e-02 -1.330709999999999948e-01
9.876880000000000104e-01 8.224249999999999616e-02 -1.330709999999999948e-01
9.876880000000000104e-01 8.224249999999999616e-02 1.330709999999999948e-01
9.876880000000000104e-01 -8.224249999999999616e-02 1.330709999999999948e-01
9.904389999999999583e-01 1.379519999999999913e-01 0.000000000000000000e+00
9.904389999999999583e-01 -1.379519999999999913e-01 0.000000000000000000e+00
9.416179999999999550e-01 4.130199999999999844e-02 -3.341399999999999926e-01
9.416179999999999550e-01 -4.130199999999999844e-02 -3.341399999999999926e-01
9.416179999999999550e-01 -4.130199999999999844e-02 3.341399999999999926e-01
9.416179999999999550e-01 4.130199999999999844e-02 3.341399999999999926e-01
9.444329999999999670e-01 2.615500000000000047e-01 -1.990939999999999932e-01
9.478220000000000534e-01 2.899289999999999923e-01 -1.325699999999999934e-01
9.444329999999999670e-01 -2.615500000000000047e-01 -1.990939999999999932e-01
9.478220000000000534e-01 -2.899289999999999923e-01 -1.325699999999999934e-01
9.444329999999999670e-01 -2.615500000000000047e-01 1.990939999999999932e-01
9.478220000000000534e-01 -2.899289999999999923e-01 1.325699999999999934e-01
9.444329999999999670e-01 2.615500000000000047e-01 1.990939999999999932e-01
9.478220000000000534e-01 2.899289999999999923e-01 1.325699999999999934e-01
9.788520000000000554e-01 -4.125090000000000007e-02 -2.003679999999999906e-01
9.788520000000000554e-01 4.125090000000000007e-02 -2.003679999999999906e-01
9.910459999999999825e-01 0.000000000000000000e+00 -1.335230000000000028e-01
9.788520000000000554e-01 4.125090000000000007e-02 2.003679999999999906e-01
9.788520000000000554e-01 -4.125090000000000007e-02 2.003679999999999906e-01
9.910459999999999825e-01 0.000000000000000000e+00 1.335230000000000028e-01
9.916479999999999739e-01 1.103849999999999970e-01 -6.670940000000000203e-02
9.794260000000000188e-01 1.515489999999999893e-01 -1.332560000000000133e-01
9.814829999999999943e-01 1.795960000000000056e-01 -6.660439999999999416e-02
9.814829999999999943e-01 -1.795960000000000056e-01 -6.660439999999999416e-02
9.794260000000000188e-01 -1.515489999999999893e-01 -1.332560000000000133e-01
9.916479999999999739e-01 -1.103849999999999970e-01 -6.670940000000000203e-02
9.916479999999999739e-01 -1.103849999999999970e-01 6.670940000000000203e-02
9.794260000000000188e-01 -1.515489999999999893e-01 1.332560000000000133e-01
9.814829999999999943e-01 -1.795960000000000056e-01 6.660439999999999416e-02
9.814829999999999943e-01 1.795960000000000056e-01 6.660439999999999416e-02
9.794260000000000188e-01 1.515489999999999893e-01 1.332560000000000133e-01
9.916479999999999739e-01 1.103849999999999970e-01 6.670940000000000203e-02
9.606550000000000367e-01 -8.150110000000000687e-02 -2.655179999999999763e-01
9.606550000000000367e-01 8.150110000000000687e-02 -2.655179999999999763e-01
9.606550000000000367e-01 8.150110000000000687e-02 2.655179999999999763e-01
9.606550000000000367e-01 -8.150110000000000687e-02 2.655179999999999763e-01
9.666430000000000300e-01 2.473259999999999903e-01 -6.656689999999999829e-02
9.461979999999999835e-01 3.167780000000000040e-01 -6.604240000000000110e-02
9.611880000000000424e-01 1.917800000000000060e-01 -1.983370000000000133e-01
9.461979999999999835e-01 -3.167780000000000040e-01 -6.604240000000000110e-02
9.666430000000000300e-01 -2.473259999999999903e-01 -6.656689999999999829e-02
9.611880000000000424e-01 -1.917800000000000060e-01 -1.983370000000000133e-01
9.666430000000000300e-01 -2.473259999999999903e-01 6.656689999999999829e-02
9.461979999999999835e-01 -3.167780000000000040e-01 6.604240000000000110e-02
9.611880000000000424e-01 -1.917800000000000060e-01 1.983370000000000133e-01
9.461979999999999835e-01 3.167780000000000040e-01 6.604240000000000110e-02
9.666430000000000300e-01 2.473259999999999903e-01 6.656689999999999829e-02
9.611880000000000424e-01 1.917800000000000060e-01 1.983370000000000133e-01
9.969170000000000531e-01 -4.124839999999999757e-02 -6.674130000000000340e-02
9.969170000000000531e-01 4.124839999999999757e-02 -6.674130000000000340e-02
9.723699999999999566e-01 -1.227290000000000048e-01 -1.985810000000000075e-01
9.723699999999999566e-01 1.227290000000000048e-01 -1.985810000000000075e-01
9.969170000000000531e-01 4.124839999999999757e-02 6.674130000000000340e-02
9.969170000000000531e-01 -4.124839999999999757e-02 6.674130000000000340e-02
9.723699999999999566e-01 1.227290000000000048e-01 1.985810000000000075e-01
9.723699999999999566e-01 -1.227290000000000048e-01 1.985810000000000075e-01
9.407419999999999671e-01 3.391230000000000078e-01 0.000000000000000000e+00
9.785300000000000109e-01 2.061030000000000084e-01 0.000000000000000000e+00
9.976070000000000215e-01 6.914159999999999751e-02 0.000000000000000000e+00
9.976070000000000215e-01 -6.914159999999999751e-02 0.000000000000000000e+00
9.785300000000000109e-01 -2.061030000000000084e-01 0.000000000000000000e+00
9.407419999999999671e-01 -3.391230000000000078e-01 0.000000000000000000e+00
0.000000000000000000e+00 8.506510000000000460e-01 5.257309999999999484e-01
0.000000000000000000e+00 8.506510000000000460e-01 -5.257309999999999484e-01
0.000000000000000000e+00 -8.506510000000000460e-01 5.257309999999999484e-01
0.000000000000000000e+00 -8.506510000000000460e-01 -5.257309999999999484e-01
0.000000000000000000e+00 1.000000000000000000e+00 0.000000000000000000e+00
0.000000000000000000e+00 -1.000000000000000000e+00 0.000000000000000000e+00
0.000000000000000000e+00 0.000000000000000000e+00 1.000000000000000000e+00
0.000000000000000000e+00 0.000000000000000000e+00 -1.000000000000000000e+00
0.000000000000000000e+00 -5.257309999999999484e-01 8.506510000000000460e-01
0.000000000000000000e+00 5.257309999999999484e-01 8.506510000000000460e-01
0.000000000000000000e+00 5.257309999999999484e-01 -8.506510000000000460e-01
0.000000000000000000e+00 -5.257309999999999484e-01 -8.506510000000000460e-01
0.000000000000000000e+00 9.619379999999999598e-01 -2.732669999999999821e-01
0.000000000000000000e+00 9.619379999999999598e-01 2.732669999999999821e-01
0.000000000000000000e+00 -9.619379999999999598e-01 2.732669999999999821e-01
0.000000000000000000e+00 -9.619379999999999598e-01 -2.732669999999999821e-01
0.000000000000000000e+00 -2.664050000000000029e-01 9.638609999999999678e-01
0.000000000000000000e+00 2.664050000000000029e-01 9.638609999999999678e-01
0.000000000000000000e+00 2.664050000000000029e-01 -9.638609999999999678e-01
0.000000000000000000e+00 -2.664050000000000029e-01 -9.638609999999999678e-01
0.000000000000000000e+00 -7.112819999999999698e-01 7.029069999999999485e-01
0.000000000000000000e+00 7.112819999999999698e-01 7.029069999999999485e-01
0.000000000000000000e+00 7.112819999999999698e-01 -7.029069999999999485e-01
0.000000000000000000e+00 -7.112819999999999698e-01 -7.029069999999999485e-01
0.000000000000000000e+00 9.150430000000000508e-01 -4.033550000000000191e-01
0.000000000000000000e+00 9.904389999999999583e-01 -1.379519999999999913e-01
0.000000000000000000e+00 9.904389999999999583e-01 1.379519999999999913e-01
0.000000000000000000e+00 9.150430000000000508e-01 4.033550000000000191e-01
0.000000000000000000e+00 -9.150430000000000508e-01 4.033550000000000191e-01
0.000000000000000000e+00 -9.904389999999999583e-01 1.379519999999999913e-01
0.000000000000000000e+00 -9.904389999999999583e-01 -1.379519999999999913e-01
0.000000000000000000e+00 -9.150430000000000508e-01 -4.033550000000000191e-01
5.257309999999999484e-01 0.000000000000000000e+00 8.506510000000000460e-01
-5.257309999999999484e-01 0.000000000000000000e+00 8.506510000000000460e-01
5.257309999999999484e-01 0.000000000000000000e+00 -8.506510000000000460e-01
-5.257309999999999484e-01 0.000000000000000000e+00 -8.506510000000000460e-01
1.000000000000000000e+00 0.000000000000000000e+00 0.000000000000000000e+00
-1.000000000000000000e+00 0.000000000000000000e+00 0.000000000000000000e+00
0.000000000000000000e+00 0.000000000000000000e+00 1.000000000000000000e+00
0.000000000000000000e+00 0.000000000000000000e+00 -1.000000000000000000e+00
8.506510000000000460e-01 0.000000000000000000e+00 -5.257309999999999484e-01
8.506510000000000460e-01 0.000000000000000000e+00 5.257309999999999484e-01
-8.506510000000000460e-01 0.000000000000000000e+00 5.257309999999999484e-01
-8.506510000000000460e-01 0.000000000000000000e+00 -5.257309999999999484e-01
2.732669999999999821e-01 0.000000000000000000e+00 9.619379999999999598e-01
-2.732669999999999821e-01 0.000000000000000000e+00 9.619379999999999598e-01
2.732669999999999821e-01 0.000000000000000000e+00 -9.619379999999999598e-01
-2.732669999999999821e-01 0.000000000000000000e+00 -9.619379999999999598e-01
9.638609999999999678e-01 0.000000000000000000e+00 -2.664050000000000029e-01
9.638609999999999678e-01 0.000000000000000000e+00 2.664050000000000029e-01
-9.638609999999999678e-01 0.000000000000000000e+00 2.664050000000000029e-01
-9.638609999999999678e-01 0.000000000000000000e+00 -2.664050000000000029e-01
7.029069999999999485e-01 0.000000000000000000e+00 -7.112819999999999698e-01
7.029069999999999485e-01 0.000000000000000000e+00 7.112819999999999698e-01
-7.029069999999999485e-01 0.000000000000000000e+00 7.112819999999999698e-01
-7.029069999999999485e-01 0.000000000000000000e+00 -7.112819999999999698e-01
4.033550000000000191e-01 0.000000000000000000e+00 9.150430000000000508e-01
1.379519999999999913e-01 0.000000000000000000e+00 9.904389999999999583e-01
-1.379519999999999913e-01 0.000000000000000000e+00 9.904389999999999583e-01
-4.033550000000000191e-01 0.000000000000000000e+00 9.150430000000000508e-01
4.033550000000000191e-01 0.000000000000000000e+00 -9.150430000000000508e-01
1.379519999999999913e-01 0.000000000000000000e+00 -9.904389999999999583e-01
-1.379519999999999913e-01 0.000000000000000000e+00 -9.904389999999999583e-01
-4.033550000000000191e-01 0.000000000000000000e+00 -9.150430000000000508e-01
8.506510000000000460e-01 5.257309999999999484e-01 0.000000000000000000e+00
8.506510000000000460e-01 -5.257309999999999484e-01 0.000000000000000000e+00
-8.506510000000000460e-01 5.257309999999999484e-01 0.000000000000000000e+00
-8.506510000000000460e-01 -5.257309999999999484e-01 0.000000000000000000e+00
0.000000000000000000e+00 1.000000000000000000e+00 0.000000000000000000e+00
0.000000000000000000e+00 -1.000000000000000000e+00 0.000000000000000000e+00
1.000000000000000000e+00 0.000000000000000000e+00 0.000000000000000000e+00
-1.000000000000000000e+00 0.000000000000000000e+00 0.000000000000000000e+00
5.257309999999999484e-01 8.506510000000000460e-01 0.000000000000000000e+00
-5.257309999999999484e-01 8.506510000000000460e-01 0.000000000000000000e+00
5.257309999999999484e-01 -8.506510000000000460e-01 0.000000000000000000e+00
-5.257309999999999484e-01 -8.506510000000000460e-01 0.000000000000000000e+00
9.619379999999999598e-01 2.732669999999999821e-01 0.000000000000000000e+00
9.619379999999999598e-01 -2.732669999999999821e-01 0.000000000000000000e+00
-9.619379999999999598e-01 2.732669999999999821e-01 0.000000000000000000e+00
-9.619379999999999598e-01 -2.732669999999999821e-01 0.000000000000000000e+00
2.664050000000000029e-01 9.638609999999999678e-01 0.000000000000000000e+00
-2.664050000000000029e-01 9.638609999999999678e-01 0.000000000000000000e+00
2.664050000000000029e-01 -9.638609999999999678e-01 0.000000000000000000e+00
-2.664050000000000029e-01 -9.638609999999999678e-01 0.000000000000000000e+00
7.112819999999999698e-01 7.029069999999999485e-01 0.000000000000000000e+00
-7.112819999999999698e-01 7.029069999999999485e-01 0.000000000000000000e+00
7.112819999999999698e-01 -7.029069999999999485e-01 0.000000000000000000e+00
-7.112819999999999698e-01 -7.029069999999999485e-01 0.000000000000000000e+00
9.150430000000000508e-01 4.033550000000000191e-01 0.000000000000000000e+00
9.904389999999999583e-01 1.379519999999999913e-01 0.000000000000000000e+00
9.904389999999999583e-01 -1.379519999999999913e-01 0.000000000000000000e+00
9.150430000000000508e-01 -4.033550000000000191e-01 0.000000000000000000e+00
-9.150430000000000508e-01 4.033550000000000191e-01 0.000000000000000000e+00
-9.904389999999999583e-01 1.379519999999999913e-01 0.000000000000000000e+00
-9.904389999999999583e-01 -1.379519999999999913e-01 0.000000000000000000e+00
-9.150430000000000508e-01 -4.033550000000000191e-01 0.000000000000000000e+00
