0.000000000000000000e+00 8.506510000000000460e-01 5.257309999999999484e-01
0.000000000000000000e+00 8.506510000000000460e-01 -5.257309999999999484e-01
0.000000000000000000e+00 -8.506510000000000460e-01 5.257309999999999484e-01
0.000000000000000000e+00 -8.506510000000000460e-01 -5.257309999999999484e-01
8.506510000000000460e-01 5.257309999999999484e-01 0.000000000000000000e+00
8.506510000000000460e-01 -5.257309999999999484e-01 0.000000000000000000e+00
-8.506510000000000460e-01 5.257309999999999484e-01 0.000000000000000000e+00
-8.506510000000000460e-01 -5.257309999999999484e-01 0.000000000000000000e+00
5.257309999999999484e-01 0.000000000000000000e+00 8.506510000000000460e-01
-5.257309999999999484e-01 0.000000000000000000e+00 8.506510000000000460e-01
5.257309999999999484e-01 0.000000000000000000e+00 -8.506510000000000460e-01
-5.257309999999999484e-01 0.000000000000000000e+00 -8.506510000000000460e-01
0.000000000000000000e+00 1.000000000000000000e+00 0.000000000000000000e+00
5.000000000000000000e-01 8.090169999999999861e-01 3.090169999999999861e-01
5.000000000000000000e-01 8.090169999999999861e-01 -3.090169999999999861e-01
-5.000000000000000000e-01 8.090169999999999861e-01 -3.090169999999999861e-01
-5.000000000000000000e-01 8.090169999999999861e-01 3.090169999999999861e-01
0.000000000000000000e+00 -1.000000000000000000e+00 0.000000000000000000e+00
5.000000000000000000e-01 -8.090169999999999861e-01 -3.090169999999999861e-01
5.000000000000000000e-01 -8.090169999999999861e-01 3.090169999999999861e-01
-5.000000000000000000e-01 -8.090169999999999861e-01 3.090169999999999861e-01
-5.000000000000000000e-01 -8.090169999999999861e-01 -3.090169999999999861e-01
1.000000000000000000e+00 0.000000000000000000e+00 0.000000000000000000e+00
8.090169999999999861e-01 -3.090169999999999861e-01 -5.000000000000000000e-01
8.090169999999999861e-01 3.090169999999999861e-01 -5.000000000000000000e-01
8.090169999999999861e-01 3.090169999999999861e-01 5.000000000000000000e-01
8.090169999999999861e-01 -3.090169999999999861e-01 5.000000000000000000e-01
-1.000000000000000000e+00 0.000000000000000000e+00 0.000000000000000000e+00
-8.090169999999999861e-01 -3.090169999999999861e-01 5.000000000000000000e-01
-8.090169999999999861e-01 3.090169999999999861e-01 5.000000000000000000e-01
-8.090169999999999861e-01 3.090169999999999861e-01 -5.000000000000000000e-01
-8.090169999999999861e-01 -3.090169999999999861e-01 -5.000000000000000000e-01
0.000000000000000000e+00 0.000000000000000000e+00 1.000000000000000000e+00
-3.090169999999999861e-01 -5.000000000000000000e-01 8.090169999999999861e-01
3.090169999999999861e-01 -5.000000000000000000e-01 8.090169999999999861e-01
3.090169999999999861e-01 5.000000000000000000e-01 8.090169999999999861e-01
-3.090169999999999861e-01 5.000000000000000000e-01 8.090169999999999861e-01
0.000000000000000000e+00 0.000000000000000000e+00 -1.000000000000000000e+00
-3.090169999999999861e-01 5.000000000000000000e-01 -8.090169999999999861e-01
3.090169999999999861e-01 5.000000000000000000e-01 -8.090169999999999861e-01
3.090169999999999861e-01 -5.000000000000000000e-01 -8.090169999999999861e-01
-3.090169999999999861e-01 -5.000000000000000000e-01 -8.090169999999999861e-01
