0.000000000000000000e+00 8.506510000000000460e-01 5.257309999999999484e-01
0.000000000000000000e+00 8.506510000000000460e-01 -5.257309999999999484e-01
0.000000000000000000e+00 -8.506510000000000460e-01 5.257309999999999484e-01
0.000000000000000000e+00 -8.506510000000000460e-01 -5.257309999999999484e-01
8.506510000000000460e-01 5.257309999999999484e-01 0.000000000000000000e+00
8.506510000000000460e-01 -5.257309999999999484e-01 0.000000000000000000e+00
-8.506510000000000460e-01 5.257309999999999484e-01 0.000000000000000000e+00
-8.506510000000000460e-01 -5.257309999999999484e-01 0.000000000000000000e+00
5.257309999999999484e-01 0.000000000000000000e+00 8.506510000000000460e-01
-5.257309999999999484e-01 0.000000000000000000e+00 8.506510000000000460e-01
5.257309999999999484e-01 0.000000000000000000e+00 -8.506510000000000460e-01
-5.257309999999999484e-01 0.000000000000000000e+00 -8.506510000000000460e-01
0.000000000000000000e+00 1.000000000000000000e+00 0.000000000000000000e+00
5.000000000000000000e-01 8.090169999999999861e-01 3.090169999999999861e-01
5.000000000000000000e-01 8.090169999999999861e-01 -3.090169999999999861e-01
-5.000000000000000000e-01 8.090169999999999861e-01 -3.090169999999999861e-01
-5.000000000000000000e-01 8.090169999999999861e-01 3.090169999999999861e-01
0.000000000000000000e+00 -1.000000000000000000e+00 0.000000000000000000e+00
5.000000000000000000e-01 -8.090169999999999861e-01 -3.090169999999999861e-01
5.000000000000000000e-01 -8.090169999999999861e-01 3.090169999999999861e-01
-5.000000000000000000e-01 -8.090169999999999861e-01 3.090169999999999861e-01
-5.000000000000000000e-01 -8.090169999999999861e-01 -3.090169999999999861e-01
1.000000000000000000e+00 0.000000000000000000e+00 0.000000000000000000e+00
8.090169999999999861e-01 -3.090169999999999861e-01 -5.000000000000000000e-01
8.090169999999999861e-01 3.090169999999999861e-01 -5.000000000000000000e-01
8.090169999999999861e-01 3.090169999999999861e-01 5.000000000000000000e-01
8.090169999999999861e-01 -3.090169999999999861e-01 5.000000000000000000e-01
-1.000000000000000000e+00 0.000000000000000000e+00 0.000000000000000000e+00
-8.090169999999999861e-01 -3.090169999999999861e-01 5.000000000000000000e-01
-8.090169999999999861e-01 3.090169999999999861e-01 5.000000000000000000e-01
-8.090169999999999861e-01 3.090169999999999861e-01 -5.000000000000000000e-01
-8.090169999999999861e-01 -3.090169999999999861e-01 -5.000000000000000000e-01
0.000000000000000000e+00 0.000000000000000000e+00 1.000000000000000000e+00
-3.090169999999999861e-01 -5.000000000000000000e-01 8.090169999999999861e-01
3.090169999999999861e-01 -5.000000000000000000e-01 8.090169999999999861e-01
3.090169999999999861e-01 5.000000000000000000e-01 8.090169999999999861e-01
-3.090169999999999861e-01 5.000000000000000000e-01 8.090169999999999861e-01
0.000000000000000000e+00 0.000000000000000000e+00 -1.000000000000000000e+00
-3.090169999999999861e-01 5.000000000000000000e-01 -8.090169999999999861e-01
3.090169999999999861e-01 5.000000000000000000e-01 -8.090169999999999861e-01
3.090169999999999861e-01 -5.000000000000000000e-01 -8.090169999999999861e-01
-3.090169999999999861e-01 -5.000000000000000000e-01 -8.090169999999999861e-01
2.628659999999999886e-01 9.510570000000000412e-01 1.624599999999999933e-01
5.257309999999999484e-01 8.506510000000000460e-01 0.000000000000000000e+00
2.628659999999999886e-01 9.510570000000000412e-01 -1.624599999999999933e-01
-2.628659999999999886e-01 9.510570000000000412e-01 -1.624599999999999933e-01
-5.257309999999999484e-01 8.506510000000000460e-01 0.000000000000000000e+00
-2.628659999999999886e-01 9.510570000000000412e-01 1.624599999999999933e-01
2.628659999999999886e-01 -9.510570000000000412e-01 -1.624599999999999933e-01
5.257309999999999484e-01 -8.506510000000000460e-01 0.000000000000000000e+00
2.628659999999999886e-01 -9.510570000000000412e-01 1.624599999999999933e-01
-2.628659999999999886e-01 -9.510570000000000412e-01 1.624599999999999933e-01
-5.257309999999999484e-01 -8.506510000000000460e-01 0.000000000000000000e+00
-2.628659999999999886e-01 -9.510570000000000412e-01 -1.624599999999999933e-01
9.510570000000000412e-01 -1.624599999999999933e-01 -2.628659999999999886e-01
8.506510000000000460e-01 0.000000000000000000e+00 -5.257309999999999484e-01
9.510570000000000412e-01 1.624599999999999933e-01 -2.628659999999999886e-01
9.510570000000000412e-01 1.624599999999999933e-01 2.628659999999999886e-01
8.506510000000000460e-01 0.000000000000000000e+00 5.257309999999999484e-01
9.510570000000000412e-01 -1.624599999999999933e-01 2.628659999999999886e-01
-9.510570000000000412e-01 -1.624599999999999933e-01 2.628659999999999886e-01
-8.506510000000000460e-01 0.000000000000000000e+00 5.257309999999999484e-01
-9.510570000000000412e-01 1.624599999999999933e-01 2.628659999999999886e-01
-9.510570000000000412e-01 1.624599999999999933e-01 -2.628659999999999886e-01
-8.506510000000000460e-01 0.000000000000000000e+00 -5.257309999999999484e-01
-9.510570000000000412e-01 -1.624599999999999933e-01 -2.628659999999999886e-01
-1.624599999999999933e-01 -2.628659999999999886e-01 9.510570000000000412e-01
0.000000000000000000e+00 -5.257309999999999484e-01 8.506510000000000460e-01
1.624599999999999933e-01 -2.628659999999999886e-01 9.510570000000000412e-01
1.624599999999999933e-01 2.628659999999999886e-01 9.510570000000000412e-01
0.000000000000000000e+00 5.257309999999999484e-01 8.506510000000000460e-01
-1.624599999999999933e-01 2.628659999999999886e-01 9.510570000000000412e-01
-1.624599999999999933e-01 2.628659999999999886e-01 -9.510570000000000412e-01
0.000000000000000000e+00 5.257309999999999484e-01 -8.506510000000000460e-01
1.624599999999999933e-01 2.628659999999999886e-01 -9.510570000000000412e-01
1.624599999999999933e-01 -2.628659999999999886e-01 -9.510570000000000412e-01
0.000000000000000000e+00 -5.257309999999999484e-01 -8.506510000000000460e-01
-1.624599999999999933e-01 -2.628659999999999886e-01 -9.510570000000000412e-01
5.877850000000000019e-01 4.253250000000000086e-01 6.881909999999999972e-01
6.881909999999999972e-01 5.877850000000000019e-01 4.253250000000000086e-01
4.253250000000000086e-01 6.881909999999999972e-01 5.877850000000000019e-01
-6.881909999999999972e-01 5.877850000000000019e-01 4.253250000000000086e-01
-5.877850000000000019e-01 4.253250000000000086e-01 6.881909999999999972e-01
-4.253250000000000086e-01 6.881909999999999972e-01 5.877850000000000019e-01
6.881909999999999972e-01 5.877850000000000019e-01 -4.253250000000000086e-01
5.877850000000000019e-01 4.253250000000000086e-01 -6.881909999999999972e-01
4.253250000000000086e-01 6.881909999999999972e-01 -5.877850000000000019e-01
-5.877850000000000019e-01 4.253250000000000086e-01 -6.881909999999999972e-01
-6.881909999999999972e-01 5.877850000000000019e-01 -4.253250000000000086e-01
-4.253250000000000086e-01 6.881909999999999972e-01 -5.877850000000000019e-01
6.881909999999999972e-01 -5.877850000000000019e-01 4.253250000000000086e-01
5.877850000000000019e-01 -4.253250000000000086e-01 6.881909999999999972e-01
4.253250000000000086e-01 -6.881909999999999972e-01 5.877850000000000019e-01
-5.877850000000000019e-01 -4.253250000000000086e-01 6.881909999999999972e-01
-6.881909999999999972e-01 -5.877850000000000019e-01 4.253250000000000086e-01
-4.253250000000000086e-01 -6.881909999999999972e-01 5.877850000000000019e-01
5.877850000000000019e-01 -4.253250000000000086e-01 -6.881909999999999972e-01
6.881909999999999972e-01 -5.877850000000000019e-01 -4.253250000000000086e-01
4.253250000000000086e-01 -6.881909999999999972e-01 -5.877850000000000019e-01
-6.881909999999999972e-01 -5.877850000000000019e-01 -4.253250000000000086e-01
-5.877850000000000019e-01 -4.253250000000000086e-01 -6.881909999999999972e-01
-4.253250000000000086e-01 -6.881909999999999972e-01 -5.877850000000000019e-01
0.000000000000000000e+00 9.619379999999999598e-01 -2.732669999999999821e-01
2.598920000000000119e-01 8.626679999999999904e-01 -4.338890000000000247e-01
0.000000000000000000e+00 9.619379999999999598e-01 2.732669999999999821e-01
2.598920000000000119e-01 8.626679999999999904e-01 4.338890000000000247e-01
7.020459999999999479e-01 6.937799999999999523e-01 1.606219999999999870e-01
7.020459999999999479e-01 6.937799999999999523e-01 -1.606219999999999870e-01
-2.598920000000000119e-01 8.626679999999999904e-01 4.338890000000000247e-01
-2.598920000000000119e-01 8.626679999999999904e-01 -4.338890000000000247e-01
-7.020459999999999479e-01 6.937799999999999523e-01 -1.606219999999999870e-01
-7.020459999999999479e-01 6.937799999999999523e-01 1.606219999999999870e-01
0.000000000000000000e+00 -9.619379999999999598e-01 2.732669999999999821e-01
2.598920000000000119e-01 -8.626679999999999904e-01 4.338890000000000247e-01
0.000000000000000000e+00 -9.619379999999999598e-01 -2.732669999999999821e-01
2.598920000000000119e-01 -8.626679999999999904e-01 -4.338890000000000247e-01
7.020459999999999479e-01 -6.937799999999999523e-01 -1.606219999999999870e-01
7.020459999999999479e-01 -6.937799999999999523e-01 1.606219999999999870e-01
-2.598920000000000119e-01 -8.626679999999999904e-01 -4.338890000000000247e-01
-2.598920000000000119e-01 -8.626679999999999904e-01 4.338890000000000247e-01
-7.020459999999999479e-01 -6.937799999999999523e-01 1.606219999999999870e-01
-7.020459999999999479e-01 -6.937799999999999523e-01 -1.606219999999999870e-01
9.619379999999999598e-01 2.732669999999999821e-01 0.000000000000000000e+00
8.626679999999999904e-01 4.338890000000000247e-01 -2.598920000000000119e-01
9.619379999999999598e-01 -2.732669999999999821e-01 0.000000000000000000e+00
8.626679999999999904e-01 -4.338890000000000247e-01 -2.598920000000000119e-01
6.937799999999999523e-01 -1.606219999999999870e-01 -7.020459999999999479e-01
6.937799999999999523e-01 1.606219999999999870e-01 -7.020459999999999479e-01
8.626679999999999904e-01 -4.338890000000000247e-01 2.598920000000000119e-01
8.626679999999999904e-01 4.338890000000000247e-01 2.598920000000000119e-01
6.937799999999999523e-01 1.606219999999999870e-01 7.020459999999999479e-01
6.937799999999999523e-01 -1.606219999999999870e-01 7.020459999999999479e-01
-9.619379999999999598e-01 2.732669999999999821e-01 0.000000000000000000e+00
-8.626679999999999904e-01 4.338890000000000247e-01 2.598920000000000119e-01
-9.619379999999999598e-01 -2.732669999999999821e-01 0.000000000000000000e+00
-8.626679999999999904e-01 -4.338890000000000247e-01 2.598920000000000119e-01
-6.937799999999999523e-01 -1.606219999999999870e-01 7.020459999999999479e-01
-6.937799999999999523e-01 1.606219999999999870e-01 7.020459999999999479e-01
-8.626679999999999904e-01 -4.338890000000000247e-01 -2.598920000000000119e-01
-8.626679999999999904e-01 4.338890000000000247e-01 -2.598920000000000119e-01
-6.937799999999999523e-01 1.606219999999999870e-01 -7.020459999999999479e-01
-6.937799999999999523e-01 -1.606219999999999870e-01 -7.020459999999999479e-01
2.732669999999999821e-01 0.000000000000000000e+00 9.619379999999999598e-01
4.338890000000000247e-01 -2.598920000000000119e-01 8.626679999999999904e-01
-2.732669999999999821e-01 0.000000000000000000e+00 9.619379999999999598e-01
-4.338890000000000247e-01 -2.598920000000000119e-01 8.626679999999999904e-01
-1.606219999999999870e-01 -7.020459999999999479e-01 6.937799999999999523e-01
1.606219999999999870e-01 -7.020459999999999479e-01 6.937799999999999523e-01
-4.338890000000000247e-01 2.598920000000000119e-01 8.626679999999999904e-01
4.338890000000000247e-01 2.598920000000000119e-01 8.626679999999999904e-01
1.606219999999999870e-01 7.020459999999999479e-01 6.937799999999999523e-01
-1.606219999999999870e-01 7.020459999999999479e-01 6.937799999999999523e-01
2.732669999999999821e-01 0.000000000000000000e+00 -9.619379999999999598e-01
4.338890000000000247e-01 2.598920000000000119e-01 -8.626679999999999904e-01
-2.732669999999999821e-01 0.000000000000000000e+00 -9.619379999999999598e-01
-4.338890000000000247e-01 2.598920000000000119e-01 -8.626679999999999904e-01
-1.606219999999999870e-01 7.020459999999999479e-01 -6.937799999999999523e-01
1.606219999999999870e-01 7.020459999999999479e-01 -6.937799999999999523e-01
-4.338890000000000247e-01 -2.598920000000000119e-01 -8.626679999999999904e-01
4.338890000000000247e-01 -2.598920000000000119e-01 -8.626679999999999904e-01
1.606219999999999870e-01 -7.020459999999999479e-01 -6.937799999999999523e-01
-1.606219999999999870e-01 -7.020459999999999479e-01 -6.937799999999999523e-01
