#Piprek2003 300 k temperature
#  wavelength [um]       absorption coefficient [m-1]
2.264446620959843504e-01 1.964367242388290465e+08
2.282076395690499637e-01 1.964367242388290465e+08
2.299706170421155771e-01 1.837287160673724711e+08
2.317335945151812182e-01 1.680542561494896114e+08
2.334965719882468316e-01 1.718428223570054471e+08
2.352595494613124449e-01 1.718428223570054471e+08
2.370225269343780861e-01 1.643492153037658036e+08
2.387855044074436994e-01 1.607258583616991043e+08
2.405484818805093128e-01 1.537170324512689412e+08
2.423114593535749539e-01 1.503280799964808226e+08
2.440744368266405673e-01 1.470138427411580384e+08
2.458374142997061806e-01 1.257723171737748682e+08
2.476003917727717940e-01 1.286076916629616767e+08
2.493633692458374351e-01 1.315069860088751614e+08
2.511263467189030485e-01 1.286076916629616767e+08
2.528893241919686896e-01 1.202877219480419904e+08
2.546523016650342752e-01 1.176357752894573659e+08
2.564152791380999163e-01 1.125059929492265284e+08
2.581782566111655575e-01 1.075999067319939286e+08
2.599412340842311431e-01 1.029077618465958089e+08
2.617042115572967842e-01 9.842022888228797913e+07
2.634671890303624253e-01 9.625038816293127835e+07
2.652301665034280109e-01 9.412838525904044509e+07
2.669931439764936520e-01 9.205316550491204858e+07
2.687561214495592932e-01 9.002369748673529923e+07
2.705190989226248788e-01 8.803897252996453643e+07
2.722820763956905199e-01 8.609800419799369574e+07
2.740450538687561055e-01 8.419982780188320577e+07
2.758080313418217466e-01 8.234349992089584470e+07
2.775710088148873878e-01 8.052809793360316753e+07
2.793339862879530289e-01 8.052809793360316753e+07
2.810969637610186145e-01 8.052809793360316753e+07
2.828599412340842556e-01 7.875271955932952464e+07
2.846229187071498412e-01 7.875271955932952464e+07
2.863858961802154823e-01 7.875271955932952464e+07
2.881488736532811235e-01 7.875271955932952464e+07
2.899118511263467646e-01 7.701648240970566869e+07
2.916748285994123502e-01 7.531852355010913312e+07
2.934378060724779913e-01 7.701648240970566869e+07
2.952007835455435769e-01 7.203408366735318303e+07
2.969637610186092180e-01 7.365799907077352703e+07
2.987267384916748592e-01 7.365799907077352703e+07
3.004897159647404448e-01 7.365799907077352703e+07
3.022526934378060859e-01 7.365799907077352703e+07
3.040156709108716715e-01 7.365799907077352703e+07
3.057786483839373126e-01 7.365799907077352703e+07
3.075416258570029537e-01 7.365799907077352703e+07
3.093046033300685949e-01 7.365799907077352703e+07
3.110675808031341805e-01 7.365799907077352703e+07
3.128305582761998216e-01 7.365799907077352703e+07
3.145935357492654072e-01 7.203408366735318303e+07
3.163565132223310483e-01 7.203408366735318303e+07
3.181194906953966894e-01 7.203408366735318303e+07
3.198824681684623306e-01 7.365799907077352703e+07
3.216454456415279162e-01 7.365799907077352703e+07
3.234084231145935573e-01 7.203408366735318303e+07
3.251714005876591429e-01 7.203408366735318303e+07
3.269343780607247840e-01 7.365799907077352703e+07
3.286973555337904251e-01 7.203408366735318303e+07
3.304603330068560663e-01 7.203408366735318303e+07
3.322233104799216519e-01 7.203408366735318303e+07
3.339862879529872930e-01 7.365799907077352703e+07
3.357492654260528786e-01 7.365799907077352703e+07
3.375122428991185197e-01 7.365799907077352703e+07
3.392752203721841608e-01 7.365799907077352703e+07
3.410381978452498020e-01 7.365799907077352703e+07
3.428011753183153876e-01 7.365799907077352703e+07
3.445641527913809732e-01 7.365799907077352703e+07
3.463271302644466143e-01 7.365799907077352703e+07
3.480901077375122554e-01 7.365799907077352703e+07
3.498530852105778965e-01 7.365799907077352703e+07
3.516160626836435377e-01 7.203408366735318303e+07
3.533790401567091233e-01 7.365799907077352703e+07
3.551420176297747089e-01 7.203408366735318303e+07
3.569049951028403500e-01 7.044597023073528707e+07
3.586679725759059911e-01 7.044597023073528707e+07
3.604309500489716322e-01 6.889286944589503109e+07
3.621939275220372179e-01 6.889286944589503109e+07
3.639569049951028590e-01 6.737400939959482849e+07
3.657198824681684446e-01 6.588863519673244655e+07
3.674828599412340857e-01 6.301540758869880438e+07
3.692458374142997268e-01 6.162612614843345433e+07
3.710088148873653680e-01 6.026747377166431397e+07
3.727717923604310091e-01 5.763937001765338331e+07
3.745347698334965947e-01 5.512587085729133338e+07
3.762977473065621803e-01 5.272197868998292089e+07
3.780607247796278214e-01 5.042291384716261178e+07
3.798237022526934625e-01 4.822410508886017650e+07
3.815866797257591037e-01 4.510436093763247877e+07
3.833496571988246893e-01 4.410995887116207927e+07
3.851126346718902749e-01 4.218644123812213540e+07
3.868756121449559160e-01 3.945728943590144068e+07
3.886385896180215571e-01 3.773666230488092452e+07
3.904015670910871982e-01 3.690469363937745243e+07
3.921645445641528394e-01 3.451723197633263469e+07
3.939275220372184805e-01 3.375624110776530206e+07
3.956904995102840661e-01 3.301202757239896804e+07
3.974534769833496517e-01 3.157246111704630777e+07
3.992164544564152928e-01 3.087639271200318635e+07
4.009794319294809339e-01 3.019567031444117427e+07
4.027424094025465751e-01 2.887891768583555520e+07
4.045053868756121607e-01 2.824223300995838642e+07
4.062683643486777463e-01 2.761958512662679330e+07
4.080313418217433874e-01 2.641516870076956227e+07
4.097943192948090285e-01 2.583280154610506445e+07
4.115572967678746696e-01 2.526327366218965873e+07
4.133202742409402553e-01 2.470630198554345593e+07
4.150832517140058964e-01 2.362892606562456489e+07
4.168462291870715375e-01 2.310798635115608945e+07
4.186092066601371231e-01 2.259853163542838395e+07
4.203721841332027642e-01 2.210030871218290180e+07
4.221351616062684053e-01 2.161306995752198622e+07
4.238981390793339910e-01 2.113657320683645830e+07
4.256611165523996321e-01 2.067058163444628939e+07
4.274240940254652177e-01 2.021486363589487597e+07
4.291870714985308588e-01 1.976919271283831075e+07
4.309500489715964999e-01 1.933334736047248170e+07
4.327130264446620855e-01 1.890711095744202659e+07
4.344760039177277267e-01 1.849027165817642584e+07
4.362389813907933678e-01 1.808262228759973496e+07
4.380019588638589534e-01 1.768396023816162348e+07
4.397649363369245945e-01 1.768396023816162348e+07
4.415279138099902356e-01 1.691280990815486759e+07
4.432908912830558767e-01 1.653993835487545468e+07
4.450538687561215179e-01 1.617528738682109118e+07
4.468168462291870480e-01 1.617528738682109118e+07
4.485798237022526891e-01 1.581867576726065762e+07
4.503428011753183302e-01 1.546992625513388403e+07
4.521057786483839713e-01 1.546992625513388403e+07
4.538687561214496125e-01 1.512886551696000993e+07
4.556317335945151981e-01 1.512886551696000993e+07
4.573947110675808392e-01 1.479532404068857059e+07
4.591576885406464803e-01 1.479532404068857059e+07
4.609206660137120659e-01 1.446913605144949444e+07
4.626836434867777070e-01 1.415013942916062661e+07
4.644466209598432926e-01 1.383817562795173563e+07
4.662095984329089338e-01 1.383817562795173563e+07
4.679725759059745749e-01 1.383817562795173563e+07
4.697355533790401605e-01 1.353308959736493416e+07
4.714985308521058016e-01 1.323472970529248565e+07
4.732615083251713872e-01 1.323472970529248565e+07
4.750244857982370283e-01 1.294294766261333786e+07
4.767874632713026695e-01 1.265759844949140772e+07
4.785504407443682551e-01 1.237854024329864234e+07
4.803134182174338962e-01 1.237854024329864234e+07
4.820763956904995373e-01 1.210563434812713973e+07
4.838393731635651229e-01 1.210563434812713973e+07
4.856023506366307640e-01 1.183874512585530989e+07
4.873653281096963497e-01 1.183874512585530989e+07
4.891283055827619908e-01 1.183874512585530989e+07
4.908912830558276319e-01 1.157773992873379029e+07
4.926542605288932730e-01 1.157773992873379029e+07
4.944172380019589141e-01 1.132248903345763125e+07
4.961802154750244997e-01 1.132248903345763125e+07
4.979431929480901409e-01 1.107286557669195160e+07
4.997061704211557820e-01 1.107286557669195160e+07
5.014691478942213676e-01 1.082874549201906286e+07
5.032321253672870087e-01 1.082874549201906286e+07
5.049951028403526498e-01 1.059000744827568159e+07
5.067580803134181799e-01 1.035653278924961761e+07
5.085210577864838211e-01 1.035653278924961761e+07
5.102840352595494622e-01 1.012820547470594198e+07
5.120470127326151033e-01 1.012820547470594198e+07
5.138099902056807444e-01 9.904912022713337094e+06
5.155729676787463855e-01 9.904912022713337094e+06
5.173359451518120267e-01 9.904912022713337094e+06
5.190989226248776678e-01 9.686541453241953626e+06
5.208619000979431979e-01 9.472985233004758134e+06
5.226248775710088390e-01 9.472985233004758134e+06
5.243878550440743691e-01 9.472985233004758134e+06
5.261508325171400102e-01 9.264137221514942124e+06
5.279138099902056513e-01 9.264137221514942124e+06
5.296767874632712925e-01 9.059893618332581595e+06
5.314397649363369336e-01 9.059893618332581595e+06
5.332027424094025747e-01 8.860152911474341527e+06
5.349657198824682158e-01 8.860152911474341527e+06
5.367286973555338569e-01 8.664815826960572973e+06
5.384916748285994981e-01 8.664815826960572973e+06
5.402546523016651392e-01 8.664815826960572973e+06
5.420176297747307803e-01 8.664815826960572973e+06
5.437806072477963104e-01 8.473785279474731535e+06
5.455435847208619515e-01 8.473785279474731535e+06
5.473065621939274816e-01 8.286966324110562913e+06
5.490695396669931228e-01 8.286966324110562913e+06
5.508325171400587639e-01 8.286966324110562913e+06
5.525954946131244050e-01 8.286966324110562913e+06
5.543584720861900461e-01 8.286966324110562913e+06
5.561214495592556872e-01 8.104266109183214605e+06
5.578844270323213284e-01 7.925593830080510117e+06
5.596474045053869695e-01 7.925593830080510117e+06
5.614103819784524996e-01 7.750860684131833725e+06
5.631733594515181407e-01 7.750860684131833725e+06
5.649363369245837818e-01 7.579979826471921988e+06
5.666993143976493119e-01 7.579979826471921988e+06
5.684622918707149530e-01 7.579979826471921988e+06
5.702252693437805942e-01 7.412866326877724379e+06
5.719882468168462353e-01 7.249437127556870691e+06
5.737512242899118764e-01 7.249437127556870691e+06
5.755142017629775175e-01 7.249437127556870691e+06
5.772771792360431586e-01 7.249437127556870691e+06
5.790401567091086887e-01 7.089611001866769046e+06
5.808031341821743299e-01 7.089611001866769046e+06
5.825661116552399710e-01 6.933308513943798840e+06
5.843290891283056121e-01 6.933308513943798840e+06
5.860920666013712532e-01 6.933308513943798840e+06
5.878550440744368943e-01 6.933308513943798840e+06
5.896180215475024244e-01 6.780451979222559370e+06
5.913809990205680656e-01 6.630965425825531594e+06
5.931439764936337067e-01 6.630965425825531594e+06
5.949069539666993478e-01 6.630965425825531594e+06
5.966699314397649889e-01 6.630965425825531594e+06
5.984329089128306300e-01 6.630965425825531594e+06
6.001958863858962712e-01 6.484774556803970598e+06
6.019588638589618013e-01 6.484774556803970598e+06
6.037218413320274424e-01 6.484774556803970598e+06
6.054848188050930835e-01 6.341806713211261667e+06
6.072477962781586136e-01 6.341806713211261667e+06
6.090107737512242547e-01 6.341806713211261667e+06
6.107737512242898958e-01 6.201990837990391068e+06
6.125367286973555370e-01 6.201990837990391068e+06
6.142997061704211781e-01 6.065257440657572821e+06
6.160626836434868192e-01 6.065257440657572821e+06
6.178256611165524603e-01 6.065257440657572821e+06
6.195886385896181014e-01 6.065257440657572821e+06
6.213516160626836315e-01 5.931538562764490023e+06
6.231145935357492727e-01 5.931538562764490023e+06
6.248775710088148028e-01 5.931538562764490023e+06
6.266405484818804439e-01 5.931538562764490023e+06
6.284035259549460850e-01 5.800767744121970609e+06
6.301665034280117261e-01 5.800767744121970609e+06
6.319294809010773672e-01 5.672879989768333733e+06
6.336924583741430084e-01 5.672879989768333733e+06
6.354554358472086495e-01 5.672879989768333733e+06
6.372184133202742906e-01 5.547811737665961497e+06
6.389813907933399317e-01 5.547811737665961497e+06
6.407443682664055729e-01 5.547811737665961497e+06
6.425073457394712140e-01 5.425500827110062353e+06
6.442703232125367441e-01 5.425500827110062353e+06
6.460333006856023852e-01 5.425500827110062353e+06
6.477962781586679153e-01 5.425500827110062353e+06
6.495592556317335564e-01 5.425500827110062353e+06
6.513222331047991975e-01 5.425500827110062353e+06
6.530852105778648387e-01 5.305886467833912931e+06
6.548481880509304798e-01 5.305886467833912931e+06
6.566111655239961209e-01 5.305886467833912931e+06
6.583741429970617620e-01 5.188909209795229137e+06
6.601371204701274031e-01 5.188909209795229137e+06
6.619000979431930443e-01 5.188909209795229137e+06
6.636630754162586854e-01 5.188909209795229137e+06
6.654260528893241045e-01 5.074510913628648035e+06
6.671890303623897456e-01 5.074510913628648035e+06
6.689520078354553867e-01 4.962634721749622375e+06
6.707149853085210278e-01 4.962634721749622375e+06
6.724779627815866689e-01 4.962634721749622375e+06
6.742409402546523101e-01 4.853225030095434748e+06
6.760039177277179512e-01 4.853225030095434748e+06
6.777668952007835923e-01 4.853225030095434748e+06
6.795298726738492334e-01 4.853225030095434748e+06
6.812928501469148745e-01 4.746227460489117540e+06
6.830558276199804046e-01 4.746227460489117540e+06
6.848188050930460458e-01 4.641588833612772636e+06
6.865817825661116869e-01 4.641588833612772636e+06
6.883447600391773280e-01 4.539257142576673999e+06
6.901077375122429691e-01 4.539257142576673999e+06
6.918707149853084992e-01 4.539257142576673999e+06
6.936336924583741403e-01 4.439181527071109042e+06
6.953966699314397815e-01 4.439181527071109042e+06
6.971596474045054226e-01 4.439181527071109042e+06
6.989226248775710637e-01 4.341312248088072054e+06
7.006856023506367048e-01 4.341312248088072054e+06
7.024485798237023459e-01 4.341312248088072054e+06
7.042115572967679871e-01 4.341312248088072054e+06
7.059745347698336282e-01 4.341312248088072054e+06
7.077375122428992693e-01 4.245600663200275972e+06
7.095004897159649104e-01 4.151999202385164332e+06
7.112634671890303295e-01 4.151999202385164332e+06
7.130264446620959706e-01 4.151999202385164332e+06
7.147894221351616117e-01 4.151999202385164332e+06
7.165523996082272529e-01 4.060461344381938223e+06
7.183153770812928940e-01 4.060461344381938223e+06
7.200783545543585351e-01 4.060461344381938223e+06
7.218413320274241762e-01 3.970941593569823075e+06
7.236043095004898174e-01 3.970941593569823075e+06
7.253672869735554585e-01 3.970941593569823075e+06
7.271302644466210996e-01 3.970941593569823075e+06
7.288932419196865187e-01 3.970941593569823075e+06
7.306562193927521598e-01 3.970941593569823075e+06
7.324191968658178009e-01 3.970941593569823075e+06
7.341821743388834420e-01 3.883395457356095780e+06
7.359451518119490832e-01 3.883395457356095780e+06
7.377081292850147243e-01 3.883395457356095780e+06
7.394711067580803654e-01 3.797779424062633887e+06
7.412340842311460065e-01 3.797779424062633887e+06
7.429970617042116476e-01 3.797779424062633887e+06
7.447600391772772888e-01 3.714050941299989820e+06
7.465230166503427078e-01 3.714050941299989820e+06
7.482859941234083490e-01 3.632168394818245899e+06
7.500489715964739901e-01 3.632168394818245899e+06
7.518119490695396312e-01 3.632168394818245899e+06
7.535749265426052723e-01 3.552091087824140675e+06
7.553379040156709134e-01 3.552091087824140675e+06
7.571008814887365546e-01 3.552091087824140675e+06
7.588638589618021957e-01 3.552091087824140675e+06
7.606268364348678368e-01 3.552091087824140675e+06
7.623898139079334779e-01 3.473779220754179638e+06
7.641527913809991190e-01 3.473779220754179638e+06
7.659157688540645381e-01 3.473779220754179638e+06
7.676787463271301792e-01 3.397193871493687388e+06
7.694417238001958204e-01 3.397193871493687388e+06
7.712047012732614615e-01 3.397193871493687388e+06
7.729676787463271026e-01 3.322296976031959988e+06
7.747306562193927437e-01 3.322296976031959988e+06
7.764936336924583848e-01 3.322296976031959988e+06
7.782566111655240260e-01 3.322296976031959988e+06
7.800195886385896671e-01 3.249051309543908108e+06
7.817825661116553082e-01 3.249051309543908108e+06
7.835455435847209493e-01 3.249051309543908108e+06
7.853085210577865904e-01 3.177420467888790648e+06
7.870714985308522316e-01 3.177420467888790648e+06
7.888344760039178727e-01 3.177420467888790648e+06
7.905974534769835138e-01 3.177420467888790648e+06
7.923604309500489329e-01 3.107368849516835529e+06
7.941234084231145740e-01 3.107368849516835529e+06
7.958863858961802151e-01 3.107368849516835529e+06
7.976493633692458562e-01 3.107368849516835529e+06
7.994123408423114974e-01 3.107368849516835529e+06
8.011753183153771385e-01 3.107368849516835529e+06
8.029382957884427796e-01 3.107368849516835529e+06
8.047012732615084207e-01 3.107368849516835529e+06
8.064642507345740619e-01 3.107368849516835529e+06
8.082272282076397030e-01 3.107368849516835529e+06
8.099902056807053441e-01 3.107368849516835529e+06
8.117531831537707632e-01 3.107368849516835529e+06
8.135161606268364043e-01 3.107368849516835529e+06
8.152791380999020454e-01 3.177420467888790648e+06
8.170421155729676865e-01 3.177420467888790648e+06
8.188050930460333277e-01 3.177420467888790648e+06
8.205680705190989688e-01 3.177420467888790648e+06
8.223310479921646099e-01 3.177420467888790648e+06
8.240940254652302510e-01 3.249051309543908108e+06
8.258570029382958921e-01 3.249051309543908108e+06
8.276199804113615333e-01 3.177420467888790648e+06
8.293829578844269523e-01 3.177420467888790648e+06
8.311459353574925935e-01 3.177420467888790648e+06
8.329089128305582346e-01 3.177420467888790648e+06
8.346718903036238757e-01 3.177420467888790648e+06
8.364348677766895168e-01 3.107368849516835529e+06
8.381978452497551579e-01 3.107368849516835529e+06
8.399608227228207991e-01 3.038861637774762232e+06
8.417238001958864402e-01 2.971864783601409290e+06
8.434867776689520813e-01 2.906344988604864571e+06
8.452497551420177224e-01 2.842269688512689900e+06
8.470127326150833635e-01 2.779607036987013184e+06
8.487757100881487826e-01 2.658395789336952381e+06
8.505386875612144237e-01 2.542470240838383324e+06
8.523016650342800649e-01 2.377991156179157551e+06
8.540646425073457060e-01 2.224152655962491874e+06
8.558276199804113471e-01 2.175117441822268534e+06
8.575905974534769882e-01 1.902792472278483678e+06
8.593535749265426293e-01 1.860842187934263144e+06
8.611165523996082705e-01 1.702088037180899177e+06
8.628795298726739116e-01 1.591975486847717548e+06
8.646425073457395527e-01 1.488986406908558216e+06
8.664054848188049718e-01 1.331929775657169987e+06
8.681684622918706129e-01 1.191439303307962604e+06
8.699314397649362540e-01 1.114361962190097896e+06
8.716944172380018951e-01 9.533516269058434991e+05
8.734573947110675363e-01 8.339918867052656133e+05
8.752203721841331774e-01 7.628414825669839047e+05
8.769833496571988185e-01 6.977611374901158269e+05
8.787463271302644596e-01 5.709128890694776783e+05
8.805093046033301007e-01 4.994345255849998211e+05
8.822722820763957419e-01 4.369052619443641161e+05
8.840352595494613830e-01 3.996315348817531485e+05
8.857982370225270241e-01 3.197723735356089310e+05
8.875612144955926652e-01 2.735695607830801746e+05
8.893241919686583064e-01 2.393186183392806852e+05
8.910871694417239475e-01 2.047402925475045631e+05
8.928501469147895886e-01 1.675198941971480381e+05
8.946131243878550077e-01 1.465463829705555981e+05
8.963761018609206488e-01 1.226083520794896031e+05
8.981390793339862899e-01 1.072577714148024679e+05
8.999020568070519310e-01 7.677159317663368711e+04
9.016650342801175722e-01 6.567912916845591099e+04
9.034280117531832133e-01 5.373910837168360740e+04
9.051909892262488544e-01 4.597452904254313034e+04
9.069539666993144955e-01 3.597630840235464711e+04
9.087169441723801366e-01 3.218156737831396822e+04
9.104799216454457778e-01 2.575066101253625311e+04
9.122428991185111968e-01 2.303450990977217225e+04
9.140058765915768380e-01 1.802512499136665792e+04
9.157688540646424791e-01 1.508076027821399111e+04
9.175318315377081202e-01 1.290179298471040602e+04
9.192948090107737613e-01 1.128648692625778494e+04
9.210577864838394024e-01 8.637264320631235023e+03
9.228207639569050436e-01 7.555877772102177914e+03
9.245837414299706847e-01 6.464154925548780739e+03
9.263467189030363258e-01 5.654841938866275086e+03
9.281096963761019669e-01 4.425066265952737922e+03
9.298726738491676080e-01 4.047550299454510878e+03
9.316356513222330271e-01 3.311733071617710721e+03
9.333986287952986682e-01 2.833232126390586018e+03
9.351616062683643094e-01 2.370429860047883267e+03
9.369245837414299505e-01 1.983225330910287539e+03
9.386875612144955916e-01 1.734925277104394127e+03
9.404505386875612327e-01 1.586913483964106263e+03
9.422135161606268738e-01 1.269797418547096868e+03
9.439764936336925150e-01 1.135860598168208526e+03
9.457394711067581561e-01 1.016051284737423657e+03
9.475024485798237972e-01 9.088793245240186707e+02
9.492654260528892163e-01 7.950875220167381485e+02
9.510284035259548574e-01 6.955424670902078788e+02
9.527913809990204985e-01 6.221774207293937025e+02
9.545543584720861396e-01 5.565508379163799191e+02
9.563173359451517808e-01 4.656394767457131252e+02
9.580803134182174219e-01 4.259143457446439243e+02
9.598432908912830630e-01 3.809893739423986858e+02
9.616062683643487041e-01 3.408030382335306285e+02
9.633692458374143452e-01 2.915615769187267006e+02
9.651322233104799864e-01 2.726996919207811061e+02
9.668952007835456275e-01 2.385576571648504967e+02
9.686581782566112686e-01 2.231247350961204745e+02
9.704211557296769097e-01 1.951894909933418205e+02
9.721841332027425508e-01 1.866777980034115103e+02
9.739471106758081920e-01 1.707517428662813757e+02
9.757100881488738331e-01 1.561843883081363913e+02
9.774730656219392522e-01 1.366300838041942711e+02
9.792360430950048933e-01 1.306720103412667982e+02
9.809990205680705344e-01 1.168888719272259920e+02
9.827619980411361755e-01 1.117916600500876285e+02
9.845249755142018167e-01 1.093270234726693957e+02
9.862879529872674578e-01 1.093270234726693957e+02
