2.040675032453483251e+00 1.457730128940475173e+06
2.046300302899178192e+00 1.450223631063283654e+06
2.051925573344872689e+00 1.442755787467337679e+06
2.057550843790567185e+00 1.435326399104625685e+06
2.063176114236261238e+00 1.427935267952124355e+06
2.068801384681955735e+00 1.413266990278946934e+06
2.074426655127650676e+00 1.405989452789795818e+06
2.080051925573345173e+00 1.391546610623253975e+06
2.085677196019039670e+00 1.384380920986140613e+06
2.091302466464734167e+00 1.377252130657744128e+06
2.096927736910428219e+00 1.363104488862026716e+06
2.102553007356123160e+00 1.356085260303263087e+06
2.108178277801817657e+00 1.342155052405845840e+06
2.113803548247512154e+00 1.335243701771233464e+06
2.119428818693206651e+00 1.328367940741199534e+06
2.125054089138901148e+00 1.314722455372051802e+06
2.130679359584595645e+00 1.307952367325974628e+06
2.136304630030290141e+00 1.301217141460860381e+06
2.141929900475984638e+00 1.294516598255897872e+06
2.147555170921679135e+00 1.281218846360618249e+06
2.153180441367373632e+00 1.268057693876812700e+06
2.158805711813068129e+00 1.261527903349562548e+06
2.164430982258762626e+00 1.255031737604953349e+06
2.170056252704457123e+00 1.248569023494088789e+06
2.175681523150151619e+00 1.235743262031525373e+06
2.181306793595846116e+00 1.229379872821798781e+06
2.186932064041540613e+00 1.216751229391610017e+06
2.192557334487235110e+00 1.210485638567104470e+06
2.198182604932929607e+00 1.204252312043984886e+06
2.203807875378624104e+00 1.191881788184765261e+06
2.209433145824318601e+00 1.185744261124545941e+06
2.215058416270013097e+00 1.179638338908690261e+06
2.220683686715707594e+00 1.167520658858774463e+06
2.226308957161402091e+00 1.161508578039898304e+06
2.231934227607096588e+00 1.155527456087147119e+06
2.237559498052791085e+00 1.149577133579608519e+06
2.243184768498485582e+00 1.137768253316947492e+06
2.248810038944180079e+00 1.131909380807765061e+06
2.254435309389874575e+00 1.120281990217174403e+06
2.260060579835569072e+00 1.114513162219134858e+06
2.265685850281263569e+00 1.108774040470737033e+06
2.271311120726958066e+00 1.097384304628047161e+06
2.276936391172652563e+00 1.091733386951578548e+06
2.282561661618347060e+00 1.086111568352298811e+06
2.288186932064041557e+00 1.074954629780786112e+06
2.293812202509736053e+00 1.069419212431356311e+06
2.299437472955430550e+00 1.063912299396789167e+06
2.305062743401125047e+00 1.058433743895750260e+06
2.310688013846819544e+00 1.047561122144217137e+06
2.316313284292514041e+00 1.042166766094706487e+06
2.321938554738208538e+00 1.031461244738157489e+06
2.327563825183903035e+00 1.026149794086000649e+06
2.333189095629597531e+00 1.020865694445017842e+06
2.338814366075292028e+00 1.015608804972740123e+06
2.344439636520986525e+00 1.005176096787007176e+06
2.350064906966681022e+00 1.000000000000000000e+06
2.355690177412375519e+00 9.948505572271830169e+05
2.361315447858070016e+00 9.846310854176188586e+05
2.366940718303764513e+00 9.795607839909242466e+05
2.372565988749459009e+00 9.694983743706783280e+05
2.378191259195153506e+00 9.645059979735175148e+05
2.383816529640848003e+00 9.595393295329140965e+05
2.389441800086542500e+00 9.496825876764681889e+05
2.395067070532236997e+00 9.447922515388875036e+05
2.400692340977931494e+00 9.399270979073869530e+05
2.406317611423625991e+00 9.302718201268907869e+05
2.411942881869320487e+00 9.254814386259829625e+05
2.417568152315014984e+00 9.207157249204742257e+05
2.423193422760709481e+00 9.112577934481611010e+05
2.428818693206403978e+00 9.065653235895164544e+05
2.434443963652098475e+00 9.018970173358719330e+05
2.440069234097792972e+00 8.972527502581273438e+05
2.445694504543487469e+00 8.926323985679204343e+05
2.451319774989181965e+00 8.834629493806026876e+05
2.456945045434876462e+00 8.789136074808640406e+05
2.462570315880570959e+00 8.743876921568912221e+05
2.468195586326265456e+00 8.654056593221974326e+05
2.473820856771959953e+00 8.609493024042467587e+05
2.479446127217654450e+00 8.521053136649654480e+05
2.485071397663348947e+00 8.477174461158344056e+05
2.490696668109043443e+00 8.433521736395431217e+05
2.496321938554737940e+00 8.346889490964858560e+05
2.501947209000432437e+00 8.303907661200115690e+05
2.507572479446127378e+00 8.261147163908010116e+05
2.513197749891821431e+00 8.176285613655142952e+05
2.518823020337515928e+00 8.134182298793427180e+05
2.524448290783210425e+00 8.092295792542130221e+05
2.530073561228904921e+00 8.009168745845746016e+05
2.535698831674599862e+00 7.967925989731188165e+05
2.541324102120294359e+00 7.886076515514967032e+05
2.546949372565988856e+00 7.845467615796267055e+05
2.552574643011682909e+00 7.805067829282742459e+05
2.558199913457377406e+00 7.764876079157895874e+05
2.563825183903072347e+00 7.685112408504798077e+05
2.569450454348766844e+00 7.645538361954544671e+05
2.575075724794461340e+00 7.606168099692282267e+05
2.580700995240155837e+00 7.567000572342490777e+05
2.586326265685849890e+00 7.489269551868879935e+05
2.591951536131544831e+00 7.412337013103582431e+05
2.597576806577239328e+00 7.374167607841779245e+05
2.603202077022933825e+00 7.336194753748037620e+05
2.608827347468628322e+00 7.260834655760689639e+05
2.614452617914322818e+00 7.223445403217972489e+05
2.620077888360017315e+00 7.149243508139512269e+05
2.625703158805711368e+00 7.112428887825413840e+05
2.631328429251405865e+00 7.075803842291833134e+05
2.636953699697101250e+00 7.039367395334272878e+05
2.642578970142795747e+00 7.003118575775165809e+05
2.648204240588489800e+00 6.931179959121382562e+05
2.653829511034184296e+00 6.859980322467726655e+05
2.659454781479878793e+00 6.824655246374534909e+05
2.665080051925573290e+00 6.789512074739123927e+05
2.670705322371267787e+00 6.754549870854903711e+05
2.676330592816962284e+00 6.685164643606413156e+05
2.681955863262656781e+00 6.616492167000425979e+05
2.687581133708351278e+00 6.582420919229665305e+05
2.693206404154046218e+00 6.548525119399505202e+05
2.698831674599740715e+00 6.514803864050803240e+05
2.704456945045435212e+00 6.447881396198871080e+05
2.710082215491129709e+00 6.381646380616707029e+05
2.715707485936824206e+00 6.348784457783366088e+05
2.721332756382518259e+00 6.316091755541067105e+05
2.726958026828212756e+00 6.251210531749745132e+05
2.732583297273907252e+00 6.219020280855668243e+05
2.738208567719601749e+00 6.186995791816420387e+05
2.743833838165296246e+00 6.123440689373102505e+05
2.749459108610991187e+00 6.060538448380242335e+05
2.755084379056685684e+00 6.029330052467851201e+05
2.760709649502380181e+00 5.998282362404240994e+05
2.766334919948074678e+00 5.967394550643842667e+05
2.771960190393769174e+00 5.906095273135447642e+05
2.777585460839463671e+00 5.875682173515631584e+05
2.783210731285158168e+00 5.815324999367224518e+05
2.788836001730852665e+00 5.755587836370469304e+05
2.794461272176546718e+00 5.725949766183163738e+05
2.800086542622241215e+00 5.667130698541901074e+05
2.805711813067936156e+00 5.637948133323685033e+05
2.811337083513630652e+00 5.580033050908820005e+05
2.816962353959325149e+00 5.551298990042736987e+05
2.822587624405019646e+00 5.494273999582539545e+05
2.828212894850714143e+00 5.465981550043512834e+05
2.833838165296408640e+00 5.409832971790753072e+05
2.839463435742103137e+00 5.354261172440550290e+05
2.845088706187797634e+00 5.326689710942351958e+05
2.850713976633492130e+00 5.271971989829551894e+05
2.856339247079186627e+00 5.217816349327079370e+05
2.861964517524881124e+00 5.164217015535627725e+05
2.867589787970575621e+00 5.111168273867495591e+05
2.873215058416270118e+00 5.058664468437350588e+05
2.878840328861964615e+00 4.980918286321010673e+05
2.884465599307659112e+00 4.929752456797149498e+05
2.890090869753353608e+00 4.853987512376350351e+05
2.895716140199048105e+00 4.804125562572588678e+05
2.901341410644742602e+00 4.705933002464445308e+05
2.906966681090437099e+00 4.633607920119155897e+05
2.912591951536131596e+00 4.562394395786600653e+05
2.918217221981826093e+00 4.492275346026621992e+05
2.923842492427520590e+00 4.423233949953002739e+05
2.929467762873215086e+00 4.310514873603624292e+05
2.935093033318909583e+00 4.222411328991705668e+05
2.940718303764604080e+00 4.136108551759275724e+05
2.946343574210298577e+00 4.009950517151278327e+05
2.951968844655993074e+00 3.907763311225892976e+05
2.957594115101687571e+00 3.788570177658882458e+05
2.963219385547382068e+00 3.673012628429514589e+05
2.968844655993076564e+00 3.524400074849182856e+05
2.974469926438771061e+00 3.399305011450350867e+05
2.980095196884465558e+00 3.244970569824542617e+05
2.985720467330160055e+00 3.081692047684951685e+05
2.991345737775854552e+00 2.896565863024789724e+05
2.996971008221549049e+00 2.736652983457871596e+05
3.002596278667243546e+00 2.585568533921776689e+05
3.008221549112938042e+00 2.442825116672055738e+05
3.013846819558632539e+00 2.307962242096336849e+05
3.019472090004327036e+00 2.191831554333633103e+05
3.025097360450021533e+00 2.081544262270497857e+05
3.030722630895716030e+00 1.976806341356151388e+05
3.036347901341410971e+00 1.867671314106228820e+05
3.041973171787105468e+00 1.773694926509513461e+05
3.047598442232799520e+00 1.693166049231570796e+05
3.053223712678494017e+00 1.607970315000180271e+05
3.058848983124188514e+00 1.534965627312401775e+05
3.064474253569883011e+00 1.457730128940475115e+05
3.070099524015577508e+00 1.391546610623252345e+05
3.075724794461272005e+00 1.321527586049109232e+05
3.081350064906966502e+00 1.261527903349563712e+05
3.086975335352660998e+00 1.204252312043985003e+05
3.092600605798355939e+00 1.143657451917301369e+05
3.098225876244050436e+00 1.091733386951579596e+05
3.103851146689744933e+00 1.042166766094706691e+05
3.109476417135439430e+00 9.948505572271840356e+04
3.115101687581133927e+00 9.447922515388875036e+04
3.120726958026827980e+00 9.018970173358728061e+04
3.126352228472522476e+00 8.609493024042458273e+04
3.131977498918216973e+00 8.218606859349645674e+04
3.137602769363911470e+00 7.845467615796274913e+04
3.143228039809605967e+00 7.489269551868879353e+04
3.148853310255300908e+00 7.149243508139511687e+04
3.154478580700995405e+00 6.824655246374534909e+04
3.160103851146689902e+00 6.514803864050802804e+04
3.165729121592384399e+00 6.219020280855668534e+04
3.171354392038078895e+00 5.936665793902488804e+04
3.176979662483773392e+00 5.667130698541900347e+04
3.182604932929467889e+00 5.437834790854289895e+04
3.188230203375162386e+00 5.190947502637150319e+04
3.193855473820856439e+00 4.955269332649523130e+04
3.199480744266550936e+00 4.754775813105533598e+04
3.205106014712245877e+00 4.538900606938481360e+04
3.210731285157940373e+00 4.355253645198286540e+04
3.216356555603634870e+00 4.179037162659344176e+04
3.221981826049329367e+00 3.989301506441379752e+04
3.227607096495023864e+00 3.827891692795405106e+04
3.233232366940718361e+00 3.673012628429518372e+04
3.238857637386412858e+00 3.524400074849186785e+04
3.244482907832107355e+00 3.381800484826540924e+04
3.250108178277801851e+00 3.244970569824542326e+04
3.255733448723496348e+00 3.113676884923479520e+04
3.261358719169190845e+00 2.987695430541608221e+04
3.266983989614885342e+00 2.866811270270445675e+04
3.272609260060579839e+00 2.750818164172704928e+04
3.278234530506274336e+00 2.639518216917238533e+04
3.283859800951968833e+00 2.532721540150680084e+04
3.289485071397663329e+00 2.430245928529752928e+04
3.295110341843357826e+00 2.331916548861533374e+04
3.300735612289052323e+00 2.237565641821302779e+04
3.306360882734746820e+00 2.147032235739099269e+04
3.311986153180441317e+00 2.060161871966649051e+04
3.317611423626135814e+00 1.976806341356151461e+04
3.323236694071830755e+00 1.887055847691154850e+04
3.328861964517524807e+00 1.810704302884735807e+04
3.334487234963219304e+00 1.737441992772381855e+04
3.340112505408913801e+00 1.658559062612093112e+04
3.345737775854608298e+00 1.591452650929546144e+04
3.351363046300302795e+00 1.519197894316714519e+04
3.356988316745997292e+00 1.450223631063285029e+04
3.362613587191691789e+00 1.391546610623252673e+04
3.368238857637386285e+00 1.328367940741199527e+04
3.373864128083080782e+00 1.268057693876812664e+04
3.379489398528775723e+00 1.210485638567103160e+04
3.385114668974470220e+00 1.155527456087147038e+04
3.390739939420164717e+00 1.103064472001346803e+04
3.396365209865859214e+00 1.052983399902741621e+04
