2.057550843790567185e+00 1.658559062612093054e+06
2.063176114236261238e+00 1.658559062612093054e+06
2.068801384681955735e+00 1.650018407633836614e+06
2.074426655127650676e+00 1.650018407633836614e+06
2.080051925573345173e+00 1.641521732269633561e+06
2.085677196019039670e+00 1.633068810048973886e+06
2.091302466464734167e+00 1.633068810048973886e+06
2.096927736910428219e+00 1.633068810048973886e+06
2.102553007356123160e+00 1.624659415667552734e+06
2.108178277801817657e+00 1.624659415667552734e+06
2.113803548247512154e+00 1.616293324981255922e+06
2.119428818693206651e+00 1.616293324981255922e+06
2.125054089138901148e+00 1.607970315000180388e+06
2.130679359584595645e+00 1.607970315000180388e+06
2.136304630030290141e+00 1.607970315000180388e+06
2.141929900475984638e+00 1.599690163882700028e+06
2.147555170921679135e+00 1.591452650929546217e+06
2.153180441367373632e+00 1.591452650929546217e+06
2.158805711813068129e+00 1.591452650929546217e+06
2.164430982258762626e+00 1.583257556577935116e+06
2.170056252704457123e+00 1.575104662395708496e+06
2.175681523150151619e+00 1.575104662395708496e+06
2.181306793595846116e+00 1.575104662395708496e+06
2.186932064041540613e+00 1.566993751075505977e+06
2.192557334487235110e+00 1.558924606428982690e+06
2.198182604932929607e+00 1.558924606428982690e+06
2.203807875378624104e+00 1.558924606428982690e+06
2.209433145824318601e+00 1.550897013381041586e+06
2.215058416270013097e+00 1.550897013381041586e+06
2.220683686715707594e+00 1.542910757964101620e+06
2.226308957161402091e+00 1.542910757964101620e+06
2.231934227607096588e+00 1.534965627312400378e+06
2.237559498052791085e+00 1.534965627312400378e+06
2.243184768498485582e+00 1.534965627312400378e+06
2.248810038944180079e+00 1.527061409656315576e+06
2.254435309389874575e+00 1.527061409656315576e+06
2.260060579835569072e+00 1.519197894316714490e+06
2.265685850281263569e+00 1.511374871699348092e+06
2.271311120726958066e+00 1.511374871699348092e+06
2.276936391172652563e+00 1.511374871699348092e+06
2.282561661618347060e+00 1.503592133289257064e+06
2.288186932064041557e+00 1.503592133289257064e+06
2.293812202509736053e+00 1.495849471645224839e+06
2.299437472955430550e+00 1.495849471645224839e+06
2.305062743401125047e+00 1.488146680394240655e+06
2.310688013846819544e+00 1.488146680394240655e+06
2.316313284292514041e+00 1.480483554225994274e+06
2.321938554738208538e+00 1.472859888887412380e+06
2.327563825183903035e+00 1.472859888887412380e+06
2.333189095629597531e+00 1.465275481177207548e+06
2.338814366075292028e+00 1.465275481177207548e+06
2.344439636520986525e+00 1.465275481177207548e+06
2.350064906966681022e+00 1.457730128940475173e+06
2.355690177412375519e+00 1.450223631063283654e+06
2.361315447858070016e+00 1.450223631063283654e+06
2.366940718303764513e+00 1.450223631063283654e+06
2.372565988749459009e+00 1.442755787467337679e+06
2.378191259195153506e+00 1.435326399104625685e+06
2.383816529640848003e+00 1.435326399104625685e+06
2.389441800086542500e+00 1.435326399104625685e+06
2.395067070532236997e+00 1.427935267952124355e+06
2.400692340977931494e+00 1.427935267952124355e+06
2.406317611423625991e+00 1.420582197006516159e+06
2.411942881869320487e+00 1.413266990278946934e+06
2.417568152315014984e+00 1.413266990278946934e+06
2.423193422760709481e+00 1.413266990278946934e+06
2.428818693206403978e+00 1.405989452789795818e+06
2.434443963652098475e+00 1.398749390563471941e+06
2.440069234097792972e+00 1.398749390563471941e+06
2.445694504543487469e+00 1.391546610623253975e+06
2.451319774989181965e+00 1.391546610623253975e+06
2.456945045434876462e+00 1.384380920986140613e+06
2.462570315880570959e+00 1.384380920986140613e+06
2.468195586326265456e+00 1.384380920986140613e+06
2.473820856771959953e+00 1.377252130657744128e+06
2.479446127217654450e+00 1.377252130657744128e+06
2.485071397663348947e+00 1.370160049627180444e+06
2.490696668109043443e+00 1.363104488862026716e+06
2.496321938554737940e+00 1.363104488862026716e+06
2.501947209000432437e+00 1.356085260303263087e+06
2.507572479446127378e+00 1.356085260303263087e+06
2.513197749891821431e+00 1.349102176860272186e+06
2.518823020337515928e+00 1.349102176860272186e+06
2.524448290783210425e+00 1.342155052405845840e+06
2.530073561228904921e+00 1.335243701771233464e+06
2.535698831674599862e+00 1.335243701771233464e+06
2.541324102120294359e+00 1.328367940741199534e+06
2.546949372565988856e+00 1.328367940741199534e+06
2.552574643011682909e+00 1.321527586049109232e+06
2.558199913457377406e+00 1.321527586049109232e+06
2.563825183903072347e+00 1.314722455372051802e+06
2.569450454348766844e+00 1.314722455372051802e+06
2.575075724794461340e+00 1.307952367325974628e+06
2.580700995240155837e+00 1.307952367325974628e+06
2.586326265685849890e+00 1.307952367325974628e+06
2.591951536131544831e+00 1.301217141460860381e+06
2.597576806577239328e+00 1.301217141460860381e+06
2.603202077022933825e+00 1.294516598255897872e+06
2.608827347468628322e+00 1.287850559114718344e+06
2.614452617914322818e+00 1.287850559114718344e+06
2.620077888360017315e+00 1.281218846360618249e+06
2.625703158805711368e+00 1.281218846360618249e+06
2.631328429251405865e+00 1.281218846360618249e+06
2.636953699697101250e+00 1.274621283231830923e+06
2.642578970142795747e+00 1.274621283231830923e+06
2.648204240588489800e+00 1.268057693876812700e+06
2.653829511034184296e+00 1.268057693876812700e+06
2.659454781479878793e+00 1.261527903349562548e+06
2.665080051925573290e+00 1.261527903349562548e+06
2.670705322371267787e+00 1.255031737604953349e+06
2.676330592816962284e+00 1.248569023494088789e+06
2.681955863262656781e+00 1.248569023494088789e+06
2.687581133708351278e+00 1.242139588759695180e+06
2.693206404154046218e+00 1.242139588759695180e+06
2.698831674599740715e+00 1.235743262031525373e+06
2.704456945045435212e+00 1.229379872821798781e+06
2.710082215491129709e+00 1.229379872821798781e+06
2.715707485936824206e+00 1.223049251520650927e+06
2.721332756382518259e+00 1.223049251520650927e+06
2.726958026828212756e+00 1.223049251520650927e+06
2.732583297273907252e+00 1.216751229391610017e+06
2.738208567719601749e+00 1.210485638567104470e+06
2.743833838165296246e+00 1.210485638567104470e+06
2.749459108610991187e+00 1.204252312043984886e+06
2.755084379056685684e+00 1.204252312043984886e+06
2.760709649502380181e+00 1.198051083679083269e+06
2.766334919948074678e+00 1.198051083679083269e+06
2.771960190393769174e+00 1.191881788184765261e+06
2.777585460839463671e+00 1.185744261124545941e+06
2.783210731285158168e+00 1.185744261124545941e+06
2.788836001730852665e+00 1.185744261124545941e+06
2.794461272176546718e+00 1.179638338908690261e+06
2.800086542622241215e+00 1.173563858789860271e+06
2.805711813067936156e+00 1.173563858789860271e+06
2.811337083513630652e+00 1.173563858789860271e+06
2.816962353959325149e+00 1.167520658858774463e+06
2.822587624405019646e+00 1.161508578039898304e+06
2.828212894850714143e+00 1.155527456087147119e+06
2.833838165296408640e+00 1.155527456087147119e+06
2.839463435742103137e+00 1.155527456087147119e+06
2.845088706187797634e+00 1.149577133579608519e+06
2.850713976633492130e+00 1.143657451917302562e+06
2.856339247079186627e+00 1.143657451917302562e+06
2.861964517524881124e+00 1.137768253316947492e+06
2.867589787970575621e+00 1.131909380807765061e+06
2.873215058416270118e+00 1.131909380807765061e+06
2.878840328861964615e+00 1.126080678227279801e+06
2.884465599307659112e+00 1.126080678227279801e+06
2.890090869753353608e+00 1.120281990217174403e+06
2.895716140199048105e+00 1.114513162219134858e+06
2.901341410644742602e+00 1.114513162219134858e+06
2.906966681090437099e+00 1.114513162219134858e+06
2.912591951536131596e+00 1.108774040470737033e+06
2.918217221981826093e+00 1.108774040470737033e+06
2.923842492427520590e+00 1.103064472001346759e+06
2.929467762873215086e+00 1.097384304628047161e+06
2.935093033318909583e+00 1.091733386951578548e+06
2.940718303764604080e+00 1.091733386951578548e+06
2.946343574210298577e+00 1.086111568352298811e+06
2.951968844655993074e+00 1.080518698986175237e+06
2.957594115101687571e+00 1.080518698986175237e+06
2.963219385547382068e+00 1.080518698986175237e+06
2.968844655993076564e+00 1.074954629780786112e+06
2.974469926438771061e+00 1.069419212431356311e+06
2.980095196884465558e+00 1.069419212431356311e+06
2.985720467330160055e+00 1.063912299396789167e+06
2.991345737775854552e+00 1.058433743895750260e+06
2.996971008221549049e+00 1.058433743895750260e+06
3.002596278667243546e+00 1.052983399902741658e+06
3.008221549112938042e+00 1.047561122144217137e+06
3.013846819558632539e+00 1.047561122144217137e+06
3.019472090004327036e+00 1.042166766094706487e+06
3.025097360450021533e+00 1.036800187972969026e+06
3.030722630895716030e+00 1.036800187972969026e+06
3.036347901341410971e+00 1.031461244738157489e+06
3.041973171787105468e+00 1.026149794086000649e+06
3.047598442232799520e+00 1.020865694445017842e+06
3.053223712678494017e+00 1.020865694445017842e+06
3.058848983124188514e+00 1.015608804972740123e+06
3.064474253569883011e+00 1.010378985551962978e+06
3.070099524015577508e+00 1.005176096787007176e+06
3.075724794461272005e+00 1.000000000000000000e+06
3.081350064906966502e+00 1.000000000000000000e+06
3.086975335352660998e+00 1.000000000000000000e+06
3.092600605798355939e+00 9.948505572271830169e+05
3.098225876244050436e+00 9.897276312152375467e+05
3.103851146689744933e+00 9.846310854176188586e+05
3.109476417135439430e+00 9.795607839909242466e+05
3.115101687581133927e+00 9.795607839909242466e+05
3.120726958026827980e+00 9.745165917912670411e+05
3.126352228472522476e+00 9.694983743706783280e+05
3.131977498918216973e+00 9.694983743706783280e+05
3.137602769363911470e+00 9.645059979735175148e+05
3.143228039809605967e+00 9.595393295329140965e+05
3.148853310255300908e+00 9.545982366672171047e+05
3.154478580700995405e+00 9.496825876764681889e+05
3.160103851146689902e+00 9.447922515388875036e+05
3.165729121592384399e+00 9.447922515388875036e+05
3.171354392038078895e+00 9.399270979073869530e+05
3.176979662483773392e+00 9.350869971060930984e+05
3.182604932929467889e+00 9.302718201268907869e+05
3.188230203375162386e+00 9.302718201268907869e+05
3.193855473820856439e+00 9.254814386259829625e+05
3.199480744266550936e+00 9.207157249204742257e+05
3.205106014712245877e+00 9.159745519849635893e+05
3.210731285157940373e+00 9.112577934481611010e+05
3.216356555603634870e+00 9.112577934481611010e+05
3.221981826049329367e+00 9.112577934481611010e+05
3.227607096495023864e+00 9.065653235895164544e+05
3.233232366940718361e+00 9.018970173358719330e+05
3.238857637386412858e+00 8.972527502581273438e+05
3.244482907832107355e+00 8.926323985679204343e+05
3.250108178277801851e+00 8.926323985679204343e+05
3.255733448723496348e+00 8.880358391143325716e+05
3.261358719169190845e+00 8.834629493806026876e+05
3.266983989614885342e+00 8.789136074808640406e+05
3.272609260060579839e+00 8.743876921568912221e+05
3.278234530506274336e+00 8.698850827748738229e+05
3.283859800951968833e+00 8.654056593221974326e+05
3.289485071397663329e+00 8.609493024042467587e+05
3.295110341843357826e+00 8.609493024042467587e+05
3.300735612289052323e+00 8.565158932412192225e+05
3.306360882734746820e+00 8.521053136649654480e+05
3.311986153180441317e+00 8.477174461158344056e+05
3.317611423626135814e+00 8.433521736395431217e+05
3.323236694071830755e+00 8.390093798840554664e+05
3.328861964517524807e+00 8.346889490964858560e+05
3.334487234963219304e+00 8.303907661200115690e+05
3.340112505408913801e+00 8.303907661200115690e+05
3.345737775854608298e+00 8.261147163908010116e+05
3.351363046300302795e+00 8.218606859349645674e+05
3.356988316745997292e+00 8.176285613655142952e+05
3.362613587191691789e+00 8.134182298793427180e+05
3.368238857637386285e+00 8.092295792542130221e+05
3.373864128083080782e+00 8.050624978457725374e+05
3.379489398528775723e+00 8.009168745845746016e+05
3.385114668974470220e+00 8.009168745845746016e+05
3.390739939420164717e+00 7.967925989731188165e+05
3.396365209865859214e+00 7.926895610829025973e+05
3.401990480311553267e+00 7.886076515514967032e+05
3.407615750757247763e+00 7.845467615796267055e+05
3.413241021202942260e+00 7.845467615796267055e+05
3.418866291648636757e+00 7.764876079157895874e+05
3.424491562094331254e+00 7.724891294150257017e+05
3.430116832540025751e+00 7.724891294150257017e+05
3.435742102985720692e+00 7.685112408504798077e+05
3.441367373431415189e+00 7.645538361954544671e+05
3.446992643877109685e+00 7.606168099692282267e+05
3.452617914322804182e+00 7.567000572342490777e+05
3.458243184768498679e+00 7.528034735933347838e+05
3.463868455214193176e+00 7.489269551868879935e+05
3.469493725659887673e+00 7.450703986901330063e+05
3.475118996105581726e+00 7.412337013103582431e+05
3.480744266551276223e+00 7.374167607841779245e+05
3.486369536996970719e+00 7.336194753748037620e+05
3.491994807442665660e+00 7.298417438693371369e+05
3.497620077888360157e+00 7.298417438693371369e+05
3.503245348334054654e+00 7.260834655760689639e+05
3.508870618779749151e+00 7.223445403217972489e+05
3.514495889225443648e+00 7.186248684491532622e+05
3.520121159671138145e+00 7.149243508139512269e+05
3.525746430116832641e+00 7.149243508139512269e+05
3.531371700562527138e+00 7.075803842291833134e+05
3.536996971008221635e+00 7.039367395334272878e+05
3.542622241453916132e+00 7.039367395334272878e+05
3.548247511899610185e+00 7.003118575775165809e+05
3.553872782345305126e+00 7.003118575775165809e+05
3.559498052790999623e+00 6.967056417437966447e+05
3.565123323236694119e+00 6.931179959121382562e+05
3.570748593682388616e+00 6.895488244573791744e+05
3.576373864128083113e+00 6.859980322467726655e+05
3.581999134573777610e+00 6.824655246374534909e+05
3.587624405019472107e+00 6.789512074739123927e+05
3.593249675465166604e+00 6.754549870854903711e+05
3.598874945910861101e+00 6.754549870854903711e+05
3.604500216356555597e+00 6.719767702838798286e+05
3.610125486802250094e+00 6.650739770847301697e+05
3.615750757247944591e+00 6.616492167000425979e+05
3.621376027693639088e+00 6.582420919229665305e+05
3.627001298139333585e+00 6.548525119399505202e+05
3.632626568585028082e+00 6.548525119399505202e+05
3.638251839030722579e+00 6.481256254376745783e+05
3.643877109476417075e+00 6.447881396198871080e+05
3.649502379922111572e+00 6.414678399943240220e+05
3.655127650367806069e+00 6.381646380616707029e+05
3.660752920813500566e+00 6.348784457783366088e+05
3.666378191259195507e+00 6.348784457783366088e+05
3.672003461704889560e+00 6.316091755541067105e+05
3.677628732150584057e+00 6.283567402498046868e+05
3.683254002596278553e+00 6.219020280855668243e+05
3.688879273041973050e+00 6.186995791816420387e+05
3.694504543487667547e+00 6.186995791816420387e+05
3.700129813933362044e+00 6.123440689373102505e+05
3.705755084379056541e+00 6.091908381970436312e+05
3.711380354824751038e+00 6.060538448380242335e+05
3.717005625270445535e+00 6.029330052467851201e+05
3.722630895716140476e+00 5.998282362404240994e+05
3.728256166161834972e+00 5.967394550643842667e+05
3.733881436607529469e+00 5.936665793902488658e+05
3.739506707053223966e+00 5.875682173515631584e+05
3.745131977498918019e+00 5.845425684411858674e+05
3.750757247944612516e+00 5.845425684411858674e+05
3.756382518390307013e+00 5.815324999367224518e+05
3.762007788836001509e+00 5.755587836370469304e+05
3.767633059281696006e+00 5.725949766183163738e+05
3.773258329727390503e+00 5.696464315542179393e+05
3.778883600173085444e+00 5.667130698541901074e+05
3.784508870618779941e+00 5.637948133323685033e+05
3.790134141064474438e+00 5.608915842055028770e+05
3.795759411510168935e+00 5.580033050908820005e+05
3.801384681955863432e+00 5.551298990042736987e+05
3.807009952401557928e+00 5.494273999582539545e+05
3.812635222847252425e+00 5.465981550043512834e+05
3.818260493292946478e+00 5.437834790854289895e+05
3.823885763738640975e+00 5.409832971790753072e+05
3.829511034184335472e+00 5.354261172440550290e+05
3.835136304630030413e+00 5.326689710942351958e+05
3.840761575075724910e+00 5.271971989829551894e+05
3.846386845521419406e+00 5.244824271768030012e+05
3.852012115967113903e+00 5.217816349327079370e+05
3.857637386412808400e+00 5.164217015535627725e+05
3.863262656858502897e+00 5.111168273867495591e+05
3.868887927304197394e+00 5.084848605338982306e+05
3.874513197749891891e+00 5.032615165250250138e+05
3.880138468195586388e+00 5.006700001459183404e+05
3.885763738641280884e+00 4.980918286321010673e+05
3.891389009086974937e+00 4.955269332649523858e+05
3.897014279532669878e+00 4.904366978636723361e+05
3.902639549978364375e+00 4.853987512376350351e+05
3.908264820424058872e+00 4.804125562572588678e+05
3.913890090869753369e+00 4.754775813105534180e+05
3.919515361315447866e+00 4.730291367158372886e+05
3.925140631761142362e+00 4.681700069775544107e+05
3.930765902206836859e+00 4.633607920119155897e+05
3.936391172652531356e+00 4.609747421302835573e+05
3.942016443098225853e+00 4.586009790759695461e+05
3.947641713543920350e+00 4.538900606938475976e+05
3.953266983989614847e+00 4.469142631212521228e+05
3.958892254435309344e+00 4.446129036989539745e+05
3.964517524881003840e+00 4.400456759856938152e+05
3.970142795326698337e+00 4.377796859597798903e+05
3.975768065772392834e+00 4.332826515791235724e+05
3.981393336218087331e+00 4.288318123940625810e+05
3.987018606663781828e+00 4.222411328991705668e+05
3.992643877109476325e+00 4.200668263489768724e+05
3.998269147555170822e+00 4.136108551759275724e+05
4.003894418000864874e+00 4.093620919381794520e+05
4.009519688446560259e+00 4.051569735632882221e+05
4.015144958892254756e+00 3.989301506441379897e+05
4.020770229337949253e+00 3.948321930173605215e+05
4.026395499783642862e+00 3.907763311225892976e+05
4.032020770229337359e+00 3.847705230687499279e+05
4.037646040675031855e+00 3.827891692795405397e+05
4.043271311120726352e+00 3.769061152338226675e+05
4.048896581566420849e+00 3.730343966209086939e+05
4.054521852012115346e+00 3.692024497294169851e+05
4.060147122457809843e+00 3.616562411083174520e+05
4.065772392903505228e+00 3.597939129912980716e+05
4.071397663349199725e+00 3.524400074849182856e+05
4.077022933794894222e+00 3.488196137535287417e+05
4.082648204240588719e+00 3.452364100416941219e+05
4.088273474686283215e+00 3.399305011450350867e+05
4.093898745131977712e+00 3.347061383089910378e+05
4.099524015577671321e+00 3.295620682591215591e+05
4.105149286023365818e+00 3.261766851564944373e+05
4.110774556469060315e+00 3.211637035435601138e+05
4.116399826914754811e+00 3.162277660168379662e+05
4.122025097360450197e+00 3.113676884923479520e+05
4.127650367806144693e+00 3.065823050841956283e+05
4.133275638251839190e+00 3.018704678248868440e+05
4.138900908697533687e+00 2.987695430541607784e+05
4.144526179143228184e+00 2.926629278267439804e+05
4.150151449588922681e+00 2.881650162875451497e+05
4.155776720034617178e+00 2.837362327665914199e+05
4.161401990480311675e+00 2.793755148412748240e+05
4.167027260926006171e+00 2.736652983457871596e+05
4.172652531371699780e+00 2.680717941987094819e+05
4.178277801817394277e+00 2.625926168911418063e+05
4.183903072263089662e+00 2.572254296721153078e+05
4.189528342708784159e+00 2.506704490461140813e+05
4.195153613154478656e+00 2.442825116672055738e+05
4.200778883600173153e+00 2.392895686439999845e+05
4.206404154045867649e+00 2.319908478042188508e+05
4.212029424491562146e+00 2.272491367538197665e+05
4.217654694937256643e+00 2.214580542368400493e+05
4.223279965382951140e+00 2.147032235739099269e+05
4.228905235828645637e+00 2.081544262270497857e+05
4.234530506274340134e+00 2.018053778451860708e+05
4.240155776720034631e+00 1.966626890228396223e+05
4.245781047165729127e+00 1.906641573070092709e+05
4.251406317611422736e+00 1.867671314106228820e+05
4.257031588057118121e+00 1.810704302884737554e+05
4.262656858502811730e+00 1.746435160688784090e+05
4.268282128948507115e+00 1.693166049231570796e+05
4.273907399394202500e+00 1.641521732269631757e+05
4.279532669839896108e+00 1.583257556577936630e+05
4.285157940285591494e+00 1.534965627312401775e+05
4.290783210731285102e+00 1.488146680394242285e+05
4.296408481176979599e+00 1.457730128940475115e+05
4.302033751622674096e+00 1.405989452789797215e+05
4.307659022068368593e+00 1.356085260303261748e+05
4.313284292514063090e+00 1.321527586049109232e+05
4.318909562959757586e+00 1.274621283231829439e+05
4.324534833405452972e+00 1.235743262031525519e+05
4.330160103851146580e+00 1.191881788184766192e+05
4.335785374296841965e+00 1.143657451917301369e+05
4.341410644742535574e+00 1.103064472001346730e+05
4.347035915188230959e+00 1.074954629780786054e+05
4.352661185633924568e+00 1.031461244738157402e+05
4.358286456079619953e+00 9.948505572271840356e+04
4.363911726525313561e+00 9.694983743706783571e+04
4.369536996971008058e+00 9.350869971060930402e+04
4.375162267416702555e+00 8.972527502581264707e+04
4.380787537862397052e+00 8.654056593221983348e+04
4.386412808308092437e+00 8.346889490964858851e+04
4.392038078753786046e+00 8.050624978457725956e+04
4.397663349199481431e+00 7.805067829282734601e+04
4.403288619645175039e+00 7.528034735933347838e+04
4.408913890090870424e+00 7.298417438693372242e+04
4.414539160536564033e+00 7.039367395334273169e+04
4.420164430982259418e+00 6.754549870854904293e+04
4.425789701427953027e+00 6.548525119399505638e+04
4.431414971873648412e+00 6.283567402498047159e+04
4.437040242319342909e+00 6.091908381970442861e+04
4.442665512765036517e+00 5.815324999367223791e+04
4.448290783210731902e+00 5.637948133323684306e+04
4.453916053656425511e+00 5.437834790854289895e+04
4.459541324102120896e+00 5.299260227107306127e+04
4.465166594547814505e+00 5.111168273867495736e+04
4.470791864993509890e+00 4.879112221543340274e+04
4.476417135439203498e+00 4.779386992914693838e+04
4.482042405884898884e+00 4.609747421302835573e+04
4.487667676330592492e+00 4.423233949953002593e+04
4.493292946776287877e+00 4.332826515791235579e+04
4.498918217221982374e+00 4.136108551759275724e+04
4.504543487667676871e+00 4.051569735632886295e+04
4.510168758113371368e+00 3.887640507685024932e+04
4.515794028559064976e+00 3.788570177658882312e+04
4.521419299004760362e+00 3.654098660095583182e+04
4.527044569450453970e+00 3.542642710752741550e+04
4.532669839896149355e+00 3.452364100416937436e+04
4.538295110341842964e+00 3.347061383089910669e+04
4.543920380787538349e+00 3.244970569824542326e+04
4.549545651233231958e+00 3.145993692325587836e+04
4.555170921678927343e+00 3.081692047684952195e+04
4.560796192124621840e+00 2.972310463899427123e+04
4.566421462570316336e+00 2.911558768281750599e+04
4.572046733016010833e+00 2.808215895460135289e+04
4.577672003461705330e+00 2.736652983457875234e+04
4.583297273907399827e+00 2.666913738354771340e+04
4.588922544353093436e+00 2.598951686902798974e+04
4.594547814798788821e+00 2.506704490461140813e+04
4.600173085244482429e+00 2.442825116672055810e+04
4.605798355690177814e+00 2.368314979485420918e+04
4.611423626135872311e+00 2.307962242096337286e+04
4.617048896581566808e+00 2.249147498150656247e+04
4.622674167027261305e+00 2.203176686599680397e+04
4.628299437472955802e+00 2.124977128820814323e+04
4.633924707918650299e+00 2.070825469212852113e+04
4.639549978364344796e+00 2.028499420130515136e+04
4.645175248810039292e+00 1.976806341356151461e+04
4.650800519255733789e+00 1.926430578409762893e+04
4.656425789701428286e+00 1.867671314106228965e+04
4.662051060147121895e+00 1.829497576683257284e+04
4.667676330592817280e+00 1.773694926509513607e+04
4.673301601038511777e+00 1.719594347880491114e+04
4.678926871484206274e+00 1.684447187556176141e+04
4.684552141929900770e+00 1.641521732269630229e+04
4.690177412375595267e+00 1.591452650929546144e+04
4.695802682821289764e+00 1.550897013381038414e+04
4.701427953266984261e+00 1.511374871699346477e+04
4.707053223712678758e+00 1.465275481177207621e+04
4.712678494158373255e+00 1.435326399104625671e+04
4.718303764604067752e+00 1.398749390563471934e+04
4.723929035049762248e+00 1.356085260303263203e+04
4.729554305495456745e+00 1.321527586049109232e+04
4.735179575941151242e+00 1.287850559114718635e+04
4.740804846386845739e+00 1.248569023494088833e+04
4.746430116832540236e+00 1.223049251520651160e+04
4.752055387278234733e+00 1.191881788184766265e+04
4.757680657723929230e+00 1.173563858789859114e+04
4.763305928169623726e+00 1.143657451917301478e+04
4.768931198615318223e+00 1.120281990217174462e+04
4.774556469061012720e+00 1.091733386951578541e+04
4.780181739506707217e+00 1.074954629780786127e+04
4.785807009952401714e+00 1.047561122144215005e+04
4.791432280398096211e+00 1.026149794086000657e+04
4.797057550843790708e+00 1.010378985551964979e+04
4.802682821289485204e+00 9.846310854176190333e+03
4.808308091735179701e+00 9.694983743706778114e+03
4.813933362180874198e+00 9.496825876764682107e+03
4.819558632626568695e+00 9.302718201268908160e+03
4.825183903072263192e+00 9.112577934481612829e+03
4.830809173517957689e+00 8.926323985679204270e+03
4.836434443963652186e+00 8.743876921568911712e+03
4.842059714409346682e+00 8.565158932412192371e+03
4.847684984855041179e+00 8.390093798840554882e+03
4.853310255300735676e+00 8.218606859349645674e+03
4.858935525746430173e+00 8.092295792542129675e+03
4.864560796192124670e+00 7.926895610829025827e+03
4.870186066637819167e+00 7.764876079157896129e+03
4.875811337083513664e+00 7.606168099692281430e+03
4.881436607529208160e+00 7.450703986901329699e+03
4.887061877974902657e+00 7.298417438693371878e+03
4.892687148420597154e+00 7.149243508139511505e+03
4.898312418866291651e+00 7.003118575775165482e+03
4.903937689311986148e+00 6.895488244573791235e+03
4.909562959757680645e+00 6.754549870854904839e+03
4.915188230203375142e+00 6.616492167000425979e+03
4.920813500649069638e+00 6.481256254376745346e+03
4.926438771094764135e+00 6.348784457783366634e+03
4.932064041540458632e+00 6.219020280855668716e+03
4.937689311986153129e+00 6.091908381970440132e+03
4.943314582431847626e+00 5.967394550643846742e+03
4.948939852877542123e+00 5.845425684411854490e+03
4.954565123323236620e+00 5.725949766183161046e+03
4.960190393768931116e+00 5.608915842055029316e+03
4.965815664214625613e+00 5.494273999582539545e+03
4.971440934660320110e+00 5.381975346492022254e+03
4.977066205106014607e+00 5.271971989829551603e+03
4.982691475551709104e+00 5.164217015535627979e+03
4.988316745997403601e+00 5.058664468437351388e+03
4.993942016443098098e+00 4.929752456797149534e+03
4.999567286888792594e+00 4.853987512376350423e+03
5.005192557334487091e+00 4.730291367158371941e+03
5.010817827780182476e+00 4.633607920119158734e+03
5.016443098225876085e+00 4.538900606938478631e+03
5.022068368671570582e+00 4.446129036989537781e+03
5.027693639117265079e+00 4.332826515791235579e+03
5.033318909562959576e+00 4.266235675169763454e+03
