12 13 14
12 15 16
17 18 19
17 20 21
22 23 24
22 25 26
27 28 29
27 30 31
32 33 34
32 35 36
37 38 39
37 40 41
35 25 13
16 29 36
14 24 39
38 30 15
19 26 34
33 28 20
40 23 18
21 31 41
1 12 14
12 0 13
14 13 4
0 12 16
12 1 15
16 15 6
2 17 19
17 3 18
19 18 5
3 17 21
17 2 20
21 20 7
4 22 24
22 5 23
24 23 10
5 22 26
22 4 25
26 25 8
6 27 29
27 7 28
29 28 9
7 27 31
27 6 30
31 30 11
8 32 34
32 9 33
34 33 2
9 32 36
32 8 35
36 35 0
10 37 39
37 11 38
39 38 1
11 37 41
37 10 40
41 40 3
0 35 13
35 8 25
13 25 4
0 16 36
16 6 29
36 29 9
1 14 39
14 4 24
39 24 10
1 38 15
38 11 30
15 30 6
2 19 34
19 5 26
34 26 8
2 33 20
33 9 28
20 28 7
3 40 18
40 10 23
18 23 5
3 21 41
21 7 31
41 31 11
