642 643 644
645 646 647
648 649 650
651 652 653
654 655 656
657 658 659
660 661 662
663 664 665
666 667 668
669 670 671
672 673 674
675 676 677
678 679 680
681 682 683
684 685 686
687 688 689
690 691 692
693 694 695
696 697 698
699 700 701
702 703 704
705 706 707
708 709 710
711 712 713
714 715 716
717 718 719
720 721 722
723 724 725
726 727 728
729 730 731
732 733 734
735 736 737
738 739 740
741 742 743
744 745 746
747 748 749
750 751 752
753 754 755
756 757 758
759 760 761
762 763 764
765 766 767
768 769 770
771 772 773
774 775 776
777 778 779
780 781 782
783 784 785
786 787 788
789 790 791
792 793 794
795 796 797
798 799 800
801 802 803
804 805 806
807 808 809
810 811 812
813 814 815
816 817 818
819 820 821
822 823 824
825 826 827
828 829 830
831 832 833
834 835 836
837 838 839
840 841 842
843 844 845
846 847 848
849 850 851
852 853 854
855 856 857
858 859 860
861 862 863
864 865 866
867 868 869
870 871 872
873 874 875
876 877 878
879 880 881
882 883 884
885 886 887
888 889 890
891 892 893
894 895 896
897 898 899
900 901 902
903 904 905
906 907 908
909 910 911
912 913 914
915 916 917
918 919 920
921 922 923
924 925 926
927 928 929
930 931 932
933 934 935
936 937 938
939 940 941
942 943 944
945 946 947
948 949 950
951 952 953
954 955 956
957 958 959
960 961 962
963 964 965
966 967 968
969 970 971
972 973 974
975 976 977
978 979 980
981 982 983
984 985 986
987 988 989
990 991 992
993 994 995
996 997 998
999 1000 1001
1002 1003 1004
1005 1006 1007
1008 1009 1010
1011 1012 1013
1014 1015 1016
1017 1018 1019
1020 1021 1022
1023 1024 1025
1026 1027 1028
1029 1030 1031
1032 1033 1034
1035 1036 1037
1038 1039 1040
1041 1042 1043
1044 1045 1046
1047 1048 1049
1050 1051 1052
1053 1054 1055
1056 1057 1058
1059 1060 1061
1062 1063 1064
1065 1066 1067
1068 1069 1070
1071 1072 1073
1074 1075 1076
1077 1078 1079
1080 1081 1082
1083 1084 1085
1086 1087 1088
1089 1090 1091
1092 1093 1094
1095 1096 1097
1098 1099 1100
1101 1102 1103
1104 1105 1106
1107 1108 1109
1110 1111 1112
1113 1114 1115
1116 1117 1118
1119 1120 1121
1122 1123 1124
1125 1126 1127
1128 1129 1130
1131 1132 1133
1134 1135 1136
1137 1138 1139
1140 1141 1142
1143 1144 1145
1146 1147 1148
1149 1150 1151
1152 1153 1154
1155 1156 1157
1158 1159 1160
1161 1162 1163
1164 1165 1166
1167 1168 1169
1170 1171 1172
1173 1174 1175
1176 1177 1178
1179 1180 1181
1182 1183 1184
1185 1186 1187
1188 1189 1190
1191 1192 1193
1194 1195 1196
1197 1198 1199
1200 1201 1202
1203 1204 1205
1206 1207 1208
1209 1210 1211
1212 1213 1214
1215 1216 1217
1218 1219 1220
1221 1222 1223
1224 1225 1226
1227 1228 1229
1230 1231 1232
1233 1234 1235
1236 1237 1238
1239 1240 1241
1242 1243 1244
1245 1246 1247
1248 1249 1250
1251 1252 1253
1254 1255 1256
1257 1258 1259
1260 1261 1262
1263 1264 1265
1266 1267 1268
1269 1270 1271
1272 1273 1274
1275 1276 1277
1278 1279 1280
1281 1282 1283
1284 1285 1286
1287 1288 1289
1290 1291 1292
1293 1294 1295
1296 1297 1298
1299 1300 1301
1302 1303 1304
1305 1306 1307
1308 1309 1310
1311 1312 1313
1314 1315 1316
1317 1318 1319
1320 1321 1322
1323 1324 1325
1326 1327 1328
1329 1330 1331
1332 1333 1334
1335 1336 1337
1338 1339 1340
1341 1342 1343
1344 1345 1346
1347 1348 1349
1350 1351 1352
1353 1354 1355
1356 1357 1358
1359 1360 1361
1362 1363 1364
1365 1366 1367
1368 1369 1370
1371 1372 1373
1374 1375 1376
1377 1378 1379
1380 1381 1382
1383 1384 1385
1386 1387 1388
1389 1390 1391
1392 1393 1394
1395 1396 1397
1398 1399 1400
1401 1402 1403
1404 1405 1406
1407 1408 1409
1410 1411 1412
1413 1414 1415
1416 1417 1418
1419 1420 1421
1422 1423 1424
1425 1426 1427
1428 1429 1430
1431 1432 1433
1434 1435 1436
1437 1438 1439
1440 1441 1442
1443 1444 1445
1446 1447 1448
1449 1450 1451
1452 1453 1454
1455 1456 1457
1458 1459 1460
1461 1462 1463
1464 1465 1466
1467 1468 1469
1470 1471 1472
1473 1474 1475
1476 1477 1478
1479 1480 1481
1482 1483 1484
1485 1486 1487
1488 1489 1490
1491 1492 1493
1494 1495 1496
1497 1498 1499
1500 1501 1502
1503 1504 1505
1506 1507 1508
1509 1510 1511
1512 1513 1514
1515 1516 1517
1518 1519 1520
1521 1522 1523
1524 1525 1526
1527 1528 1529
1530 1531 1532
1533 1534 1535
1536 1537 1538
1539 1540 1541
1542 1543 1544
1545 1546 1547
1548 1549 1550
1551 1552 1553
1554 1555 1556
1557 1558 1559
1560 1561 1562
1563 1564 1565
1566 1567 1568
1569 1570 1571
1572 1573 1574
1575 1576 1577
1578 1579 1580
1581 1582 1583
1584 1585 1586
1587 1588 1589
1590 1591 1592
1593 1594 1595
1596 1597 1598
1599 1600 1601
1602 644 1603
1604 1605 642
643 1606 1607
1608 647 1609
1610 1611 645
646 1612 1613
1614 650 1615
1616 1617 648
649 1618 1619
1620 653 1621
1622 1623 651
652 1624 1625
1626 656 1627
1628 1629 654
655 1630 1631
1632 659 1633
1634 1635 657
658 1636 1637
1638 662 1639
1640 1641 660
661 1642 1643
1644 665 1645
1646 1647 663
664 1648 1649
1650 668 1651
1652 1653 666
667 1654 1655
1656 671 1657
1658 1659 669
670 1660 1661
1662 674 1663
1664 1665 672
673 1666 1667
1668 677 1669
1670 1671 675
676 1672 1673
1674 680 1675
1676 1677 678
679 1678 1679
1680 683 1681
1682 1683 681
682 1684 1685
1686 686 1687
1688 1689 684
685 1690 1691
1692 689 1693
1694 1695 687
688 1696 1697
1698 692 1699
1700 1701 690
691 1702 1703
1704 695 1705
1706 1707 693
694 1708 1709
1710 698 1711
1712 1713 696
697 1714 1715
1716 701 1717
1718 1719 699
700 1720 1721
1722 704 1723
1724 1725 702
703 1726 1727
1728 707 1729
1730 1731 705
706 1732 1733
1734 710 1735
1736 1737 708
709 1738 1739
1740 713 1741
1742 1743 711
712 1744 1745
1746 716 1747
1748 1749 714
715 1750 1751
1752 719 1753
1754 1755 717
718 1756 1757
1758 722 1759
1760 1761 720
721 1762 1763
1764 725 1765
1766 1767 723
724 1768 1769
1770 728 1771
1772 1773 726
727 1774 1775
1776 731 1777
1778 1779 729
730 1780 1781
1782 734 1783
1784 1785 732
733 1786 1787
1788 737 1789
1790 1791 735
736 1792 1793
1794 740 1795
1796 1797 738
739 1798 1799
1800 743 1801
1802 1803 741
742 1804 1805
1806 746 1807
1808 1809 744
745 1810 1811
1812 749 1813
1814 1815 747
748 1816 1817
1818 752 1819
1820 1821 750
751 1822 1823
1824 755 1825
1826 1827 753
754 1828 1829
1830 758 1831
1832 1833 756
757 1834 1835
1836 761 1837
1838 1839 759
760 1840 1841
1842 764 1843
1844 1845 762
763 1846 1847
1848 767 1849
1850 1851 765
766 1852 1853
1854 770 1855
1856 1857 768
769 1858 1859
1860 773 1861
1862 1863 771
772 1864 1865
1866 776 1867
1868 1869 774
775 1870 1871
1872 779 1873
1874 1875 777
778 1876 1877
1878 782 1879
1880 1881 780
781 1882 1883
1884 785 1885
1886 1887 783
784 1888 1889
1890 788 1891
1892 1893 786
787 1894 1895
1896 791 1897
1898 1899 789
790 1900 1901
1902 794 1903
1904 1905 792
793 1906 1907
1908 797 1909
1910 1911 795
796 1912 1913
1914 800 1915
1916 1917 798
799 1918 1919
1920 803 1921
1922 1923 801
802 1924 1925
1926 806 1927
1928 1929 804
805 1930 1931
1932 809 1933
1934 1935 807
808 1936 1937
1938 812 1939
1940 1941 810
811 1942 1943
1944 815 1945
1946 1947 813
814 1948 1949
1950 818 1951
1952 1953 816
817 1954 1955
1956 821 1957
1958 1959 819
820 1960 1961
1962 824 1963
1964 1965 822
823 1966 1967
1968 827 1969
1970 1971 825
826 1972 1973
1974 830 1975
1976 1977 828
829 1978 1979
1980 833 1981
1982 1983 831
832 1984 1985
1986 836 1987
1988 1989 834
835 1990 1991
1992 839 1993
1994 1995 837
838 1996 1997
1998 842 1999
2000 2001 840
841 2002 2003
2004 845 2005
2006 2007 843
844 2008 2009
2010 848 2011
2012 2013 846
847 2014 2015
2016 851 2017
2018 2019 849
850 2020 2021
2022 854 2023
2024 2025 852
853 2026 2027
2028 857 2029
2030 2031 855
856 2032 2033
2034 860 2035
2036 2037 858
859 2038 2039
2040 863 2041
2042 2043 861
862 2044 2045
2046 866 2047
2048 2049 864
865 2050 2051
2052 869 2053
2054 2055 867
868 2056 2057
2058 872 2059
2060 2061 870
871 2062 2063
2064 875 2065
2066 2067 873
874 2068 2069
2070 878 2071
2072 2073 876
877 2074 2075
2076 881 2077
2078 2079 879
880 2080 2081
2082 884 2083
2084 1603 882
883 1607 2085
2086 887 1602
2087 2088 885
886 2089 1604
1606 890 2090
1605 2091 888
889 2092 2093
2094 893 2095
2096 1609 891
892 1613 2097
2098 896 1608
2099 2100 894
895 2101 1610
1612 899 2102
1611 2103 897
898 2104 2105
2106 902 2107
2108 1615 900
901 1619 2109
2110 905 1614
2111 2112 903
904 2113 1616
1618 908 2114
1617 2115 906
907 2116 2117
2118 911 2119
2120 1621 909
910 1625 2121
2122 914 1620
2123 2124 912
913 2125 1622
1624 917 2126
1623 2127 915
916 2128 2129
2130 920 2131
2132 1627 918
919 1631 2133
2134 923 1626
2135 2136 921
922 2137 1628
1630 926 2138
1629 2139 924
925 2140 2141
2142 929 2143
2144 1633 927
928 1637 2145
2146 932 1632
2147 2148 930
931 2149 1634
1636 935 2150
1635 2151 933
934 2152 2153
2154 938 2155
2156 1639 936
937 1643 2157
2158 941 1638
2159 2160 939
940 2161 1640
1642 944 2162
1641 2163 942
943 2164 2165
2166 947 2167
2168 1645 945
946 1649 2169
2170 950 1644
2171 2172 948
949 2173 1646
1648 953 2174
1647 2175 951
952 2176 2177
2178 956 2179
2180 1651 954
955 1655 2181
2182 959 1650
2183 2184 957
958 2185 1652
1654 962 2186
1653 2187 960
961 2188 2189
2190 965 2191
2192 1657 963
964 1661 2193
2194 968 1656
2195 2196 966
967 2197 1658
1660 971 2198
1659 2199 969
970 2200 2201
2202 974 2203
2204 1663 972
973 1667 2205
2206 977 1662
2207 2208 975
976 2209 1664
1666 980 2210
1665 2211 978
979 2212 2213
2214 983 2215
2216 1669 981
982 1673 2217
2218 986 1668
2219 2220 984
985 2221 1670
1672 989 2222
1671 2223 987
988 2224 2225
2226 992 2227
2228 1675 990
991 1679 2229
2230 995 1674
2231 2232 993
994 2233 1676
1678 998 2234
1677 2235 996
997 2236 2237
2238 1001 2239
2240 1681 999
1000 1685 2241
2242 1004 1680
2243 2244 1002
1003 2245 1682
1684 1007 2246
1683 2247 1005
1006 2248 2249
2250 1010 2251
2252 1687 1008
1009 1691 2253
2254 1013 1686
2255 2256 1011
1012 2257 1688
1690 1016 2258
1689 2259 1014
1015 2260 2261
2262 1019 2263
2264 1693 1017
1018 1697 2265
2266 1022 1692
2267 2268 1020
1021 2269 1694
1696 1025 2270
1695 2271 1023
1024 2272 2273
2274 1028 2275
2276 1699 1026
1027 1703 2277
2278 1031 1698
2279 2280 1029
1030 2281 1700
1702 1034 2282
1701 2283 1032
1033 2284 2285
2286 1037 2287
2288 1705 1035
1036 1709 2289
2290 1040 1704
2291 2292 1038
1039 2293 1706
1708 1043 2294
1707 2295 1041
1042 2296 2297
2298 1046 2299
2300 1711 1044
1045 1715 2301
2302 1049 1710
2303 2304 1047
1048 2305 1712
1714 1052 2306
1713 2307 1050
1051 2308 2309
2310 1055 2311
2312 1717 1053
1054 1721 2313
2314 1058 1716
2315 2316 1056
1057 2317 1718
1720 1061 2318
1719 2319 1059
1060 2320 2321
2322 1064 2323
2324 1723 1062
1063 1727 2325
2326 1067 1722
2327 2083 1065
1066 2085 1724
1726 1070 2328
1725 2090 1068
1069 2093 2329
2330 1073 2082
2331 1729 1071
1072 1733 2084
2332 1076 1728
2333 2334 1074
1075 2335 1730
1732 1079 2086
1731 2336 1077
1078 2337 2087
2092 1082 2338
2091 1735 1080
1081 1739 2339
2089 1085 1734
2088 2340 1083
1084 2341 1736
1738 1088 2342
1737 2343 1086
1087 2344 2345
2333 1091 2346
2332 1741 1089
1090 1745 2347
2331 1094 1740
2330 2095 1092
1093 2097 1742
1744 1097 2348
1743 2102 1095
1096 2105 2349
2327 1100 2094
2326 1747 1098
1099 1751 2096
2324 1103 1746
2322 2350 1101
1102 2351 1748
1750 1106 2098
1749 2352 1104
1105 2353 2099
2104 1109 2354
2103 1753 1107
1108 1757 2355
2101 1112 1752
2100 2356 1110
1111 2357 1754
1756 1115 2358
1755 2359 1113
1114 2360 2361
2362 1118 2363
2364 1759 1116
1117 1763 2365
2366 1121 1758
2367 2107 1119
1120 2109 1760
1762 1124 2368
1761 2114 1122
1123 2117 2369
2370 1127 2106
2371 1765 1125
1126 1769 2108
2372 1130 1764
2373 2374 1128
1129 2375 1766
1768 1133 2110
1767 2376 1131
1132 2377 2111
2116 1136 2378
2115 1771 1134
1135 1775 2379
2113 1139 1770
2112 2380 1137
1138 2381 1772
1774 1142 2382
1773 2383 1140
1141 2384 2385
2373 1145 2386
2372 1777 1143
1144 1781 2387
2371 1148 1776
2370 2119 1146
1147 2121 1778
1780 1151 2388
1779 2126 1149
1150 2129 2389
2367 1154 2118
2366 1783 1152
1153 1787 2120
2364 1157 1782
2362 2390 1155
1156 2391 1784
1786 1160 2122
1785 2392 1158
1159 2393 2123
2128 1163 2394
2127 1789 1161
1162 1793 2395
2125 1166 1788
2124 2396 1164
1165 2397 1790
1792 1169 2398
1791 2399 1167
1168 2400 2401
2402 1172 2403
2404 1795 1170
1171 1799 2405
2406 1175 1794
2407 2131 1173
1174 2133 1796
1798 1178 2408
1797 2138 1176
1177 2141 2409
2410 1181 2130
2411 1801 1179
1180 1805 2132
2412 1184 1800
2413 2414 1182
1183 2415 1802
1804 1187 2134
1803 2416 1185
1186 2417 2135
2140 1190 2418
2139 1807 1188
1189 1811 2419
2137 1193 1806
2136 2420 1191
1192 2421 1808
1810 1196 2422
1809 2423 1194
1195 2424 2425
2413 1199 2426
2412 1813 1197
1198 1817 2427
2411 1202 1812
2410 2143 1200
1201 2145 1814
1816 1205 2428
1815 2150 1203
1204 2153 2429
2407 1208 2142
2406 1819 1206
1207 1823 2144
2404 1211 1818
2402 2430 1209
1210 2431 1820
1822 1214 2146
1821 2432 1212
1213 2433 2147
2152 1217 2434
2151 1825 1215
1216 1829 2435
2149 1220 1824
2148 2436 1218
1219 2437 1826
1828 1223 2438
1827 2439 1221
1222 2440 2441
2442 1226 2443
2444 1831 1224
1225 1835 2445
2446 1229 1830
2447 2155 1227
1228 2157 1832
1834 1232 2448
1833 2162 1230
1231 2165 2449
2450 1235 2154
2451 1837 1233
1234 1841 2156
2452 1238 1836
2453 2454 1236
1237 2455 1838
1840 1241 2158
1839 2456 1239
1240 2457 2159
2164 1244 2458
2163 1843 1242
1243 1847 2459
2161 1247 1842
2160 2460 1245
1246 2461 1844
1846 1250 2462
1845 2463 1248
1249 2464 2465
2453 1253 2466
2452 1849 1251
1252 1853 2467
2451 1256 1848
2450 2167 1254
1255 2169 1850
1852 1259 2468
1851 2174 1257
1258 2177 2469
2447 1262 2166
2446 1855 1260
1261 1859 2168
2444 1265 1854
2442 2470 1263
1264 2471 1856
1858 1268 2170
1857 2472 1266
1267 2473 2171
2176 1271 2474
2175 1861 1269
1270 1865 2475
2173 1274 1860
2172 2476 1272
1273 2477 1862
1864 1277 2478
1863 2479 1275
1276 2480 2481
2482 1280 2483
2484 1867 1278
1279 1871 2485
2486 1283 1866
2487 2179 1281
1282 2181 1868
1870 1286 2488
1869 2186 1284
1285 2189 2489
2490 1289 2178
2491 1873 1287
1288 1877 2180
2492 1292 1872
2493 2494 1290
1291 2495 1874
1876 1295 2182
1875 2496 1293
1294 2497 2183
2188 1298 2498
2187 1879 1296
1297 1883 2499
2185 1301 1878
2184 2500 1299
1300 2501 1880
1882 1304 2502
1881 2503 1302
1303 2504 2505
2493 1307 2506
2492 1885 1305
1306 1889 2507
2491 1310 1884
2490 2191 1308
1309 2193 1886
1888 1313 2508
1887 2198 1311
1312 2201 2509
2487 1316 2190
2486 1891 1314
1315 1895 2192
2484 1319 1890
2482 2510 1317
1318 2511 1892
1894 1322 2194
1893 2512 1320
1321 2513 2195
2200 1325 2514
2199 1897 1323
1324 1901 2515
2197 1328 1896
2196 2516 1326
1327 2517 1898
1900 1331 2518
1899 2519 1329
1330 2520 2521
2522 1334 2523
2524 1903 1332
1333 1907 2525
2526 1337 1902
2527 2203 1335
1336 2205 1904
1906 1340 2528
1905 2210 1338
1339 2213 2529
2530 1343 2202
2531 1909 1341
1342 1913 2204
2532 1346 1908
2533 2534 1344
1345 2535 1910
1912 1349 2206
1911 2536 1347
1348 2537 2207
2212 1352 2538
2211 1915 1350
1351 1919 2539
2209 1355 1914
2208 2540 1353
1354 2541 1916
1918 1358 2542
1917 2543 1356
1357 2544 2545
2533 1361 2546
2532 1921 1359
1360 1925 2547
2531 1364 1920
2530 2215 1362
1363 2217 1922
1924 1367 2548
1923 2222 1365
1366 2225 2549
2527 1370 2214
2526 1927 1368
1369 1931 2216
2524 1373 1926
2522 2550 1371
1372 2551 1928
1930 1376 2218
1929 2552 1374
1375 2553 2219
2224 1379 2554
2223 1933 1377
1378 1937 2555
2221 1382 1932
2220 2556 1380
1381 2557 1934
1936 1385 2558
1935 2559 1383
1384 2560 2561
2520 1388 2334
2519 1939 1386
1387 1943 2335
2517 1391 1938
2516 2227 1389
1390 2229 1940
1942 1394 2336
1941 2234 1392
1393 2237 2337
2513 1397 2226
2512 1945 1395
1396 1949 2228
2511 1400 1944
2510 2440 1398
1399 2439 1946
1948 1403 2230
1947 2437 1401
1402 2436 2231
2236 1406 2340
2235 1951 1404
1405 1955 2341
2233 1409 1950
2232 2433 1407
1408 2432 1952
1954 1412 2343
1953 2431 1410
1411 2430 2344
2346 1415 2521
2347 1957 1413
1414 1961 2518
2348 1418 1956
2349 2239 1416
1417 2241 1958
1960 1421 2515
1959 2246 1419
1420 2249 2514
2354 1424 2238
2355 1963 1422
1423 1967 2240
2358 1427 1962
2361 2443 1425
1426 2445 1964
1966 1430 2242
1965 2448 1428
1429 2449 2243
2248 1433 2509
2247 1969 1431
1432 1973 2508
2245 1436 1968
2244 2458 1434
1435 2459 1970
1972 1439 2507
1971 2462 1437
1438 2465 2506
2323 1442 2545
2325 1975 1440
1441 1979 2542
2328 1445 1974
2329 2251 1443
1444 2253 1976
1978 1448 2539
1977 2258 1446
1447 2261 2538
2338 1451 2250
2339 1981 1449
1450 1985 2252
2342 1454 1980
2345 2403 1452
1453 2405 1982
1984 1457 2254
1983 2408 1455
1456 2409 2255
2260 1460 2529
2259 1987 1458
1459 1991 2528
2257 1463 1986
2256 2418 1461
1462 2419 1988
1990 1466 2525
1989 2422 1464
1465 2425 2523
2544 1469 2350
2543 1993 1467
1468 1997 2351
2541 1472 1992
2540 2263 1470
1471 2265 1994
1996 1475 2352
1995 2270 1473
1474 2273 2353
2537 1478 2262
2536 1999 1476
1477 2003 2264
2535 1481 1998
2534 2480 1479
1480 2479 2000
2002 1484 2266
2001 2477 1482
1483 2476 2267
2272 1487 2356
2271 2005 1485
1486 2009 2357
2269 1490 2004
2268 2473 1488
1489 2472 2006
2008 1493 2359
2007 2471 1491
1492 2470 2360
2363 1496 2505
2365 2011 1494
1495 2015 2502
2368 1499 2010
2369 2275 1497
1498 2277 2012
2014 1502 2499
2013 2282 1500
1501 2285 2498
2378 1505 2274
2379 2017 1503
1504 2021 2276
2382 1508 2016
2385 2426 1506
1507 2427 2018
2020 1511 2278
2019 2428 1509
1510 2429 2279
2284 1514 2489
2283 2023 1512
1513 2027 2488
2281 1517 2022
2280 2434 1515
1516 2435 2024
2026 1520 2485
2025 2438 1518
1519 2441 2483
2504 1523 2390
2503 2029 1521
1522 2033 2391
2501 1526 2028
2500 2287 1524
1525 2289 2030
2032 1529 2392
2031 2294 1527
1528 2297 2393
2497 1532 2286
2496 2035 1530
1531 2039 2288
2495 1535 2034
2494 2464 1533
1534 2463 2036
2038 1538 2290
2037 2461 1536
1537 2460 2291
2296 1541 2396
2295 2041 1539
1540 2045 2397
2293 1544 2040
2292 2457 1542
1543 2456 2042
2044 1547 2399
2043 2455 1545
1546 2454 2400
2560 1550 2374
2559 2047 1548
1549 2051 2375
2557 1553 2046
2556 2299 1551
1552 2301 2048
2050 1556 2376
2049 2306 1554
1555 2309 2377
2553 1559 2298
2552 2053 1557
1558 2057 2300
2551 1562 2052
2550 2424 1560
1561 2423 2054
2056 1565 2302
2055 2421 1563
1564 2420 2303
2308 1568 2380
2307 2059 1566
1567 2063 2381
2305 1571 2058
2304 2417 1569
1570 2416 2060
2062 1574 2383
2061 2415 1572
1573 2414 2384
2386 1577 2561
2387 2065 1575
1576 2069 2558
2388 1580 2064
2389 2311 1578
1579 2313 2066
2068 1583 2555
2067 2318 1581
1582 2321 2554
2394 1586 2310
2395 2071 1584
1585 2075 2312
2398 1589 2070
2401 2466 1587
1588 2467 2072
2074 1592 2314
2073 2468 1590
1591 2469 2315
2320 1595 2549
2319 2077 1593
1594 2081 2548
2317 1598 2076
2316 2474 1596
1597 2475 2078
2080 1601 2547
2079 2478 1599
1600 2481 2546
162 642 644
642 163 643
644 643 164
165 645 647
645 166 646
647 646 167
168 648 650
648 169 649
650 649 170
171 651 653
651 172 652
653 652 173
174 654 656
654 175 655
656 655 176
177 657 659
657 178 658
659 658 179
180 660 662
660 181 661
662 661 182
183 663 665
663 184 664
665 664 185
186 666 668
666 187 667
668 667 188
189 669 671
669 190 670
671 670 191
192 672 674
672 193 673
674 673 194
195 675 677
675 196 676
677 676 197
198 678 680
678 199 679
680 679 200
201 681 683
681 202 682
683 682 203
204 684 686
684 205 685
686 685 206
207 687 689
687 208 688
689 688 209
210 690 692
690 211 691
692 691 212
213 693 695
693 214 694
695 694 215
216 696 698
696 217 697
698 697 218
219 699 701
699 220 700
701 700 221
222 702 704
702 223 703
704 703 224
225 705 707
705 226 706
707 706 227
228 708 710
708 229 709
710 709 230
231 711 713
711 232 712
713 712 233
234 714 716
714 235 715
716 715 236
237 717 719
717 238 718
719 718 239
240 720 722
720 241 721
722 721 242
243 723 725
723 244 724
725 724 245
246 726 728
726 247 727
728 727 248
249 729 731
729 250 730
731 730 251
252 732 734
732 253 733
734 733 254
255 735 737
735 256 736
737 736 257
258 738 740
738 259 739
740 739 260
261 741 743
741 262 742
743 742 263
264 744 746
744 265 745
746 745 266
267 747 749
747 268 748
749 748 269
270 750 752
750 271 751
752 751 272
273 753 755
753 274 754
755 754 275
276 756 758
756 277 757
758 757 278
279 759 761
759 280 760
761 760 281
282 762 764
762 283 763
764 763 284
285 765 767
765 286 766
767 766 287
288 768 770
768 289 769
770 769 290
291 771 773
771 292 772
773 772 293
294 774 776
774 295 775
776 775 296
297 777 779
777 298 778
779 778 299
300 780 782
780 301 781
782 781 302
303 783 785
783 304 784
785 784 305
306 786 788
786 307 787
788 787 308
309 789 791
789 310 790
791 790 311
312 792 794
792 313 793
794 793 314
315 795 797
795 316 796
797 796 317
318 798 800
798 319 799
800 799 320
321 801 803
801 322 802
803 802 323
324 804 806
804 325 805
806 805 326
327 807 809
807 328 808
809 808 329
330 810 812
810 331 811
812 811 332
333 813 815
813 334 814
815 814 335
336 816 818
816 337 817
818 817 338
339 819 821
819 340 820
821 820 341
342 822 824
822 343 823
824 823 344
345 825 827
825 346 826
827 826 347
348 828 830
828 349 829
830 829 350
351 831 833
831 352 832
833 832 353
354 834 836
834 355 835
836 835 356
357 837 839
837 358 838
839 838 359
360 840 842
840 361 841
842 841 362
363 843 845
843 364 844
845 844 365
366 846 848
846 367 847
848 847 368
369 849 851
849 370 850
851 850 371
372 852 854
852 373 853
854 853 374
375 855 857
855 376 856
857 856 377
378 858 860
858 379 859
860 859 380
381 861 863
861 382 862
863 862 383
384 864 866
864 385 865
866 865 386
387 867 869
867 388 868
869 868 389
390 870 872
870 391 871
872 871 392
393 873 875
873 394 874
875 874 395
396 876 878
876 397 877
878 877 398
399 879 881
879 400 880
881 880 401
402 882 884
882 164 883
884 883 403
404 885 887
885 405 886
887 886 162
163 888 890
888 406 889
890 889 407
408 891 893
891 167 892
893 892 409
410 894 896
894 411 895
896 895 165
166 897 899
897 412 898
899 898 413
414 900 902
900 170 901
902 901 415
416 903 905
903 417 904
905 904 168
169 906 908
906 418 907
908 907 419
420 909 911
909 173 910
911 910 421
422 912 914
912 423 913
914 913 171
172 915 917
915 424 916
917 916 425
426 918 920
918 176 919
920 919 427
428 921 923
921 429 922
923 922 174
175 924 926
924 430 925
926 925 431
432 927 929
927 179 928
929 928 433
434 930 932
930 435 931
932 931 177
178 933 935
933 436 934
935 934 437
438 936 938
936 182 937
938 937 439
440 939 941
939 441 940
941 940 180
181 942 944
942 442 943
944 943 443
444 945 947
945 185 946
947 946 445
446 948 950
948 447 949
950 949 183
184 951 953
951 448 952
953 952 449
450 954 956
954 188 955
956 955 451
452 957 959
957 453 958
959 958 186
187 960 962
960 454 961
962 961 455
456 963 965
963 191 964
965 964 457
458 966 968
966 459 967
968 967 189
190 969 971
969 460 970
971 970 461
462 972 974
972 194 973
974 973 463
464 975 977
975 465 976
977 976 192
193 978 980
978 466 979
980 979 467
468 981 983
981 197 982
983 982 469
470 984 986
984 471 985
986 985 195
196 987 989
987 472 988
989 988 473
474 990 992
990 200 991
992 991 475
476 993 995
993 477 994
995 994 198
199 996 998
996 478 997
998 997 479
480 999 1001
999 203 1000
1001 1000 481
482 1002 1004
1002 483 1003
1004 1003 201
202 1005 1007
1005 484 1006
1007 1006 485
486 1008 1010
1008 206 1009
1010 1009 487
488 1011 1013
1011 489 1012
1013 1012 204
205 1014 1016
1014 490 1015
1016 1015 491
492 1017 1019
1017 209 1018
1019 1018 493
494 1020 1022
1020 495 1021
1022 1021 207
208 1023 1025
1023 496 1024
1025 1024 497
498 1026 1028
1026 212 1027
1028 1027 499
500 1029 1031
1029 501 1030
1031 1030 210
211 1032 1034
1032 502 1033
1034 1033 503
504 1035 1037
1035 215 1036
1037 1036 505
506 1038 1040
1038 507 1039
1040 1039 213
214 1041 1043
1041 508 1042
1043 1042 509
510 1044 1046
1044 218 1045
1046 1045 511
512 1047 1049
1047 513 1048
1049 1048 216
217 1050 1052
1050 514 1051
1052 1051 515
516 1053 1055
1053 221 1054
1055 1054 517
518 1056 1058
1056 519 1057
1058 1057 219
220 1059 1061
1059 520 1060
1061 1060 521
522 1062 1064
1062 224 1063
1064 1063 523
524 1065 1067
1065 403 1066
1067 1066 222
223 1068 1070
1068 407 1069
1070 1069 525
526 1071 1073
1071 227 1072
1073 1072 402
527 1074 1076
1074 528 1075
1076 1075 225
226 1077 1079
1077 529 1078
1079 1078 404
406 1080 1082
1080 230 1081
1082 1081 530
405 1083 1085
1083 531 1084
1085 1084 228
229 1086 1088
1086 532 1087
1088 1087 533
527 1089 1091
1089 233 1090
1091 1090 534
526 1092 1094
1092 409 1093
1094 1093 231
232 1095 1097
1095 413 1096
1097 1096 535
524 1098 1100
1098 236 1099
1100 1099 408
522 1101 1103
1101 536 1102
1103 1102 234
235 1104 1106
1104 537 1105
1106 1105 410
412 1107 1109
1107 239 1108
1109 1108 538
411 1110 1112
1110 539 1111
1112 1111 237
238 1113 1115
1113 540 1114
1115 1114 541
542 1116 1118
1116 242 1117
1118 1117 543
544 1119 1121
1119 415 1120
1121 1120 240
241 1122 1124
1122 419 1123
1124 1123 545
546 1125 1127
1125 245 1126
1127 1126 414
547 1128 1130
1128 548 1129
1130 1129 243
244 1131 1133
1131 549 1132
1133 1132 416
418 1134 1136
1134 248 1135
1136 1135 550
417 1137 1139
1137 551 1138
1139 1138 246
247 1140 1142
1140 552 1141
1142 1141 553
547 1143 1145
1143 251 1144
1145 1144 554
546 1146 1148
1146 421 1147
1148 1147 249
250 1149 1151
1149 425 1150
1151 1150 555
544 1152 1154
1152 254 1153
1154 1153 420
542 1155 1157
1155 556 1156
1157 1156 252
253 1158 1160
1158 557 1159
1160 1159 422
424 1161 1163
1161 257 1162
1163 1162 558
423 1164 1166
1164 559 1165
1166 1165 255
256 1167 1169
1167 560 1168
1169 1168 561
562 1170 1172
1170 260 1171
1172 1171 563
564 1173 1175
1173 427 1174
1175 1174 258
259 1176 1178
1176 431 1177
1178 1177 565
566 1179 1181
1179 263 1180
1181 1180 426
567 1182 1184
1182 568 1183
1184 1183 261
262 1185 1187
1185 569 1186
1187 1186 428
430 1188 1190
1188 266 1189
1190 1189 570
429 1191 1193
1191 571 1192
1193 1192 264
265 1194 1196
1194 572 1195
1196 1195 573
567 1197 1199
1197 269 1198
1199 1198 574
566 1200 1202
1200 433 1201
1202 1201 267
268 1203 1205
1203 437 1204
1205 1204 575
564 1206 1208
1206 272 1207
1208 1207 432
562 1209 1211
1209 576 1210
1211 1210 270
271 1212 1214
1212 577 1213
1214 1213 434
436 1215 1217
1215 275 1216
1217 1216 578
435 1218 1220
1218 579 1219
1220 1219 273
274 1221 1223
1221 580 1222
1223 1222 581
582 1224 1226
1224 278 1225
1226 1225 583
584 1227 1229
1227 439 1228
1229 1228 276
277 1230 1232
1230 443 1231
1232 1231 585
586 1233 1235
1233 281 1234
1235 1234 438
587 1236 1238
1236 588 1237
1238 1237 279
280 1239 1241
1239 589 1240
1241 1240 440
442 1242 1244
1242 284 1243
1244 1243 590
441 1245 1247
1245 591 1246
1247 1246 282
283 1248 1250
1248 592 1249
1250 1249 593
587 1251 1253
1251 287 1252
1253 1252 594
586 1254 1256
1254 445 1255
1256 1255 285
286 1257 1259
1257 449 1258
1259 1258 595
584 1260 1262
1260 290 1261
1262 1261 444
582 1263 1265
1263 596 1264
1265 1264 288
289 1266 1268
1266 597 1267
1268 1267 446
448 1269 1271
1269 293 1270
1271 1270 598
447 1272 1274
1272 599 1273
1274 1273 291
292 1275 1277
1275 600 1276
1277 1276 601
602 1278 1280
1278 296 1279
1280 1279 603
604 1281 1283
1281 451 1282
1283 1282 294
295 1284 1286
1284 455 1285
1286 1285 605
606 1287 1289
1287 299 1288
1289 1288 450
607 1290 1292
1290 608 1291
1292 1291 297
298 1293 1295
1293 609 1294
1295 1294 452
454 1296 1298
1296 302 1297
1298 1297 610
453 1299 1301
1299 611 1300
1301 1300 300
301 1302 1304
1302 612 1303
1304 1303 613
607 1305 1307
1305 305 1306
1307 1306 614
606 1308 1310
1308 457 1309
1310 1309 303
304 1311 1313
1311 461 1312
1313 1312 615
604 1314 1316
1314 308 1315
1316 1315 456
602 1317 1319
1317 616 1318
1319 1318 306
307 1320 1322
1320 617 1321
1322 1321 458
460 1323 1325
1323 311 1324
1325 1324 618
459 1326 1328
1326 619 1327
1328 1327 309
310 1329 1331
1329 620 1330
1331 1330 621
622 1332 1334
1332 314 1333
1334 1333 623
624 1335 1337
1335 463 1336
1337 1336 312
313 1338 1340
1338 467 1339
1340 1339 625
626 1341 1343
1341 317 1342
1343 1342 462
627 1344 1346
1344 628 1345
1346 1345 315
316 1347 1349
1347 629 1348
1349 1348 464
466 1350 1352
1350 320 1351
1352 1351 630
465 1353 1355
1353 631 1354
1355 1354 318
319 1356 1358
1356 632 1357
1358 1357 633
627 1359 1361
1359 323 1360
1361 1360 634
626 1362 1364
1362 469 1363
1364 1363 321
322 1365 1367
1365 473 1366
1367 1366 635
624 1368 1370
1368 326 1369
1370 1369 468
622 1371 1373
1371 636 1372
1373 1372 324
325 1374 1376
1374 637 1375
1376 1375 470
472 1377 1379
1377 329 1378
1379 1378 638
471 1380 1382
1380 639 1381
1382 1381 327
328 1383 1385
1383 640 1384
1385 1384 641
620 1386 1388
1386 332 1387
1388 1387 528
619 1389 1391
1389 475 1390
1391 1390 330
331 1392 1394
1392 479 1393
1394 1393 529
617 1395 1397
1395 335 1396
1397 1396 474
616 1398 1400
1398 580 1399
1400 1399 333
334 1401 1403
1401 579 1402
1403 1402 476
478 1404 1406
1404 338 1405
1406 1405 531
477 1407 1409
1407 577 1408
1409 1408 336
337 1410 1412
1410 576 1411
1412 1411 532
534 1413 1415
1413 341 1414
1415 1414 621
535 1416 1418
1416 481 1417
1418 1417 339
340 1419 1421
1419 485 1420
1421 1420 618
538 1422 1424
1422 344 1423
1424 1423 480
541 1425 1427
1425 583 1426
1427 1426 342
343 1428 1430
1428 585 1429
1430 1429 482
484 1431 1433
1431 347 1432
1433 1432 615
483 1434 1436
1434 590 1435
1436 1435 345
346 1437 1439
1437 593 1438
1439 1438 614
523 1440 1442
1440 350 1441
1442 1441 633
525 1443 1445
1443 487 1444
1445 1444 348
349 1446 1448
1446 491 1447
1448 1447 630
530 1449 1451
1449 353 1450
1451 1450 486
533 1452 1454
1452 563 1453
1454 1453 351
352 1455 1457
1455 565 1456
1457 1456 488
490 1458 1460
1458 356 1459
1460 1459 625
489 1461 1463
1461 570 1462
1463 1462 354
355 1464 1466
1464 573 1465
1466 1465 623
632 1467 1469
1467 359 1468
1469 1468 536
631 1470 1472
1470 493 1471
1472 1471 357
358 1473 1475
1473 497 1474
1475 1474 537
629 1476 1478
1476 362 1477
1478 1477 492
628 1479 1481
1479 600 1480
1481 1480 360
361 1482 1484
1482 599 1483
1484 1483 494
496 1485 1487
1485 365 1486
1487 1486 539
495 1488 1490
1488 597 1489
1490 1489 363
364 1491 1493
1491 596 1492
1493 1492 540
543 1494 1496
1494 368 1495
1496 1495 613
545 1497 1499
1497 499 1498
1499 1498 366
367 1500 1502
1500 503 1501
1502 1501 610
550 1503 1505
1503 371 1504
1505 1504 498
553 1506 1508
1506 574 1507
1508 1507 369
370 1509 1511
1509 575 1510
1511 1510 500
502 1512 1514
1512 374 1513
1514 1513 605
501 1515 1517
1515 578 1516
1517 1516 372
373 1518 1520
1518 581 1519
1520 1519 603
612 1521 1523
1521 377 1522
1523 1522 556
611 1524 1526
1524 505 1525
1526 1525 375
376 1527 1529
1527 509 1528
1529 1528 557
609 1530 1532
1530 380 1531
1532 1531 504
608 1533 1535
1533 592 1534
1535 1534 378
379 1536 1538
1536 591 1537
1538 1537 506
508 1539 1541
1539 383 1540
1541 1540 559
507 1542 1544
1542 589 1543
1544 1543 381
382 1545 1547
1545 588 1546
1547 1546 560
640 1548 1550
1548 386 1549
1550 1549 548
639 1551 1553
1551 511 1552
1553 1552 384
385 1554 1556
1554 515 1555
1556 1555 549
637 1557 1559
1557 389 1558
1559 1558 510
636 1560 1562
1560 572 1561
1562 1561 387
388 1563 1565
1563 571 1564
1565 1564 512
514 1566 1568
1566 392 1567
1568 1567 551
513 1569 1571
1569 569 1570
1571 1570 390
391 1572 1574
1572 568 1573
1574 1573 552
554 1575 1577
1575 395 1576
1577 1576 641
555 1578 1580
1578 517 1579
1580 1579 393
394 1581 1583
1581 521 1582
1583 1582 638
558 1584 1586
1584 398 1585
1586 1585 516
561 1587 1589
1587 594 1588
1589 1588 396
397 1590 1592
1590 595 1591
1592 1591 518
520 1593 1595
1593 401 1594
1595 1594 635
519 1596 1598
1596 598 1597
1598 1597 399
400 1599 1601
1599 601 1600
1601 1600 634
42 1602 1603
1602 162 644
1603 644 164
162 1604 642
1604 43 1605
642 1605 163
164 643 1607
643 163 1606
1607 1606 44
45 1608 1609
1608 165 647
1609 647 167
165 1610 645
1610 46 1611
645 1611 166
167 646 1613
646 166 1612
1613 1612 47
48 1614 1615
1614 168 650
1615 650 170
168 1616 648
1616 49 1617
648 1617 169
170 649 1619
649 169 1618
1619 1618 50
51 1620 1621
1620 171 653
1621 653 173
171 1622 651
1622 52 1623
651 1623 172
173 652 1625
652 172 1624
1625 1624 53
54 1626 1627
1626 174 656
1627 656 176
174 1628 654
1628 55 1629
654 1629 175
176 655 1631
655 175 1630
1631 1630 56
57 1632 1633
1632 177 659
1633 659 179
177 1634 657
1634 58 1635
657 1635 178
179 658 1637
658 178 1636
1637 1636 59
60 1638 1639
1638 180 662
1639 662 182
180 1640 660
1640 61 1641
660 1641 181
182 661 1643
661 181 1642
1643 1642 62
63 1644 1645
1644 183 665
1645 665 185
183 1646 663
1646 64 1647
663 1647 184
185 664 1649
664 184 1648
1649 1648 65
66 1650 1651
1650 186 668
1651 668 188
186 1652 666
1652 67 1653
666 1653 187
188 667 1655
667 187 1654
1655 1654 68
69 1656 1657
1656 189 671
1657 671 191
189 1658 669
1658 70 1659
669 1659 190
191 670 1661
670 190 1660
1661 1660 71
72 1662 1663
1662 192 674
1663 674 194
192 1664 672
1664 73 1665
672 1665 193
194 673 1667
673 193 1666
1667 1666 74
75 1668 1669
1668 195 677
1669 677 197
195 1670 675
1670 76 1671
675 1671 196
197 676 1673
676 196 1672
1673 1672 77
78 1674 1675
1674 198 680
1675 680 200
198 1676 678
1676 79 1677
678 1677 199
200 679 1679
679 199 1678
1679 1678 80
81 1680 1681
1680 201 683
1681 683 203
201 1682 681
1682 82 1683
681 1683 202
203 682 1685
682 202 1684
1685 1684 83
84 1686 1687
1686 204 686
1687 686 206
204 1688 684
1688 85 1689
684 1689 205
206 685 1691
685 205 1690
1691 1690 86
87 1692 1693
1692 207 689
1693 689 209
207 1694 687
1694 88 1695
687 1695 208
209 688 1697
688 208 1696
1697 1696 89
90 1698 1699
1698 210 692
1699 692 212
210 1700 690
1700 91 1701
690 1701 211
212 691 1703
691 211 1702
1703 1702 92
93 1704 1705
1704 213 695
1705 695 215
213 1706 693
1706 94 1707
693 1707 214
215 694 1709
694 214 1708
1709 1708 95
96 1710 1711
1710 216 698
1711 698 218
216 1712 696
1712 97 1713
696 1713 217
218 697 1715
697 217 1714
1715 1714 98
99 1716 1717
1716 219 701
1717 701 221
219 1718 699
1718 100 1719
699 1719 220
221 700 1721
700 220 1720
1721 1720 101
102 1722 1723
1722 222 704
1723 704 224
222 1724 702
1724 44 1725
702 1725 223
224 703 1727
703 223 1726
1727 1726 103
104 1728 1729
1728 225 707
1729 707 227
225 1730 705
1730 105 1731
705 1731 226
227 706 1733
706 226 1732
1733 1732 42
43 1734 1735
1734 228 710
1735 710 230
228 1736 708
1736 106 1737
708 1737 229
230 709 1739
709 229 1738
1739 1738 107
104 1740 1741
1740 231 713
1741 713 233
231 1742 711
1742 47 1743
711 1743 232
233 712 1745
712 232 1744
1745 1744 108
102 1746 1747
1746 234 716
1747 716 236
234 1748 714
1748 109 1749
714 1749 235
236 715 1751
715 235 1750
1751 1750 45
46 1752 1753
1752 237 719
1753 719 239
237 1754 717
1754 110 1755
717 1755 238
239 718 1757
718 238 1756
1757 1756 111
112 1758 1759
1758 240 722
1759 722 242
240 1760 720
1760 50 1761
720 1761 241
242 721 1763
721 241 1762
1763 1762 113
114 1764 1765
1764 243 725
1765 725 245
243 1766 723
1766 115 1767
723 1767 244
245 724 1769
724 244 1768
1769 1768 48
49 1770 1771
1770 246 728
1771 728 248
246 1772 726
1772 116 1773
726 1773 247
248 727 1775
727 247 1774
1775 1774 117
114 1776 1777
1776 249 731
1777 731 251
249 1778 729
1778 53 1779
729 1779 250
251 730 1781
730 250 1780
1781 1780 118
112 1782 1783
1782 252 734
1783 734 254
252 1784 732
1784 119 1785
732 1785 253
254 733 1787
733 253 1786
1787 1786 51
52 1788 1789
1788 255 737
1789 737 257
255 1790 735
1790 120 1791
735 1791 256
257 736 1793
736 256 1792
1793 1792 121
122 1794 1795
1794 258 740
1795 740 260
258 1796 738
1796 56 1797
738 1797 259
260 739 1799
739 259 1798
1799 1798 123
124 1800 1801
1800 261 743
1801 743 263
261 1802 741
1802 125 1803
741 1803 262
263 742 1805
742 262 1804
1805 1804 54
55 1806 1807
1806 264 746
1807 746 266
264 1808 744
1808 126 1809
744 1809 265
266 745 1811
745 265 1810
1811 1810 127
124 1812 1813
1812 267 749
1813 749 269
267 1814 747
1814 59 1815
747 1815 268
269 748 1817
748 268 1816
1817 1816 128
122 1818 1819
1818 270 752
1819 752 272
270 1820 750
1820 129 1821
750 1821 271
272 751 1823
751 271 1822
1823 1822 57
58 1824 1825
1824 273 755
1825 755 275
273 1826 753
1826 130 1827
753 1827 274
275 754 1829
754 274 1828
1829 1828 131
132 1830 1831
1830 276 758
1831 758 278
276 1832 756
1832 62 1833
756 1833 277
278 757 1835
757 277 1834
1835 1834 133
134 1836 1837
1836 279 761
1837 761 281
279 1838 759
1838 135 1839
759 1839 280
281 760 1841
760 280 1840
1841 1840 60
61 1842 1843
1842 282 764
1843 764 284
282 1844 762
1844 136 1845
762 1845 283
284 763 1847
763 283 1846
1847 1846 137
134 1848 1849
1848 285 767
1849 767 287
285 1850 765
1850 65 1851
765 1851 286
287 766 1853
766 286 1852
1853 1852 138
132 1854 1855
1854 288 770
1855 770 290
288 1856 768
1856 139 1857
768 1857 289
290 769 1859
769 289 1858
1859 1858 63
64 1860 1861
1860 291 773
1861 773 293
291 1862 771
1862 140 1863
771 1863 292
293 772 1865
772 292 1864
1865 1864 141
142 1866 1867
1866 294 776
1867 776 296
294 1868 774
1868 68 1869
774 1869 295
296 775 1871
775 295 1870
1871 1870 143
144 1872 1873
1872 297 779
1873 779 299
297 1874 777
1874 145 1875
777 1875 298
299 778 1877
778 298 1876
1877 1876 66
67 1878 1879
1878 300 782
1879 782 302
300 1880 780
1880 146 1881
780 1881 301
302 781 1883
781 301 1882
1883 1882 147
144 1884 1885
1884 303 785
1885 785 305
303 1886 783
1886 71 1887
783 1887 304
305 784 1889
784 304 1888
1889 1888 148
142 1890 1891
1890 306 788
1891 788 308
306 1892 786
1892 149 1893
786 1893 307
308 787 1895
787 307 1894
1895 1894 69
70 1896 1897
1896 309 791
1897 791 311
309 1898 789
1898 150 1899
789 1899 310
311 790 1901
790 310 1900
1901 1900 151
152 1902 1903
1902 312 794
1903 794 314
312 1904 792
1904 74 1905
792 1905 313
314 793 1907
793 313 1906
1907 1906 153
154 1908 1909
1908 315 797
1909 797 317
315 1910 795
1910 155 1911
795 1911 316
317 796 1913
796 316 1912
1913 1912 72
73 1914 1915
1914 318 800
1915 800 320
318 1916 798
1916 156 1917
798 1917 319
320 799 1919
799 319 1918
1919 1918 157
154 1920 1921
1920 321 803
1921 803 323
321 1922 801
1922 77 1923
801 1923 322
323 802 1925
802 322 1924
1925 1924 158
152 1926 1927
1926 324 806
1927 806 326
324 1928 804
1928 159 1929
804 1929 325
326 805 1931
805 325 1930
1931 1930 75
76 1932 1933
1932 327 809
1933 809 329
327 1934 807
1934 160 1935
807 1935 328
329 808 1937
808 328 1936
1937 1936 161
150 1938 1939
1938 330 812
1939 812 332
330 1940 810
1940 80 1941
810 1941 331
332 811 1943
811 331 1942
1943 1942 105
149 1944 1945
1944 333 815
1945 815 335
333 1946 813
1946 130 1947
813 1947 334
335 814 1949
814 334 1948
1949 1948 78
79 1950 1951
1950 336 818
1951 818 338
336 1952 816
1952 129 1953
816 1953 337
338 817 1955
817 337 1954
1955 1954 106
108 1956 1957
1956 339 821
1957 821 341
339 1958 819
1958 83 1959
819 1959 340
341 820 1961
820 340 1960
1961 1960 151
111 1962 1963
1962 342 824
1963 824 344
342 1964 822
1964 133 1965
822 1965 343
344 823 1967
823 343 1966
1967 1966 81
82 1968 1969
1968 345 827
1969 827 347
345 1970 825
1970 137 1971
825 1971 346
347 826 1973
826 346 1972
1973 1972 148
103 1974 1975
1974 348 830
1975 830 350
348 1976 828
1976 86 1977
828 1977 349
350 829 1979
829 349 1978
1979 1978 157
107 1980 1981
1980 351 833
1981 833 353
351 1982 831
1982 123 1983
831 1983 352
353 832 1985
832 352 1984
1985 1984 84
85 1986 1987
1986 354 836
1987 836 356
354 1988 834
1988 127 1989
834 1989 355
356 835 1991
835 355 1990
1991 1990 153
156 1992 1993
1992 357 839
1993 839 359
357 1994 837
1994 89 1995
837 1995 358
359 838 1997
838 358 1996
1997 1996 109
155 1998 1999
1998 360 842
1999 842 362
360 2000 840
2000 140 2001
840 2001 361
362 841 2003
841 361 2002
2003 2002 87
88 2004 2005
2004 363 845
2005 845 365
363 2006 843
2006 139 2007
843 2007 364
365 844 2009
844 364 2008
2009 2008 110
113 2010 2011
2010 366 848
2011 848 368
366 2012 846
2012 92 2013
846 2013 367
368 847 2015
847 367 2014
2015 2014 147
117 2016 2017
2016 369 851
2017 851 371
369 2018 849
2018 128 2019
849 2019 370
371 850 2021
850 370 2020
2021 2020 90
91 2022 2023
2022 372 854
2023 854 374
372 2024 852
2024 131 2025
852 2025 373
374 853 2027
853 373 2026
2027 2026 143
146 2028 2029
2028 375 857
2029 857 377
375 2030 855
2030 95 2031
855 2031 376
377 856 2033
856 376 2032
2033 2032 119
145 2034 2035
2034 378 860
2035 860 380
378 2036 858
2036 136 2037
858 2037 379
380 859 2039
859 379 2038
2039 2038 93
94 2040 2041
2040 381 863
2041 863 383
381 2042 861
2042 135 2043
861 2043 382
383 862 2045
862 382 2044
2045 2044 120
160 2046 2047
2046 384 866
2047 866 386
384 2048 864
2048 98 2049
864 2049 385
386 865 2051
865 385 2050
2051 2050 115
159 2052 2053
2052 387 869
2053 869 389
387 2054 867
2054 126 2055
867 2055 388
389 868 2057
868 388 2056
2057 2056 96
97 2058 2059
2058 390 872
2059 872 392
390 2060 870
2060 125 2061
870 2061 391
392 871 2063
871 391 2062
2063 2062 116
118 2064 2065
2064 393 875
2065 875 395
393 2066 873
2066 101 2067
873 2067 394
395 874 2069
874 394 2068
2069 2068 161
121 2070 2071
2070 396 878
2071 878 398
396 2072 876
2072 138 2073
876 2073 397
398 877 2075
877 397 2074
2075 2074 99
100 2076 2077
2076 399 881
2077 881 401
399 2078 879
2078 141 2079
879 2079 400
401 880 2081
880 400 2080
2081 2080 158
12 2082 2083
2082 402 884
2083 884 403
402 2084 882
2084 42 1603
882 1603 164
403 883 2085
883 164 1607
2085 1607 44
42 2086 1602
2086 404 887
1602 887 162
404 2087 885
2087 13 2088
885 2088 405
162 886 1604
886 405 2089
1604 2089 43
44 1606 2090
1606 163 890
2090 890 407
163 1605 888
1605 43 2091
888 2091 406
407 889 2093
889 406 2092
2093 2092 14
12 2094 2095
2094 408 893
2095 893 409
408 2096 891
2096 45 1609
891 1609 167
409 892 2097
892 167 1613
2097 1613 47
45 2098 1608
2098 410 896
1608 896 165
410 2099 894
2099 15 2100
894 2100 411
165 895 1610
895 411 2101
1610 2101 46
47 1612 2102
1612 166 899
2102 899 413
166 1611 897
1611 46 2103
897 2103 412
413 898 2105
898 412 2104
2105 2104 16
17 2106 2107
2106 414 902
2107 902 415
414 2108 900
2108 48 1615
900 1615 170
415 901 2109
901 170 1619
2109 1619 50
48 2110 1614
2110 416 905
1614 905 168
416 2111 903
2111 18 2112
903 2112 417
168 904 1616
904 417 2113
1616 2113 49
50 1618 2114
1618 169 908
2114 908 419
169 1617 906
1617 49 2115
906 2115 418
419 907 2117
907 418 2116
2117 2116 19
17 2118 2119
2118 420 911
2119 911 421
420 2120 909
2120 51 1621
909 1621 173
421 910 2121
910 173 1625
2121 1625 53
51 2122 1620
2122 422 914
1620 914 171
422 2123 912
2123 20 2124
912 2124 423
171 913 1622
913 423 2125
1622 2125 52
53 1624 2126
1624 172 917
2126 917 425
172 1623 915
1623 52 2127
915 2127 424
425 916 2129
916 424 2128
2129 2128 21
22 2130 2131
2130 426 920
2131 920 427
426 2132 918
2132 54 1627
918 1627 176
427 919 2133
919 176 1631
2133 1631 56
54 2134 1626
2134 428 923
1626 923 174
428 2135 921
2135 23 2136
921 2136 429
174 922 1628
922 429 2137
1628 2137 55
56 1630 2138
1630 175 926
2138 926 431
175 1629 924
1629 55 2139
924 2139 430
431 925 2141
925 430 2140
2141 2140 24
22 2142 2143
2142 432 929
2143 929 433
432 2144 927
2144 57 1633
927 1633 179
433 928 2145
928 179 1637
2145 1637 59
57 2146 1632
2146 434 932
1632 932 177
434 2147 930
2147 25 2148
930 2148 435
177 931 1634
931 435 2149
1634 2149 58
59 1636 2150
1636 178 935
2150 935 437
178 1635 933
1635 58 2151
933 2151 436
437 934 2153
934 436 2152
2153 2152 26
27 2154 2155
2154 438 938
2155 938 439
438 2156 936
2156 60 1639
936 1639 182
439 937 2157
937 182 1643
2157 1643 62
60 2158 1638
2158 440 941
1638 941 180
440 2159 939
2159 28 2160
939 2160 441
180 940 1640
940 441 2161
1640 2161 61
62 1642 2162
1642 181 944
2162 944 443
181 1641 942
1641 61 2163
942 2163 442
443 943 2165
943 442 2164
2165 2164 29
27 2166 2167
2166 444 947
2167 947 445
444 2168 945
2168 63 1645
945 1645 185
445 946 2169
946 185 1649
2169 1649 65
63 2170 1644
2170 446 950
1644 950 183
446 2171 948
2171 30 2172
948 2172 447
183 949 1646
949 447 2173
1646 2173 64
65 1648 2174
1648 184 953
2174 953 449
184 1647 951
1647 64 2175
951 2175 448
449 952 2177
952 448 2176
2177 2176 31
32 2178 2179
2178 450 956
2179 956 451
450 2180 954
2180 66 1651
954 1651 188
451 955 2181
955 188 1655
2181 1655 68
66 2182 1650
2182 452 959
1650 959 186
452 2183 957
2183 33 2184
957 2184 453
186 958 1652
958 453 2185
1652 2185 67
68 1654 2186
1654 187 962
2186 962 455
187 1653 960
1653 67 2187
960 2187 454
455 961 2189
961 454 2188
2189 2188 34
32 2190 2191
2190 456 965
2191 965 457
456 2192 963
2192 69 1657
963 1657 191
457 964 2193
964 191 1661
2193 1661 71
69 2194 1656
2194 458 968
1656 968 189
458 2195 966
2195 35 2196
966 2196 459
189 967 1658
967 459 2197
1658 2197 70
71 1660 2198
1660 190 971
2198 971 461
190 1659 969
1659 70 2199
969 2199 460
461 970 2201
970 460 2200
2201 2200 36
37 2202 2203
2202 462 974
2203 974 463
462 2204 972
2204 72 1663
972 1663 194
463 973 2205
973 194 1667
2205 1667 74
72 2206 1662
2206 464 977
1662 977 192
464 2207 975
2207 38 2208
975 2208 465
192 976 1664
976 465 2209
1664 2209 73
74 1666 2210
1666 193 980
2210 980 467
193 1665 978
1665 73 2211
978 2211 466
467 979 2213
979 466 2212
2213 2212 39
37 2214 2215
2214 468 983
2215 983 469
468 2216 981
2216 75 1669
981 1669 197
469 982 2217
982 197 1673
2217 1673 77
75 2218 1668
2218 470 986
1668 986 195
470 2219 984
2219 40 2220
984 2220 471
195 985 1670
985 471 2221
1670 2221 76
77 1672 2222
1672 196 989
2222 989 473
196 1671 987
1671 76 2223
987 2223 472
473 988 2225
988 472 2224
2225 2224 41
35 2226 2227
2226 474 992
2227 992 475
474 2228 990
2228 78 1675
990 1675 200
475 991 2229
991 200 1679
2229 1679 80
78 2230 1674
2230 476 995
1674 995 198
476 2231 993
2231 25 2232
993 2232 477
198 994 1676
994 477 2233
1676 2233 79
80 1678 2234
1678 199 998
2234 998 479
199 1677 996
1677 79 2235
996 2235 478
479 997 2237
997 478 2236
2237 2236 13
16 2238 2239
2238 480 1001
2239 1001 481
480 2240 999
2240 81 1681
999 1681 203
481 1000 2241
1000 203 1685
2241 1685 83
81 2242 1680
2242 482 1004
1680 1004 201
482 2243 1002
2243 29 2244
1002 2244 483
201 1003 1682
1003 483 2245
1682 2245 82
83 1684 2246
1684 202 1007
2246 1007 485
202 1683 1005
1683 82 2247
1005 2247 484
485 1006 2249
1006 484 2248
2249 2248 36
14 2250 2251
2250 486 1010
2251 1010 487
486 2252 1008
2252 84 1687
1008 1687 206
487 1009 2253
1009 206 1691
2253 1691 86
84 2254 1686
2254 488 1013
1686 1013 204
488 2255 1011
2255 24 2256
1011 2256 489
204 1012 1688
1012 489 2257
1688 2257 85
86 1690 2258
1690 205 1016
2258 1016 491
205 1689 1014
1689 85 2259
1014 2259 490
491 1015 2261
1015 490 2260
2261 2260 39
38 2262 2263
2262 492 1019
2263 1019 493
492 2264 1017
2264 87 1693
1017 1693 209
493 1018 2265
1018 209 1697
2265 1697 89
87 2266 1692
2266 494 1022
1692 1022 207
494 2267 1020
2267 30 2268
1020 2268 495
207 1021 1694
1021 495 2269
1694 2269 88
89 1696 2270
1696 208 1025
2270 1025 497
208 1695 1023
1695 88 2271
1023 2271 496
497 1024 2273
1024 496 2272
2273 2272 15
19 2274 2275
2274 498 1028
2275 1028 499
498 2276 1026
2276 90 1699
1026 1699 212
499 1027 2277
1027 212 1703
2277 1703 92
90 2278 1698
2278 500 1031
1698 1031 210
500 2279 1029
2279 26 2280
1029 2280 501
210 1030 1700
1030 501 2281
1700 2281 91
92 1702 2282
1702 211 1034
2282 1034 503
211 1701 1032
1701 91 2283
1032 2283 502
503 1033 2285
1033 502 2284
2285 2284 34
33 2286 2287
2286 504 1037
2287 1037 505
504 2288 1035
2288 93 1705
1035 1705 215
505 1036 2289
1036 215 1709
2289 1709 95
93 2290 1704
2290 506 1040
1704 1040 213
506 2291 1038
2291 28 2292
1038 2292 507
213 1039 1706
1039 507 2293
1706 2293 94
95 1708 2294
1708 214 1043
2294 1043 509
214 1707 1041
1707 94 2295
1041 2295 508
509 1042 2297
1042 508 2296
2297 2296 20
40 2298 2299
2298 510 1046
2299 1046 511
510 2300 1044
2300 96 1711
1044 1711 218
511 1045 2301
1045 218 1715
2301 1715 98
96 2302 1710
2302 512 1049
1710 1049 216
512 2303 1047
2303 23 2304
1047 2304 513
216 1048 1712
1048 513 2305
1712 2305 97
98 1714 2306
1714 217 1052
2306 1052 515
217 1713 1050
1713 97 2307
1050 2307 514
515 1051 2309
1051 514 2308
2309 2308 18
21 2310 2311
2310 516 1055
2311 1055 517
516 2312 1053
2312 99 1717
1053 1717 221
517 1054 2313
1054 221 1721
2313 1721 101
99 2314 1716
2314 518 1058
1716 1058 219
518 2315 1056
2315 31 2316
1056 2316 519
219 1057 1718
1057 519 2317
1718 2317 100
101 1720 2318
1720 220 1061
2318 1061 521
220 1719 1059
1719 100 2319
1059 2319 520
521 1060 2321
1060 520 2320
2321 2320 41
1 2322 2323
2322 522 1064
2323 1064 523
522 2324 1062
2324 102 1723
1062 1723 224
523 1063 2325
1063 224 1727
2325 1727 103
102 2326 1722
2326 524 1067
1722 1067 222
524 2327 1065
2327 12 2083
1065 2083 403
222 1066 1724
1066 403 2085
1724 2085 44
103 1726 2328
1726 223 1070
2328 1070 525
223 1725 1068
1725 44 2090
1068 2090 407
525 1069 2329
1069 407 2093
2329 2093 14
12 2330 2082
2330 526 1073
2082 1073 402
526 2331 1071
2331 104 1729
1071 1729 227
402 1072 2084
1072 227 1733
2084 1733 42
104 2332 1728
2332 527 1076
1728 1076 225
527 2333 1074
2333 0 2334
1074 2334 528
225 1075 1730
1075 528 2335
1730 2335 105
42 1732 2086
1732 226 1079
2086 1079 404
226 1731 1077
1731 105 2336
1077 2336 529
404 1078 2087
1078 529 2337
2087 2337 13
14 2092 2338
2092 406 1082
2338 1082 530
406 2091 1080
2091 43 1735
1080 1735 230
530 1081 2339
1081 230 1739
2339 1739 107
43 2089 1734
2089 405 1085
1734 1085 228
405 2088 1083
2088 13 2340
1083 2340 531
228 1084 1736
1084 531 2341
1736 2341 106
107 1738 2342
1738 229 1088
2342 1088 533
229 1737 1086
1737 106 2343
1086 2343 532
533 1087 2345
1087 532 2344
2345 2344 4
0 2333 2346
2333 527 1091
2346 1091 534
527 2332 1089
2332 104 1741
1089 1741 233
534 1090 2347
1090 233 1745
2347 1745 108
104 2331 1740
2331 526 1094
1740 1094 231
526 2330 1092
2330 12 2095
1092 2095 409
231 1093 1742
1093 409 2097
1742 2097 47
108 1744 2348
1744 232 1097
2348 1097 535
232 1743 1095
1743 47 2102
1095 2102 413
535 1096 2349
1096 413 2105
2349 2105 16
12 2327 2094
2327 524 1100
2094 1100 408
524 2326 1098
2326 102 1747
1098 1747 236
408 1099 2096
1099 236 1751
2096 1751 45
102 2324 1746
2324 522 1103
1746 1103 234
522 2322 1101
2322 1 2350
1101 2350 536
234 1102 1748
1102 536 2351
1748 2351 109
45 1750 2098
1750 235 1106
2098 1106 410
235 1749 1104
1749 109 2352
1104 2352 537
410 1105 2099
1105 537 2353
2099 2353 15
16 2104 2354
2104 412 1109
2354 1109 538
412 2103 1107
2103 46 1753
1107 1753 239
538 1108 2355
1108 239 1757
2355 1757 111
46 2101 1752
2101 411 1112
1752 1112 237
411 2100 1110
2100 15 2356
1110 2356 539
237 1111 1754
1111 539 2357
1754 2357 110
111 1756 2358
1756 238 1115
2358 1115 541
238 1755 1113
1755 110 2359
1113 2359 540
541 1114 2361
1114 540 2360
2361 2360 6
2 2362 2363
2362 542 1118
2363 1118 543
542 2364 1116
2364 112 1759
1116 1759 242
543 1117 2365
1117 242 1763
2365 1763 113
112 2366 1758
2366 544 1121
1758 1121 240
544 2367 1119
2367 17 2107
1119 2107 415
240 1120 1760
1120 415 2109
1760 2109 50
113 1762 2368
1762 241 1124
2368 1124 545
241 1761 1122
1761 50 2114
1122 2114 419
545 1123 2369
1123 419 2117
2369 2117 19
17 2370 2106
2370 546 1127
2106 1127 414
546 2371 1125
2371 114 1765
1125 1765 245
414 1126 2108
1126 245 1769
2108 1769 48
114 2372 1764
2372 547 1130
1764 1130 243
547 2373 1128
2373 3 2374
1128 2374 548
243 1129 1766
1129 548 2375
1766 2375 115
48 1768 2110
1768 244 1133
2110 1133 416
244 1767 1131
1767 115 2376
1131 2376 549
416 1132 2111
1132 549 2377
2111 2377 18
19 2116 2378
2116 418 1136
2378 1136 550
418 2115 1134
2115 49 1771
1134 1771 248
550 1135 2379
1135 248 1775
2379 1775 117
49 2113 1770
2113 417 1139
1770 1139 246
417 2112 1137
2112 18 2380
1137 2380 551
246 1138 1772
1138 551 2381
1772 2381 116
117 1774 2382
1774 247 1142
2382 1142 553
247 1773 1140
1773 116 2383
1140 2383 552
553 1141 2385
1141 552 2384
2385 2384 5
3 2373 2386
2373 547 1145
2386 1145 554
547 2372 1143
2372 114 1777
1143 1777 251
554 1144 2387
1144 251 1781
2387 1781 118
114 2371 1776
2371 546 1148
1776 1148 249
546 2370 1146
2370 17 2119
1146 2119 421
249 1147 1778
1147 421 2121
1778 2121 53
118 1780 2388
1780 250 1151
2388 1151 555
250 1779 1149
1779 53 2126
1149 2126 425
555 1150 2389
1150 425 2129
2389 2129 21
17 2367 2118
2367 544 1154
2118 1154 420
544 2366 1152
2366 112 1783
1152 1783 254
420 1153 2120
1153 254 1787
2120 1787 51
112 2364 1782
2364 542 1157
1782 1157 252
542 2362 1155
2362 2 2390
1155 2390 556
252 1156 1784
1156 556 2391
1784 2391 119
51 1786 2122
1786 253 1160
2122 1160 422
253 1785 1158
1785 119 2392
1158 2392 557
422 1159 2123
1159 557 2393
2123 2393 20
21 2128 2394
2128 424 1163
2394 1163 558
424 2127 1161
2127 52 1789
1161 1789 257
558 1162 2395
1162 257 1793
2395 1793 121
52 2125 1788
2125 423 1166
1788 1166 255
423 2124 1164
2124 20 2396
1164 2396 559
255 1165 1790
1165 559 2397
1790 2397 120
121 1792 2398
1792 256 1169
2398 1169 561
256 1791 1167
1791 120 2399
1167 2399 560
561 1168 2401
1168 560 2400
2401 2400 7
4 2402 2403
2402 562 1172
2403 1172 563
562 2404 1170
2404 122 1795
1170 1795 260
563 1171 2405
1171 260 1799
2405 1799 123
122 2406 1794
2406 564 1175
1794 1175 258
564 2407 1173
2407 22 2131
1173 2131 427
258 1174 1796
1174 427 2133
1796 2133 56
123 1798 2408
1798 259 1178
2408 1178 565
259 1797 1176
1797 56 2138
1176 2138 431
565 1177 2409
1177 431 2141
2409 2141 24
22 2410 2130
2410 566 1181
2130 1181 426
566 2411 1179
2411 124 1801
1179 1801 263
426 1180 2132
1180 263 1805
2132 1805 54
124 2412 1800
2412 567 1184
1800 1184 261
567 2413 1182
2413 5 2414
1182 2414 568
261 1183 1802
1183 568 2415
1802 2415 125
54 1804 2134
1804 262 1187
2134 1187 428
262 1803 1185
1803 125 2416
1185 2416 569
428 1186 2135
1186 569 2417
2135 2417 23
24 2140 2418
2140 430 1190
2418 1190 570
430 2139 1188
2139 55 1807
1188 1807 266
570 1189 2419
1189 266 1811
2419 1811 127
55 2137 1806
2137 429 1193
1806 1193 264
429 2136 1191
2136 23 2420
1191 2420 571
264 1192 1808
1192 571 2421
1808 2421 126
127 1810 2422
1810 265 1196
2422 1196 573
265 1809 1194
1809 126 2423
1194 2423 572
573 1195 2425
1195 572 2424
2425 2424 10
5 2413 2426
2413 567 1199
2426 1199 574
567 2412 1197
2412 124 1813
1197 1813 269
574 1198 2427
1198 269 1817
2427 1817 128
124 2411 1812
2411 566 1202
1812 1202 267
566 2410 1200
2410 22 2143
1200 2143 433
267 1201 1814
1201 433 2145
1814 2145 59
128 1816 2428
1816 268 1205
2428 1205 575
268 1815 1203
1815 59 2150
1203 2150 437
575 1204 2429
1204 437 2153
2429 2153 26
22 2407 2142
2407 564 1208
2142 1208 432
564 2406 1206
2406 122 1819
1206 1819 272
432 1207 2144
1207 272 1823
2144 1823 57
122 2404 1818
2404 562 1211
1818 1211 270
562 2402 1209
2402 4 2430
1209 2430 576
270 1210 1820
1210 576 2431
1820 2431 129
57 1822 2146
1822 271 1214
2146 1214 434
271 1821 1212
1821 129 2432
1212 2432 577
434 1213 2147
1213 577 2433
2147 2433 25
26 2152 2434
2152 436 1217
2434 1217 578
436 2151 1215
2151 58 1825
1215 1825 275
578 1216 2435
1216 275 1829
2435 1829 131
58 2149 1824
2149 435 1220
1824 1220 273
435 2148 1218
2148 25 2436
1218 2436 579
273 1219 1826
1219 579 2437
1826 2437 130
131 1828 2438
1828 274 1223
2438 1223 581
274 1827 1221
1827 130 2439
1221 2439 580
581 1222 2441
1222 580 2440
2441 2440 8
6 2442 2443
2442 582 1226
2443 1226 583
582 2444 1224
2444 132 1831
1224 1831 278
583 1225 2445
1225 278 1835
2445 1835 133
132 2446 1830
2446 584 1229
1830 1229 276
584 2447 1227
2447 27 2155
1227 2155 439
276 1228 1832
1228 439 2157
1832 2157 62
133 1834 2448
1834 277 1232
2448 1232 585
277 1833 1230
1833 62 2162
1230 2162 443
585 1231 2449
1231 443 2165
2449 2165 29
27 2450 2154
2450 586 1235
2154 1235 438
586 2451 1233
2451 134 1837
1233 1837 281
438 1234 2156
1234 281 1841
2156 1841 60
134 2452 1836
2452 587 1238
1836 1238 279
587 2453 1236
2453 7 2454
1236 2454 588
279 1237 1838
1237 588 2455
1838 2455 135
60 1840 2158
1840 280 1241
2158 1241 440
280 1839 1239
1839 135 2456
1239 2456 589
440 1240 2159
1240 589 2457
2159 2457 28
29 2164 2458
2164 442 1244
2458 1244 590
442 2163 1242
2163 61 1843
1242 1843 284
590 1243 2459
1243 284 1847
2459 1847 137
61 2161 1842
2161 441 1247
1842 1247 282
441 2160 1245
2160 28 2460
1245 2460 591
282 1246 1844
1246 591 2461
1844 2461 136
137 1846 2462
1846 283 1250
2462 1250 593
283 1845 1248
1845 136 2463
1248 2463 592
593 1249 2465
1249 592 2464
2465 2464 9
7 2453 2466
2453 587 1253
2466 1253 594
587 2452 1251
2452 134 1849
1251 1849 287
594 1252 2467
1252 287 1853
2467 1853 138
134 2451 1848
2451 586 1256
1848 1256 285
586 2450 1254
2450 27 2167
1254 2167 445
285 1255 1850
1255 445 2169
1850 2169 65
138 1852 2468
1852 286 1259
2468 1259 595
286 1851 1257
1851 65 2174
1257 2174 449
595 1258 2469
1258 449 2177
2469 2177 31
27 2447 2166
2447 584 1262
2166 1262 444
584 2446 1260
2446 132 1855
1260 1855 290
444 1261 2168
1261 290 1859
2168 1859 63
132 2444 1854
2444 582 1265
1854 1265 288
582 2442 1263
2442 6 2470
1263 2470 596
288 1264 1856
1264 596 2471
1856 2471 139
63 1858 2170
1858 289 1268
2170 1268 446
289 1857 1266
1857 139 2472
1266 2472 597
446 1267 2171
1267 597 2473
2171 2473 30
31 2176 2474
2176 448 1271
2474 1271 598
448 2175 1269
2175 64 1861
1269 1861 293
598 1270 2475
1270 293 1865
2475 1865 141
64 2173 1860
2173 447 1274
1860 1274 291
447 2172 1272
2172 30 2476
1272 2476 599
291 1273 1862
1273 599 2477
1862 2477 140
141 1864 2478
1864 292 1277
2478 1277 601
292 1863 1275
1863 140 2479
1275 2479 600
601 1276 2481
1276 600 2480
2481 2480 11
8 2482 2483
2482 602 1280
2483 1280 603
602 2484 1278
2484 142 1867
1278 1867 296
603 1279 2485
1279 296 1871
2485 1871 143
142 2486 1866
2486 604 1283
1866 1283 294
604 2487 1281
2487 32 2179
1281 2179 451
294 1282 1868
1282 451 2181
1868 2181 68
143 1870 2488
1870 295 1286
2488 1286 605
295 1869 1284
1869 68 2186
1284 2186 455
605 1285 2489
1285 455 2189
2489 2189 34
32 2490 2178
2490 606 1289
2178 1289 450
606 2491 1287
2491 144 1873
1287 1873 299
450 1288 2180
1288 299 1877
2180 1877 66
144 2492 1872
2492 607 1292
1872 1292 297
607 2493 1290
2493 9 2494
1290 2494 608
297 1291 1874
1291 608 2495
1874 2495 145
66 1876 2182
1876 298 1295
2182 1295 452
298 1875 1293
1875 145 2496
1293 2496 609
452 1294 2183
1294 609 2497
2183 2497 33
34 2188 2498
2188 454 1298
2498 1298 610
454 2187 1296
2187 67 1879
1296 1879 302
610 1297 2499
1297 302 1883
2499 1883 147
67 2185 1878
2185 453 1301
1878 1301 300
453 2184 1299
2184 33 2500
1299 2500 611
300 1300 1880
1300 611 2501
1880 2501 146
147 1882 2502
1882 301 1304
2502 1304 613
301 1881 1302
1881 146 2503
1302 2503 612
613 1303 2505
1303 612 2504
2505 2504 2
9 2493 2506
2493 607 1307
2506 1307 614
607 2492 1305
2492 144 1885
1305 1885 305
614 1306 2507
1306 305 1889
2507 1889 148
144 2491 1884
2491 606 1310
1884 1310 303
606 2490 1308
2490 32 2191
1308 2191 457
303 1309 1886
1309 457 2193
1886 2193 71
148 1888 2508
1888 304 1313
2508 1313 615
304 1887 1311
1887 71 2198
1311 2198 461
615 1312 2509
1312 461 2201
2509 2201 36
32 2487 2190
2487 604 1316
2190 1316 456
604 2486 1314
2486 142 1891
1314 1891 308
456 1315 2192
1315 308 1895
2192 1895 69
142 2484 1890
2484 602 1319
1890 1319 306
602 2482 1317
2482 8 2510
1317 2510 616
306 1318 1892
1318 616 2511
1892 2511 149
69 1894 2194
1894 307 1322
2194 1322 458
307 1893 1320
1893 149 2512
1320 2512 617
458 1321 2195
1321 617 2513
2195 2513 35
36 2200 2514
2200 460 1325
2514 1325 618
460 2199 1323
2199 70 1897
1323 1897 311
618 1324 2515
1324 311 1901
2515 1901 151
70 2197 1896
2197 459 1328
1896 1328 309
459 2196 1326
2196 35 2516
1326 2516 619
309 1327 1898
1327 619 2517
1898 2517 150
151 1900 2518
1900 310 1331
2518 1331 621
310 1899 1329
1899 150 2519
1329 2519 620
621 1330 2521
1330 620 2520
2521 2520 0
10 2522 2523
2522 622 1334
2523 1334 623
622 2524 1332
2524 152 1903
1332 1903 314
623 1333 2525
1333 314 1907
2525 1907 153
152 2526 1902
2526 624 1337
1902 1337 312
624 2527 1335
2527 37 2203
1335 2203 463
312 1336 1904
1336 463 2205
1904 2205 74
153 1906 2528
1906 313 1340
2528 1340 625
313 1905 1338
1905 74 2210
1338 2210 467
625 1339 2529
1339 467 2213
2529 2213 39
37 2530 2202
2530 626 1343
2202 1343 462
626 2531 1341
2531 154 1909
1341 1909 317
462 1342 2204
1342 317 1913
2204 1913 72
154 2532 1908
2532 627 1346
1908 1346 315
627 2533 1344
2533 11 2534
1344 2534 628
315 1345 1910
1345 628 2535
1910 2535 155
72 1912 2206
1912 316 1349
2206 1349 464
316 1911 1347
1911 155 2536
1347 2536 629
464 1348 2207
1348 629 2537
2207 2537 38
39 2212 2538
2212 466 1352
2538 1352 630
466 2211 1350
2211 73 1915
1350 1915 320
630 1351 2539
1351 320 1919
2539 1919 157
73 2209 1914
2209 465 1355
1914 1355 318
465 2208 1353
2208 38 2540
1353 2540 631
318 1354 1916
1354 631 2541
1916 2541 156
157 1918 2542
1918 319 1358
2542 1358 633
319 1917 1356
1917 156 2543
1356 2543 632
633 1357 2545
1357 632 2544
2545 2544 1
11 2533 2546
2533 627 1361
2546 1361 634
627 2532 1359
2532 154 1921
1359 1921 323
634 1360 2547
1360 323 1925
2547 1925 158
154 2531 1920
2531 626 1364
1920 1364 321
626 2530 1362
2530 37 2215
1362 2215 469
321 1363 1922
1363 469 2217
1922 2217 77
158 1924 2548
1924 322 1367
2548 1367 635
322 1923 1365
1923 77 2222
1365 2222 473
635 1366 2549
1366 473 2225
2549 2225 41
37 2527 2214
2527 624 1370
2214 1370 468
624 2526 1368
2526 152 1927
1368 1927 326
468 1369 2216
1369 326 1931
2216 1931 75
152 2524 1926
2524 622 1373
1926 1373 324
622 2522 1371
2522 10 2550
1371 2550 636
324 1372 1928
1372 636 2551
1928 2551 159
75 1930 2218
1930 325 1376
2218 1376 470
325 1929 1374
1929 159 2552
1374 2552 637
470 1375 2219
1375 637 2553
2219 2553 40
41 2224 2554
2224 472 1379
2554 1379 638
472 2223 1377
2223 76 1933
1377 1933 329
638 1378 2555
1378 329 1937
2555 1937 161
76 2221 1932
2221 471 1382
1932 1382 327
471 2220 1380
2220 40 2556
1380 2556 639
327 1381 1934
1381 639 2557
1934 2557 160
161 1936 2558
1936 328 1385
2558 1385 641
328 1935 1383
1935 160 2559
1383 2559 640
641 1384 2561
1384 640 2560
2561 2560 3
0 2520 2334
2520 620 1388
2334 1388 528
620 2519 1386
2519 150 1939
1386 1939 332
528 1387 2335
1387 332 1943
2335 1943 105
150 2517 1938
2517 619 1391
1938 1391 330
619 2516 1389
2516 35 2227
1389 2227 475
330 1390 1940
1390 475 2229
1940 2229 80
105 1942 2336
1942 331 1394
2336 1394 529
331 1941 1392
1941 80 2234
1392 2234 479
529 1393 2337
1393 479 2237
2337 2237 13
35 2513 2226
2513 617 1397
2226 1397 474
617 2512 1395
2512 149 1945
1395 1945 335
474 1396 2228
1396 335 1949
2228 1949 78
149 2511 1944
2511 616 1400
1944 1400 333
616 2510 1398
2510 8 2440
1398 2440 580
333 1399 1946
1399 580 2439
1946 2439 130
78 1948 2230
1948 334 1403
2230 1403 476
334 1947 1401
1947 130 2437
1401 2437 579
476 1402 2231
1402 579 2436
2231 2436 25
13 2236 2340
2236 478 1406
2340 1406 531
478 2235 1404
2235 79 1951
1404 1951 338
531 1405 2341
1405 338 1955
2341 1955 106
79 2233 1950
2233 477 1409
1950 1409 336
477 2232 1407
2232 25 2433
1407 2433 577
336 1408 1952
1408 577 2432
1952 2432 129
106 1954 2343
1954 337 1412
2343 1412 532
337 1953 1410
1953 129 2431
1410 2431 576
532 1411 2344
1411 576 2430
2344 2430 4
0 2346 2521
2346 534 1415
2521 1415 621
534 2347 1413
2347 108 1957
1413 1957 341
621 1414 2518
1414 341 1961
2518 1961 151
108 2348 1956
2348 535 1418
1956 1418 339
535 2349 1416
2349 16 2239
1416 2239 481
339 1417 1958
1417 481 2241
1958 2241 83
151 1960 2515
1960 340 1421
2515 1421 618
340 1959 1419
1959 83 2246
1419 2246 485
618 1420 2514
1420 485 2249
2514 2249 36
16 2354 2238
2354 538 1424
2238 1424 480
538 2355 1422
2355 111 1963
1422 1963 344
480 1423 2240
1423 344 1967
2240 1967 81
111 2358 1962
2358 541 1427
1962 1427 342
541 2361 1425
2361 6 2443
1425 2443 583
342 1426 1964
1426 583 2445
1964 2445 133
81 1966 2242
1966 343 1430
2242 1430 482
343 1965 1428
1965 133 2448
1428 2448 585
482 1429 2243
1429 585 2449
2243 2449 29
36 2248 2509
2248 484 1433
2509 1433 615
484 2247 1431
2247 82 1969
1431 1969 347
615 1432 2508
1432 347 1973
2508 1973 148
82 2245 1968
2245 483 1436
1968 1436 345
483 2244 1434
2244 29 2458
1434 2458 590
345 1435 1970
1435 590 2459
1970 2459 137
148 1972 2507
1972 346 1439
2507 1439 614
346 1971 1437
1971 137 2462
1437 2462 593
614 1438 2506
1438 593 2465
2506 2465 9
1 2323 2545
2323 523 1442
2545 1442 633
523 2325 1440
2325 103 1975
1440 1975 350
633 1441 2542
1441 350 1979
2542 1979 157
103 2328 1974
2328 525 1445
1974 1445 348
525 2329 1443
2329 14 2251
1443 2251 487
348 1444 1976
1444 487 2253
1976 2253 86
157 1978 2539
1978 349 1448
2539 1448 630
349 1977 1446
1977 86 2258
1446 2258 491
630 1447 2538
1447 491 2261
2538 2261 39
14 2338 2250
2338 530 1451
2250 1451 486
530 2339 1449
2339 107 1981
1449 1981 353
486 1450 2252
1450 353 1985
2252 1985 84
107 2342 1980
2342 533 1454
1980 1454 351
533 2345 1452
2345 4 2403
1452 2403 563
351 1453 1982
1453 563 2405
1982 2405 123
84 1984 2254
1984 352 1457
2254 1457 488
352 1983 1455
1983 123 2408
1455 2408 565
488 1456 2255
1456 565 2409
2255 2409 24
39 2260 2529
2260 490 1460
2529 1460 625
490 2259 1458
2259 85 1987
1458 1987 356
625 1459 2528
1459 356 1991
2528 1991 153
85 2257 1986
2257 489 1463
1986 1463 354
489 2256 1461
2256 24 2418
1461 2418 570
354 1462 1988
1462 570 2419
1988 2419 127
153 1990 2525
1990 355 1466
2525 1466 623
355 1989 1464
1989 127 2422
1464 2422 573
623 1465 2523
1465 573 2425
2523 2425 10
1 2544 2350
2544 632 1469
2350 1469 536
632 2543 1467
2543 156 1993
1467 1993 359
536 1468 2351
1468 359 1997
2351 1997 109
156 2541 1992
2541 631 1472
1992 1472 357
631 2540 1470
2540 38 2263
1470 2263 493
357 1471 1994
1471 493 2265
1994 2265 89
109 1996 2352
1996 358 1475
2352 1475 537
358 1995 1473
1995 89 2270
1473 2270 497
537 1474 2353
1474 497 2273
2353 2273 15
38 2537 2262
2537 629 1478
2262 1478 492
629 2536 1476
2536 155 1999
1476 1999 362
492 1477 2264
1477 362 2003
2264 2003 87
155 2535 1998
2535 628 1481
1998 1481 360
628 2534 1479
2534 11 2480
1479 2480 600
360 1480 2000
1480 600 2479
2000 2479 140
87 2002 2266
2002 361 1484
2266 1484 494
361 2001 1482
2001 140 2477
1482 2477 599
494 1483 2267
1483 599 2476
2267 2476 30
15 2272 2356
2272 496 1487
2356 1487 539
496 2271 1485
2271 88 2005
1485 2005 365
539 1486 2357
1486 365 2009
2357 2009 110
88 2269 2004
2269 495 1490
2004 1490 363
495 2268 1488
2268 30 2473
1488 2473 597
363 1489 2006
1489 597 2472
2006 2472 139
110 2008 2359
2008 364 1493
2359 1493 540
364 2007 1491
2007 139 2471
1491 2471 596
540 1492 2360
1492 596 2470
2360 2470 6
2 2363 2505
2363 543 1496
2505 1496 613
543 2365 1494
2365 113 2011
1494 2011 368
613 1495 2502
1495 368 2015
2502 2015 147
113 2368 2010
2368 545 1499
2010 1499 366
545 2369 1497
2369 19 2275
1497 2275 499
366 1498 2012
1498 499 2277
2012 2277 92
147 2014 2499
2014 367 1502
2499 1502 610
367 2013 1500
2013 92 2282
1500 2282 503
610 1501 2498
1501 503 2285
2498 2285 34
19 2378 2274
2378 550 1505
2274 1505 498
550 2379 1503
2379 117 2017
1503 2017 371
498 1504 2276
1504 371 2021
2276 2021 90
117 2382 2016
2382 553 1508
2016 1508 369
553 2385 1506
2385 5 2426
1506 2426 574
369 1507 2018
1507 574 2427
2018 2427 128
90 2020 2278
2020 370 1511
2278 1511 500
370 2019 1509
2019 128 2428
1509 2428 575
500 1510 2279
1510 575 2429
2279 2429 26
34 2284 2489
2284 502 1514
2489 1514 605
502 2283 1512
2283 91 2023
1512 2023 374
605 1513 2488
1513 374 2027
2488 2027 143
91 2281 2022
2281 501 1517
2022 1517 372
501 2280 1515
2280 26 2434
1515 2434 578
372 1516 2024
1516 578 2435
2024 2435 131
143 2026 2485
2026 373 1520
2485 1520 603
373 2025 1518
2025 131 2438
1518 2438 581
603 1519 2483
1519 581 2441
2483 2441 8
2 2504 2390
2504 612 1523
2390 1523 556
612 2503 1521
2503 146 2029
1521 2029 377
556 1522 2391
1522 377 2033
2391 2033 119
146 2501 2028
2501 611 1526
2028 1526 375
611 2500 1524
2500 33 2287
1524 2287 505
375 1525 2030
1525 505 2289
2030 2289 95
119 2032 2392
2032 376 1529
2392 1529 557
376 2031 1527
2031 95 2294
1527 2294 509
557 1528 2393
1528 509 2297
2393 2297 20
33 2497 2286
2497 609 1532
2286 1532 504
609 2496 1530
2496 145 2035
1530 2035 380
504 1531 2288
1531 380 2039
2288 2039 93
145 2495 2034
2495 608 1535
2034 1535 378
608 2494 1533
2494 9 2464
1533 2464 592
378 1534 2036
1534 592 2463
2036 2463 136
93 2038 2290
2038 379 1538
2290 1538 506
379 2037 1536
2037 136 2461
1536 2461 591
506 1537 2291
1537 591 2460
2291 2460 28
20 2296 2396
2296 508 1541
2396 1541 559
508 2295 1539
2295 94 2041
1539 2041 383
559 1540 2397
1540 383 2045
2397 2045 120
94 2293 2040
2293 507 1544
2040 1544 381
507 2292 1542
2292 28 2457
1542 2457 589
381 1543 2042
1543 589 2456
2042 2456 135
120 2044 2399
2044 382 1547
2399 1547 560
382 2043 1545
2043 135 2455
1545 2455 588
560 1546 2400
1546 588 2454
2400 2454 7
3 2560 2374
2560 640 1550
2374 1550 548
640 2559 1548
2559 160 2047
1548 2047 386
548 1549 2375
1549 386 2051
2375 2051 115
160 2557 2046
2557 639 1553
2046 1553 384
639 2556 1551
2556 40 2299
1551 2299 511
384 1552 2048
1552 511 2301
2048 2301 98
115 2050 2376
2050 385 1556
2376 1556 549
385 2049 1554
2049 98 2306
1554 2306 515
549 1555 2377
1555 515 2309
2377 2309 18
40 2553 2298
2553 637 1559
2298 1559 510
637 2552 1557
2552 159 2053
1557 2053 389
510 1558 2300
1558 389 2057
2300 2057 96
159 2551 2052
2551 636 1562
2052 1562 387
636 2550 1560
2550 10 2424
1560 2424 572
387 1561 2054
1561 572 2423
2054 2423 126
96 2056 2302
2056 388 1565
2302 1565 512
388 2055 1563
2055 126 2421
1563 2421 571
512 1564 2303
1564 571 2420
2303 2420 23
18 2308 2380
2308 514 1568
2380 1568 551
514 2307 1566
2307 97 2059
1566 2059 392
551 1567 2381
1567 392 2063
2381 2063 116
97 2305 2058
2305 513 1571
2058 1571 390
513 2304 1569
2304 23 2417
1569 2417 569
390 1570 2060
1570 569 2416
2060 2416 125
116 2062 2383
2062 391 1574
2383 1574 552
391 2061 1572
2061 125 2415
1572 2415 568
552 1573 2384
1573 568 2414
2384 2414 5
3 2386 2561
2386 554 1577
2561 1577 641
554 2387 1575
2387 118 2065
1575 2065 395
641 1576 2558
1576 395 2069
2558 2069 161
118 2388 2064
2388 555 1580
2064 1580 393
555 2389 1578
2389 21 2311
1578 2311 517
393 1579 2066
1579 517 2313
2066 2313 101
161 2068 2555
2068 394 1583
2555 1583 638
394 2067 1581
2067 101 2318
1581 2318 521
638 1582 2554
1582 521 2321
2554 2321 41
21 2394 2310
2394 558 1586
2310 1586 516
558 2395 1584
2395 121 2071
1584 2071 398
516 1585 2312
1585 398 2075
2312 2075 99
121 2398 2070
2398 561 1589
2070 1589 396
561 2401 1587
2401 7 2466
1587 2466 594
396 1588 2072
1588 594 2467
2072 2467 138
99 2074 2314
2074 397 1592
2314 1592 518
397 2073 1590
2073 138 2468
1590 2468 595
518 1591 2315
1591 595 2469
2315 2469 31
41 2320 2549
2320 520 1595
2549 1595 635
520 2319 1593
2319 100 2077
1593 2077 401
635 1594 2548
1594 401 2081
2548 2081 158
100 2317 2076
2317 519 1598
2076 1598 399
519 2316 1596
2316 31 2474
1596 2474 598
399 1597 2078
1597 598 2475
2078 2475 141
158 2080 2547
2080 400 1601
2547 1601 634
400 2079 1599
2079 141 2478
1599 2478 601
634 1600 2546
1600 601 2481
2546 2481 11
