#  wavelength [um]       absorption coefficient [m-1]
1.245922208281053933e+00 1.696002288418139797e+06
1.247929736511919740e+00 1.720524446889142971e+06
1.249937264742785548e+00 1.720524446889142971e+06
1.251944792973651133e+00 1.720524446889142971e+06
1.253952321204516940e+00 1.720524446889142971e+06
1.255959849435382747e+00 1.720524446889142971e+06
1.257967377666248554e+00 1.720524446889142971e+06
1.259974905897114139e+00 1.696002288418139797e+06
1.261982434127979946e+00 1.696002288418139797e+06
1.263989962358845753e+00 1.696002288418139797e+06
1.265997490589711338e+00 1.671829637480824953e+06
1.268005018820577146e+00 1.671829637480824953e+06
1.270012547051442953e+00 1.671829637480824953e+06
1.272020075282308538e+00 1.671829637480824953e+06
1.274027603513174345e+00 1.648001512643107679e+06
1.276035131744040152e+00 1.648001512643107679e+06
1.278042659974905959e+00 1.648001512643107679e+06
1.280050188205771544e+00 1.648001512643107679e+06
1.282057716436637351e+00 1.624513003469901392e+06
1.284065244667503158e+00 1.648001512643107679e+06
1.286072772898368743e+00 1.648001512643107679e+06
1.288080301129234773e+00 1.624513003469901392e+06
1.290087829360100358e+00 1.601359269513190258e+06
1.292095357590966165e+00 1.624513003469901392e+06
1.294102885821831972e+00 1.624513003469901392e+06
1.296110414052697557e+00 1.601359269513190258e+06
1.298117942283563364e+00 1.601359269513190258e+06
1.300125470514429171e+00 1.601359269513190258e+06
1.302132998745294978e+00 1.601359269513190258e+06
1.304140526976160563e+00 1.578535539314524503e+06
1.306148055207026371e+00 1.578535539314524503e+06
1.308155583437892178e+00 1.556037109421729110e+06
1.310163111668757763e+00 1.556037109421729110e+06
1.312170639899623570e+00 1.556037109421729110e+06
1.314178168130489377e+00 1.556037109421729110e+06
1.316185696361354962e+00 1.556037109421729110e+06
1.318193224592220769e+00 1.556037109421729110e+06
1.320200752823086576e+00 1.533859343419631477e+06
1.322208281053952383e+00 1.533859343419631477e+06
1.324215809284817968e+00 1.511997670974599663e+06
1.326223337515683776e+00 1.511997670974599663e+06
1.328230865746549583e+00 1.511997670974599663e+06
1.330238393977415168e+00 1.490447586892702151e+06
1.332245922208281197e+00 1.490447586892702151e+06
1.334253450439146782e+00 1.469204650191284716e+06
1.336260978670012589e+00 1.469204650191284716e+06
1.338268506900878396e+00 1.469204650191284716e+06
1.340276035131743981e+00 1.448264483183799079e+06
1.342283563362609788e+00 1.448264483183799079e+06
1.344291091593475596e+00 1.427622770577641670e+06
1.346298619824341403e+00 1.427622770577641670e+06
1.348306148055206988e+00 1.427622770577641670e+06
1.350313676286072795e+00 1.407275258584882366e+06
1.352321204516938602e+00 1.407275258584882366e+06
1.354328732747804187e+00 1.407275258584882366e+06
1.356336260978669994e+00 1.407275258584882366e+06
1.358343789209535801e+00 1.387217754045652226e+06
1.360351317440401386e+00 1.387217754045652226e+06
1.362358845671267193e+00 1.387217754045652226e+06
1.364366373902133001e+00 1.367446123564025853e+06
1.366373902132998808e+00 1.367446123564025853e+06
1.368381430363864393e+00 1.347956292656234233e+06
1.370388958594730200e+00 1.328744244910988025e+06
1.372396486825596007e+00 1.328744244910988025e+06
1.374404015056461592e+00 1.309806021161799086e+06
1.376411543287327621e+00 1.309806021161799086e+06
1.378419071518193206e+00 1.309806021161799086e+06
1.380426599749059013e+00 1.291137718671082519e+06
1.382434127979924821e+00 1.291137718671082519e+06
1.384441656210790406e+00 1.272735490325891646e+06
1.386449184441656213e+00 1.254595543845114997e+06
1.388456712672522020e+00 1.254595543845114997e+06
1.390464240903387827e+00 1.236714140997973504e+06
1.392471769134253412e+00 1.236714140997973504e+06
1.394479297365119219e+00 1.219087596833656542e+06
1.396486825595985026e+00 1.219087596833656542e+06
1.398494353826850611e+00 1.201712278921936406e+06
1.400501882057716641e+00 1.201712278921936406e+06
1.402509410288582226e+00 1.184584606604605680e+06
1.404516938519447811e+00 1.184584606604605680e+06
1.406524466750313840e+00 1.167701050257593393e+06
1.408531994981179425e+00 1.167701050257593393e+06
1.410539523212045232e+00 1.151058130563576007e+06
1.412547051442911039e+00 1.151058130563576007e+06
1.414554579673776624e+00 1.134652417794978945e+06
1.416562107904642431e+00 1.118480531107184477e+06
1.418569636135508238e+00 1.118480531107184477e+06
1.420577164366374046e+00 1.102539137841815129e+06
1.422584692597239631e+00 1.102539137841815129e+06
1.424592220828105438e+00 1.086824952839956386e+06
1.426599749058971245e+00 1.086824952839956386e+06
1.428607277289836830e+00 1.071334737765148282e+06
1.430614805520702637e+00 1.071334737765148282e+06
1.432622333751568444e+00 1.056065300436045043e+06
1.434629861982434251e+00 1.056065300436045043e+06
1.436637390213299836e+00 1.041013494168577716e+06
1.438644918444165643e+00 1.026176217127494398e+06
1.440652446675031451e+00 1.026176217127494398e+06
1.442659974905897036e+00 1.011550411687141401e+06
1.444667503136763065e+00 1.011550411687141401e+06
1.446675031367628650e+00 9.971330638013572898e+05
1.448682559598494235e+00 9.829212023823455675e+05
1.450690087829360264e+00 9.829212023823455675e+05
1.452697616060225849e+00 9.689118986884013284e+05
1.454705144291091656e+00 9.551022657203641720e+05
1.456712672521957463e+00 9.551022657203641720e+05
1.458720200752823049e+00 9.414894576266732765e+05
1.460727728983688856e+00 9.280706691169018159e+05
1.462735257214554663e+00 9.280706691169018159e+05
1.464742785445420470e+00 9.148431348836508114e+05
1.466750313676286055e+00 9.018041290326816961e+05
1.468757841907151862e+00 9.018041290326816961e+05
1.470765370138017669e+00 8.889509645211696625e+05
1.472772898368883254e+00 8.762809926039727870e+05
1.474780426599749061e+00 8.762809926039727870e+05
1.476787954830614868e+00 8.637916022877745563e+05
1.478795483061480676e+00 8.514802197930250550e+05
1.480803011292346261e+00 8.393443080235414673e+05
1.482810539523212068e+00 8.393443080235414673e+05
1.484818067754077875e+00 8.273813660436684731e+05
1.486825595984943460e+00 8.155889285628993530e+05
1.488833124215809489e+00 8.039645654278250877e+05
1.490840652446675074e+00 7.925058811213417212e+05
1.492848180677540659e+00 7.812105142689874629e+05
1.494855708908406688e+00 7.812105142689874629e+05
1.496863237139272274e+00 7.700761371523166308e+05
1.498870765370138081e+00 7.482812066610213369e+05
1.500878293601003888e+00 7.376161618464650819e+05
1.502885821831869473e+00 7.376161618464650819e+05
1.504893350062735280e+00 7.271031229621445527e+05
1.506900878293601087e+00 7.167399235096302582e+05
1.508908406524466894e+00 7.065244278689990751e+05
1.510915934755332479e+00 6.964545308587229811e+05
1.512923462986198286e+00 6.865281573018444469e+05
1.514930991217064093e+00 6.767432615983288269e+05
1.516938519447929679e+00 6.767432615983288269e+05
1.518946047678795486e+00 6.670978273035105085e+05
1.520953575909661293e+00 6.575898667125557549e+05
1.522961104140527100e+00 6.482174204508329276e+05
1.524968632371392685e+00 6.389785570701359538e+05
1.526976160602258492e+00 6.208939904086226597e+05
1.528983688833124299e+00 6.120445603095496772e+05
1.530991217063989884e+00 6.033212586869769730e+05
1.532998745294855913e+00 5.947222878666580655e+05
1.535006273525721499e+00 5.862458757960997755e+05
1.537013801756587084e+00 5.778902756793813314e+05
1.539021329987453113e+00 5.696537656171836425e+05
1.541028858218318698e+00 5.615346482519385172e+05
1.543036386449184505e+00 5.456419227970732609e+05
1.545043914680050312e+00 5.378650395778632956e+05
1.547051442910915897e+00 5.301989981214998988e+05
1.549058971141781704e+00 5.151931438259176211e+05
1.551066499372647511e+00 5.078502386211038101e+05
1.553074027603513318e+00 5.006119898106792825e+05
1.555081555834378904e+00 4.864435160784843029e+05
1.557089084065244711e+00 4.795103713562253979e+05
1.559096612296110518e+00 4.659391220870148391e+05
1.561104140526976103e+00 4.592982208139668801e+05
1.563111668757841910e+00 4.462990220146980137e+05
1.565119196988707717e+00 4.336677305178416427e+05
1.567126725219573524e+00 4.213939336983400863e+05
1.569134253450439109e+00 4.153879226593499188e+05
1.571141781681304916e+00 4.036314865558203892e+05
1.573149309912170724e+00 3.866177557645822526e+05
1.575156838143036309e+00 3.756755817287134123e+05
1.577164366373902338e+00 3.703211816994122928e+05
1.579171894604767923e+00 3.547115350251912023e+05
1.581179422835633508e+00 3.397598606229735306e+05
1.583186951066499537e+00 3.301438730747901136e+05
1.585194479297365122e+00 3.162277660168379080e+05
1.587202007528230929e+00 3.117206592417984502e+05
1.589209535759096736e+00 2.985811209375344333e+05
1.591217063989962321e+00 2.819192220317788888e+05
1.593224592220828129e+00 2.700358633041127468e+05
1.595232120451693936e+00 2.586534076849062403e+05
1.597239648682559743e+00 2.549668922949147818e+05
1.599247176913425328e+00 2.373076401986987330e+05
1.601254705144291135e+00 2.305912867452462378e+05
1.603262233375156942e+00 2.177234647736721090e+05
1.605269761606022527e+00 2.085460627622391912e+05
1.607277289836888334e+00 1.969084434645857255e+05
1.609284818067754141e+00 1.913354804400076391e+05
1.611292346298619949e+00 1.832703753541874758e+05
1.613299874529485534e+00 1.681457077364836878e+05
1.615307402760351341e+00 1.657491735292611411e+05
1.617314930991217148e+00 1.542692264124132344e+05
1.619322459222082733e+00 1.415379229018555488e+05
1.621329987452948762e+00 1.355718667411940696e+05
1.623337515683814347e+00 1.226107865100670606e+05
1.625345043914679932e+00 1.191406185090796644e+05
1.627352572145545961e+00 1.062146784437524475e+05
1.629360100376411546e+00 1.002875179153836361e+05
1.631367628607277354e+00 8.940700997362013732e+04
1.633375156838143161e+00 7.970696252715641458e+04
1.635382685069008746e+00 7.208673599250163534e+04
1.637390213299874553e+00 6.426581949395991978e+04
1.639397741530740360e+00 5.812181290466907376e+04
1.641405269761606167e+00 5.034948265118997369e+04
1.643412797992471752e+00 4.424714838607601268e+04
1.645420326223337559e+00 3.944663622442006454e+04
1.647427854454203366e+00 3.320450478236070921e+04
1.649435382685068952e+00 3.046425231508073557e+04
1.651442910915934759e+00 2.386742058994194667e+04
1.653450439146800566e+00 2.009058203626317118e+04
1.655457967377666373e+00 1.691139958064493112e+04
1.657465495608531958e+00 1.383240689251178810e+04
1.659473023839397765e+00 9.523640484613639273e+03
1.661480552070263572e+00 7.569241626557063682e+03
1.663488080301129157e+00 6.463590224635516279e+03
1.665495608531995186e+00 5.440776022171094155e+03
1.667503136762860771e+00 4.920621389517314128e+03
1.669510664993726357e+00 4.514539594545363798e+03
1.671518193224592386e+00 3.855093473255427853e+03
1.673525721455457971e+00 3.639965411836374187e+03
1.675533249686323778e+00 3.339571707247916493e+03
1.677540777917189585e+00 3.108269759999534017e+03
1.679548306148055170e+00 2.934817144005895443e+03
1.681555834378920977e+00 2.771043806941715957e+03
1.683563362609786784e+00 2.654239754452329180e+03
1.685570890840652591e+00 2.616409610279491972e+03
1.687578419071518177e+00 2.470404557161470166e+03
1.689585947302383984e+00 2.400486411394974766e+03
1.691593475533249791e+00 2.332547110386217810e+03
1.693601003764115376e+00 2.202382604257588810e+03
1.695608531994981183e+00 2.170992654912186026e+03
1.697616060225846990e+00 2.079481745058219531e+03
1.699623588456712797e+00 2.020627616349516757e+03
1.701631116687578382e+00 1.963439195201987332e+03
1.703638644918444189e+00 1.880677004924958965e+03
1.705646173149309996e+00 1.827449508809453619e+03
1.707653701380175582e+00 1.775728473577614068e+03
1.709661229611041611e+00 1.700878598842660040e+03
1.711668757841907196e+00 1.676636447203277385e+03
1.713676286072772781e+00 1.629183769392614067e+03
1.715683814303638810e+00 1.583074111790751431e+03
1.717691342534504395e+00 1.538269463828748712e+03
1.719698870765370202e+00 1.494732890724420258e+03
1.721706398996236009e+00 1.452428503035090898e+03
1.723713927227101594e+00 1.411321427072075267e+03
1.725721455457967402e+00 1.371377776152494334e+03
1.727728983688833209e+00 1.332564622664737499e+03
1.729736511919699016e+00 1.313571948129414295e+03
1.731744040150564601e+00 1.276394832876024338e+03
1.733751568381430408e+00 1.240269915715425441e+03
1.735759096612296215e+00 1.222592692078771734e+03
1.737766624843161800e+00 1.205167417015200726e+03
1.739774153074027607e+00 1.187990499571471901e+03
1.741781681304893414e+00 1.171058399975207976e+03
