#Piprek2003 300 k temperature
#  wavelength [um]       absorption coefficient [m-1]
2.264446620959843504e-01 1.964367242388290465e+08
2.282076395690499637e-01 1.964367242388290465e+08
2.299706170421155771e-01 1.964367242388290465e+08
2.317335945151812182e-01 2.008651365410103798e+08
2.334965719882468316e-01 2.008651365410103798e+08
2.352595494613124449e-01 2.008651365410103798e+08
2.370225269343780861e-01 2.053933816804277599e+08
2.387855044074436994e-01 2.053933816804277599e+08
2.405484818805093128e-01 2.100237102594890594e+08
2.423114593535749539e-01 2.147584236175274551e+08
2.440744368266405673e-01 2.195998749745998383e+08
2.458374142997061806e-01 2.195998749745998383e+08
2.476003917727717940e-01 2.245504706010706723e+08
2.493633692458374351e-01 2.296126710135627389e+08
2.511263467189030485e-01 2.296126710135627389e+08
2.528893241919686896e-01 2.347889921978690028e+08
2.546523016650342752e-01 2.347889921978690028e+08
2.564152791380999163e-01 2.296126710135627389e+08
2.581782566111655575e-01 2.296126710135627389e+08
2.599412340842311431e-01 2.296126710135627389e+08
2.617042115572967842e-01 2.296126710135627389e+08
2.634671890303624253e-01 2.245504706010706723e+08
2.652301665034280109e-01 2.195998749745998383e+08
2.669931439764936520e-01 2.100237102594890594e+08
2.687561214495592932e-01 2.008651365410103798e+08
2.705190989226248788e-01 1.718428223570054471e+08
2.722820763956905199e-01 1.757167968977441192e+08
2.740450538687561055e-01 1.757167968977441192e+08
2.758080313418217466e-01 1.680542561494896114e+08
2.775710088148873878e-01 1.607258583616991043e+08
2.793339862879530289e-01 1.537170324512689412e+08
2.810969637610186145e-01 1.503280799964808226e+08
2.828599412340842556e-01 1.470138427411580384e+08
2.846229187071498412e-01 1.344716412021497488e+08
2.863858961802154823e-01 1.375031307186930478e+08
2.881488736532811235e-01 1.375031307186930478e+08
2.899118511263467646e-01 1.344716412021497488e+08
2.916748285994123502e-01 1.257723171737748682e+08
2.934378060724779913e-01 1.286076916629616767e+08
2.952007835455435769e-01 1.286076916629616767e+08
2.969637610186092180e-01 1.257723171737748682e+08
2.987267384916748592e-01 1.229994533197606504e+08
3.004897159647404448e-01 1.229994533197606504e+08
3.022526934378060859e-01 1.202877219480419904e+08
3.040156709108716715e-01 1.176357752894573659e+08
3.057786483839373126e-01 1.150422952887001783e+08
3.075416258570029537e-01 1.150422952887001783e+08
3.093046033300685949e-01 1.125059929492265284e+08
3.110675808031341805e-01 1.125059929492265284e+08
3.128305582761998216e-01 1.100256076926055402e+08
3.145935357492654072e-01 1.075999067319939286e+08
3.163565132223310483e-01 1.075999067319939286e+08
3.181194906953966894e-01 1.052276844594232887e+08
3.198824681684623306e-01 1.052276844594232887e+08
3.216454456415279162e-01 1.052276844594232887e+08
3.234084231145935573e-01 1.052276844594232887e+08
3.251714005876591429e-01 1.052276844594232887e+08
3.269343780607247840e-01 1.029077618465958089e+08
3.286973555337904251e-01 1.052276844594232887e+08
3.304603330068560663e-01 1.029077618465958089e+08
3.322233104799216519e-01 1.029077618465958089e+08
3.339862879529872930e-01 1.006389858588903993e+08
3.357492654260528786e-01 9.625038816293127835e+07
3.375122428991185197e-01 9.205316550491204858e+07
3.392752203721841608e-01 8.609800419799369574e+07
3.410381978452498020e-01 7.875271955932952464e+07
3.428011753183153876e-01 7.531852355010913312e+07
3.445641527913809732e-01 6.889286944589503109e+07
3.463271302644466143e-01 5.636861243536859006e+07
3.480901077375122554e-01 5.512587085729133338e+07
3.498530852105778965e-01 4.410995887116207927e+07
3.516160626836435377e-01 4.034680307763899118e+07
3.533790401567091233e-01 3.019567031444117427e+07
3.551420176297747089e-01 2.824223300995838642e+07
3.569049951028403500e-01 2.470630198554345593e+07
3.586679725759059911e-01 2.310798635115608945e+07
3.604309500489716322e-01 1.933334736047248170e+07
3.621939275220372179e-01 1.808262228759973496e+07
3.639569049951028590e-01 1.546992625513388403e+07
3.657198824681684446e-01 1.512886551696000993e+07
3.674828599412340857e-01 1.323472970529248565e+07
3.692458374142997268e-01 1.294294766261333786e+07
3.710088148873653680e-01 1.132248903345763125e+07
3.727717923604310091e-01 1.082874549201906286e+07
3.745347698334965947e-01 9.686541453241953626e+06
3.762977473065621803e-01 9.264137221514942124e+06
3.780607247796278214e-01 9.059893618332581595e+06
3.798237022526934625e-01 8.104266109183214605e+06
3.815866797257591037e-01 7.750860684131833725e+06
3.833496571988246893e-01 7.412866326877724379e+06
3.851126346718902749e-01 6.933308513943798840e+06
3.868756121449559160e-01 6.630965425825531594e+06
3.886385896180215571e-01 6.201990837990391068e+06
3.904015670910871982e-01 5.931538562764490023e+06
3.921645445641528394e-01 5.800767744121970609e+06
3.939275220372184805e-01 5.305886467833912931e+06
3.956904995102840661e-01 4.962634721749622375e+06
3.974534769833496517e-01 4.853225030095434748e+06
3.992164544564152928e-01 4.641588833612772636e+06
4.009794319294809339e-01 4.439181527071109042e+06
4.027424094025465751e-01 4.341312248088072054e+06
4.045053868756121607e-01 4.060461344381938223e+06
4.062683643486777463e-01 3.883395457356095780e+06
4.080313418217433874e-01 3.397193871493687388e+06
4.097943192948090285e-01 3.473779220754179638e+06
4.115572967678746696e-01 3.397193871493687388e+06
4.133202742409402553e-01 3.249051309543908108e+06
4.150832517140058964e-01 3.107368849516835529e+06
4.168462291870715375e-01 2.842269688512689900e+06
4.186092066601371231e-01 2.906344988604864571e+06
4.203721841332027642e-01 2.842269688512689900e+06
4.221351616062684053e-01 2.779607036987013184e+06
4.238981390793339910e-01 2.658395789336952381e+06
4.256611165523996321e-01 2.599786949493989814e+06
4.274240940254652177e-01 2.542470240838383324e+06
4.291870714985308588e-01 2.431599896252112929e+06
4.309500489715964999e-01 2.175117441822268534e+06
4.327130264446620855e-01 2.224152655962491874e+06
4.344760039177277267e-01 2.224152655962491874e+06
4.362389813907933678e-01 2.127163292068220209e+06
4.380019588638589534e-01 2.034403375592226395e+06
4.397649363369245945e-01 1.989551505869017914e+06
4.415279138099902356e-01 1.945688471615610179e+06
4.432908912830558767e-01 1.860842187934263144e+06
4.450538687561215179e-01 1.664562622203229927e+06
4.468168462291870480e-01 1.702088037180899177e+06
4.485798237022526891e-01 1.702088037180899177e+06
4.503428011753183302e-01 1.627864518585775979e+06
4.521057786483839713e-01 1.591975486847717548e+06
4.538687561214496125e-01 1.556877689628496300e+06
4.556317335945151981e-01 1.522553682822393021e+06
4.573947110675808392e-01 1.488986406908558216e+06
4.591576885406464803e-01 1.456159178472186904e+06
4.609206660137120659e-01 1.424055681912623812e+06
4.626836434867777070e-01 1.392659961334276712e+06
4.644466209598432926e-01 1.245763736499040388e+06
4.662095984329089338e-01 1.273847871365881525e+06
4.679725759059745749e-01 1.273847871365881525e+06
4.697355533790401605e-01 1.245763736499040388e+06
4.714985308521058016e-01 1.218298763974067755e+06
4.732615083251713872e-01 1.191439303307962604e+06
4.750244857982370283e-01 1.165172004965753062e+06
4.767874632713026695e-01 1.139483813725586515e+06
4.785504407443682551e-01 1.114361962190097896e+06
4.803134182174338962e-01 1.114361962190097896e+06
4.820763956904995373e-01 1.089793964440829586e+06
4.838393731635651229e-01 1.065767609832560411e+06
4.856023506366307640e-01 1.019292327544867760e+06
4.873653281096963497e-01 9.968203009874010459e+05
4.891283055827619908e-01 9.748437083343727281e+05
4.908912830558276319e-01 9.533516269058434991e+05
4.926542605288932730e-01 9.323333748308625072e+05
4.944172380019589141e-01 9.323333748308625072e+05
4.961802154750244997e-01 9.117785057384240208e+05
4.979431929480901409e-01 8.916768035654729465e+05
4.997061704211557820e-01 8.720182774793748977e+05
5.014691478942213676e-01 8.527931569123311201e+05
5.032321253672870087e-01 8.527931569123311201e+05
5.049951028403526498e-01 7.800387587845748058e+05
5.067580803134181799e-01 7.976237253887831466e+05
5.085210577864838211e-01 7.976237253887831466e+05
5.102840352595494622e-01 7.800387587845748058e+05
5.120470127326151033e-01 7.628414825669839047e+05
5.138099902056807444e-01 7.460233494444936514e+05
5.155729676787463855e-01 7.460233494444936514e+05
5.173359451518120267e-01 7.295760005651124520e+05
5.190989226248776678e-01 7.134912613619050244e+05
5.208619000979431979e-01 6.977611374901158269e+05
5.226248775710088390e-01 6.823778108538660454e+05
5.243878550440743691e-01 6.823778108538660454e+05
5.261508325171400102e-01 6.673336357204469386e+05
5.279138099902056513e-01 6.526211349202870624e+05
5.296767874632712925e-01 6.526211349202870624e+05
5.314397649363369336e-01 6.241620682414828334e+05
5.332027424094025747e-01 6.104013578008672921e+05
5.349657198824682158e-01 6.104013578008672921e+05
5.367286973555338569e-01 5.969440255395185668e+05
5.384916748285994981e-01 5.969440255395185668e+05
5.402546523016651392e-01 5.837833829713985324e+05
5.420176297747307803e-01 5.709128890694776783e+05
5.437806072477963104e-01 5.709128890694776783e+05
5.455435847208619515e-01 5.583261470147508662e+05
5.473065621939274816e-01 5.460169010169277899e+05
5.490695396669931228e-01 5.339790332052151207e+05
5.508325171400587639e-01 5.339790332052151207e+05
5.525954946131244050e-01 5.222065605876481859e+05
5.543584720861900461e-01 5.106936320774584892e+05
5.561214495592556872e-01 5.106936320774584892e+05
5.578844270323213284e-01 4.994345255849998211e+05
5.596474045053869695e-01 4.884236451737883617e+05
5.614103819784524996e-01 4.776555182792426203e+05
5.631733594515181407e-01 4.776555182792426203e+05
5.649363369245837818e-01 4.671247929887403734e+05
5.666993143976493119e-01 4.671247929887403734e+05
5.684622918707149530e-01 4.568262353816421237e+05
5.702252693437805942e-01 4.568262353816421237e+05
5.719882468168462353e-01 4.467547269279577304e+05
5.737512242899118764e-01 4.369052619443641161e+05
5.755142017629775175e-01 4.272729451063091401e+05
5.772771792360431586e-01 4.272729451063091401e+05
5.790401567091086887e-01 4.178529890149656567e+05
5.808031341821743299e-01 4.178529890149656567e+05
5.825661116552399710e-01 4.086407118178258534e+05
5.843290891283056121e-01 3.996315348817531485e+05
5.860920666013712532e-01 3.996315348817531485e+05
5.878550440744368943e-01 3.908209805173393688e+05
5.896180215475024244e-01 3.908209805173393688e+05
5.913809990205680656e-01 3.822046697534243576e+05
5.931439764936337067e-01 3.822046697534243576e+05
5.949069539666993478e-01 3.737783201606882503e+05
5.966699314397649889e-01 3.495976178743872442e+05
5.984329089128306300e-01 3.574788447570243152e+05
6.001958863858962712e-01 3.574788447570243152e+05
6.019588638589618013e-01 3.495976178743872442e+05
6.037218413320274424e-01 3.495976178743872442e+05
6.054848188050930835e-01 3.418901459931623540e+05
6.072477962781586136e-01 3.418901459931623540e+05
6.090107737512242547e-01 3.343525983899147832e+05
6.107737512242898958e-01 3.343525983899147832e+05
6.125367286973555370e-01 3.269812287959987298e+05
6.142997061704211781e-01 3.197723735356089310e+05
6.160626836434868192e-01 3.197723735356089310e+05
6.178256611165524603e-01 3.127224497048813500e+05
6.195886385896181014e-01 3.127224497048813500e+05
6.213516160626836315e-01 3.058279533911388135e+05
6.231145935357492727e-01 3.058279533911388135e+05
6.248775710088148028e-01 2.990854579313966096e+05
6.266405484818804439e-01 2.924916122092619771e+05
6.284035259549460850e-01 2.924916122092619771e+05
6.301665034280117261e-01 2.924916122092619771e+05
6.319294809010773672e-01 2.797368332886082935e+05
6.336924583741430084e-01 2.735695607830801746e+05
6.354554358472086495e-01 2.735695607830801746e+05
6.372184133202742906e-01 2.675382562504153466e+05
6.389813907933399317e-01 2.616399220462534577e+05
6.407443682664055729e-01 2.558716266143837420e+05
6.425073457394712140e-01 2.558716266143837420e+05
6.442703232125367441e-01 2.502305030297195481e+05
6.460333006856023852e-01 2.447137475733957835e+05
6.477962781586679153e-01 2.447137475733957835e+05
6.495592556317335564e-01 2.393186183392806852e+05
6.513222331047991975e-01 2.393186183392806852e+05
6.530852105778648387e-01 2.238364676914227603e+05
6.548481880509304798e-01 2.288825718302616733e+05
6.566111655239961209e-01 2.288825718302616733e+05
6.583741429970617620e-01 2.288825718302616733e+05
6.601371204701274031e-01 2.238364676914227603e+05
6.619000979431930443e-01 2.189016134689771570e+05
6.636630754162586854e-01 2.140755564700039686e+05
6.654260528893241045e-01 2.140755564700039686e+05
6.671890303623897456e-01 2.093558980753550422e+05
6.689520078354553867e-01 2.093558980753550422e+05
6.707149853085210278e-01 2.047402925475045631e+05
6.724779627815866689e-01 2.047402925475045631e+05
6.742409402546523101e-01 1.914951047100370342e+05
6.760039177277179512e-01 1.958121145807290741e+05
6.777668952007835923e-01 1.958121145807290741e+05
6.795298726738492334e-01 1.914951047100370342e+05
6.812928501469148745e-01 1.914951047100370342e+05
6.830558276199804046e-01 1.872732706371425884e+05
6.848188050930460458e-01 1.872732706371425884e+05
6.865817825661116869e-01 1.831445140503073344e+05
6.883447600391773280e-01 1.831445140503073344e+05
6.901077375122429691e-01 1.791067828986307723e+05
6.918707149853084992e-01 1.751580703721516766e+05
6.936336924583741403e-01 1.751580703721516766e+05
6.953966699314397815e-01 1.712964139044350304e+05
6.971596474045054226e-01 1.712964139044350304e+05
6.989226248775710637e-01 1.712964139044350304e+05
7.006856023506367048e-01 1.675198941971480381e+05
7.024485798237023459e-01 1.638266342661430244e+05
7.042115572967679871e-01 1.638266342661430244e+05
7.059745347698336282e-01 1.602147985085672990e+05
7.077375122428992693e-01 1.602147985085672990e+05
7.095004897159649104e-01 1.566825917905438982e+05
7.112634671890303295e-01 1.532282585549640062e+05
7.130264446620959706e-01 1.532282585549640062e+05
7.147894221351616117e-01 1.498500819489501300e+05
7.165523996082272529e-01 1.498500819489501300e+05
7.183153770812928940e-01 1.465463829705555981e+05
7.200783545543585351e-01 1.433155196342767740e+05
7.218413320274241762e-01 1.433155196342767740e+05
7.236043095004898174e-01 1.401558861549628491e+05
7.253672869735554585e-01 1.370659121497175656e+05
7.271302644466210996e-01 1.370659121497175656e+05
7.288932419196865187e-01 1.340440618573967367e+05
7.306562193927521598e-01 1.310888333753128827e+05
7.324191968658178009e-01 1.310888333753128827e+05
7.341821743388834420e-01 1.281987579127683275e+05
7.359451518119490832e-01 1.253723990610451438e+05
7.377081292850147243e-01 1.253723990610451438e+05
7.394711067580803654e-01 1.226083520794896031e+05
7.412340842311460065e-01 1.199052431973360362e+05
7.429970617042116476e-01 1.199052431973360362e+05
7.447600391772772888e-01 1.172617289309231710e+05
7.465230166503427078e-01 1.146764954159635818e+05
7.482859941234083490e-01 1.121482577545344102e+05
7.500489715964739901e-01 1.121482577545344102e+05
7.518119490695396312e-01 1.096757593764647754e+05
7.535749265426052723e-01 1.096757593764647754e+05
7.553379040156709134e-01 1.072577714148024679e+05
7.571008814887365546e-01 1.048930920950495929e+05
7.588638589618021957e-01 1.048930920950495929e+05
7.606268364348678368e-01 1.025805461378634354e+05
7.623898139079334779e-01 1.003189841749259358e+05
7.641527913809991190e-01 1.003189841749259358e+05
7.659157688540645381e-01 9.810728217769121693e+04
7.676787463271301792e-01 9.594434089872734330e+04
7.694417238001958204e-01 9.382908532537473366e+04
7.712047012732614615e-01 9.382908532537473366e+04
7.729676787463271026e-01 9.176046414544948493e+04
7.747306562193927437e-01 8.973744922472622420e+04
7.764936336924583848e-01 8.973744922472622420e+04
7.782566111655240260e-01 8.775903509594078059e+04
7.800195886385896671e-01 8.775903509594078059e+04
7.817825661116553082e-01 8.582423845905860071e+04
7.835455435847209493e-01 8.393209769256055006e+04
7.853085210577865904e-01 8.393209769256055006e+04
7.870714985308522316e-01 8.208167237550343270e+04
7.888344760039178727e-01 8.027204282011723262e+04
7.905974534769835138e-01 7.850230961470725015e+04
7.923604309500489329e-01 7.850230961470725015e+04
7.941234084231145740e-01 7.677159317663368711e+04
7.958863858961802151e-01 7.507903331514645834e+04
7.976493633692458562e-01 7.507903331514645834e+04
7.994123408423114974e-01 7.342378880385817320e+04
8.011753183153771385e-01 7.342378880385817320e+04
8.029382957884427796e-01 7.180503696264263999e+04
8.047012732615084207e-01 7.180503696264263999e+04
8.064642507345740619e-01 7.022197324875104823e+04
8.082272282076397030e-01 6.867381085694281501e+04
8.099902056807053441e-01 6.715978032843211258e+04
8.117531831537707632e-01 6.567912916845591099e+04
8.135161606268364043e-01 6.423112147227332753e+04
8.152791380999020454e-01 6.281503755941050622e+04
8.170421155729676865e-01 6.143017361596898991e+04
8.188050930460333277e-01 6.143017361596898991e+04
8.205680705190989688e-01 6.007584134482072113e+04
8.223310479921646099e-01 5.875136762351378275e+04
8.240940254652302510e-01 5.875136762351378275e+04
8.258570029382958921e-01 5.745609416972142935e+04
8.276199804113615333e-01 5.618937721406628407e+04
8.293829578844269523e-01 5.495058718015775230e+04
8.311459353574925935e-01 5.495058718015775230e+04
8.329089128305582346e-01 5.373910837168360740e+04
8.346718903036238757e-01 5.255433866640012275e+04
8.364348677766895168e-01 5.139568921686872636e+04
8.381978452497551579e-01 5.026258415779043571e+04
8.399608227228207991e-01 4.915446031979259715e+04
8.417238001958864402e-01 4.915446031979259715e+04
8.434867776689520813e-01 4.807076694952566322e+04
8.452497551420177224e-01 4.701096543593085516e+04
8.470127326150833635e-01 4.597452904254313034e+04
8.487757100881487826e-01 4.496094264569508960e+04
8.505386875612144237e-01 4.396970247849357838e+04
8.523016650342800649e-01 4.396970247849357838e+04
8.540646425073457060e-01 4.300031588044021191e+04
8.558276199804113471e-01 4.205230105257212563e+04
8.575905974534769882e-01 4.112518681800099876e+04
8.593535749265426293e-01 4.021851238773141813e+04
8.611165523996082705e-01 3.933182713164219604e+04
8.628795298726739116e-01 3.846469035451675154e+04
8.646425073457395527e-01 3.761667107701131317e+04
8.664054848188049718e-01 3.678734782145205827e+04
8.681684622918706129e-01 3.597630840235464711e+04
8.699314397649362540e-01 3.518314972156222939e+04
8.716944172380018951e-01 3.518314972156222939e+04
8.734573947110675363e-01 3.440747756789984123e+04
8.752203721841331774e-01 3.364890642124589067e+04
8.769833496571988185e-01 3.290705926092312438e+04
8.787463271302644596e-01 3.218156737831396822e+04
8.805093046033301007e-01 3.147207019360712002e+04
8.822722820763957419e-01 3.077821507658421615e+04
8.840352595494613830e-01 3.077821507658421615e+04
8.857982370225270241e-01 3.009965717135758678e+04
8.875612144955926652e-01 2.878709141978497792e+04
8.893241919686583064e-01 2.815243120954303231e+04
8.910871694417239475e-01 2.753176315907126627e+04
8.928501469147895886e-01 2.753176315907126627e+04
8.946131243878550077e-01 2.692477878749774754e+04
8.963761018609206488e-01 2.633117641493408883e+04
8.981390793339862899e-01 2.575066101253625311e+04
8.999020568070519310e-01 2.518294405587097935e+04
9.016650342801175722e-01 2.462774338151505435e+04
9.034280117531832133e-01 2.408478304681605732e+04
9.051909892262488544e-01 2.355379319274492809e+04
9.069539666993144955e-01 2.303450990977217225e+04
9.087169441723801366e-01 2.252667510670107367e+04
9.104799216454457778e-01 2.203003638239264183e+04
9.122428991185111968e-01 2.154434690031882201e+04
9.140058765915768380e-01 2.106936526588095512e+04
9.157688540646424791e-01 2.060485540643339482e+04
9.175318315377081202e-01 2.015058645395200074e+04
9.192948090107737613e-01 1.970633263028942019e+04
9.210577864838394024e-01 1.970633263028942019e+04
9.228207639569050436e-01 1.884699203539955124e+04
9.245837414299706847e-01 1.843147815964223628e+04
9.263467189030363258e-01 1.802512499136665792e+04
9.281096963761019669e-01 1.723909737660707469e+04
9.298726738491676080e-01 1.685903226318963425e+04
9.316356513222330271e-01 1.648734632922001038e+04
9.333986287952986682e-01 1.612385484148871183e+04
9.351616062683643094e-01 1.542073654589545731e+04
9.369245837414299505e-01 1.508076027821399111e+04
9.386875612144955916e-01 1.474827936344531190e+04
9.404505386875612327e-01 1.442312855383354145e+04
9.422135161606268738e-01 1.290179298471040602e+04
9.439764936336925150e-01 1.319264724831655440e+04
9.457394711067581561e-01 1.319264724831655440e+04
9.475024485798237972e-01 1.290179298471040602e+04
9.492654260528892163e-01 1.261735109619968716e+04
9.510284035259548574e-01 1.233918021110960944e+04
9.527913809990204985e-01 1.206714207454351708e+04
9.545543584720861396e-01 1.154092620051427002e+04
9.563173359451517808e-01 1.103765719695110420e+04
9.580803134182174219e-01 1.079431334067040552e+04
9.598432908912830630e-01 1.032360213216569355e+04
9.616062683643487041e-01 1.009600082975862097e+04
9.633692458374143452e-01 9.655741166947582315e+03
9.651322233104799864e-01 9.442863991213009285e+03
9.668952007835456275e-01 9.031085883540117720e+03
9.686581782566112686e-01 8.831980292010252015e+03
9.704211557296769097e-01 8.637264320631235023e+03
9.721841332027425508e-01 8.446841192788609987e+03
9.739471106758081920e-01 8.078496982238014425e+03
9.757100881488738331e-01 7.726215280067715867e+03
9.774730656219392522e-01 7.555877772102177914e+03
9.792360430950048933e-01 7.226386099480488156e+03
9.809990205680705344e-01 6.911262679707975622e+03
9.827619980411361755e-01 6.609880951608463874e+03
9.845249755142018167e-01 6.464154925548780739e+03
9.862879529872674578e-01 6.182270373846685288e+03
9.880509304603330989e-01 6.045971747562356541e+03
9.898139079333987400e-01 5.912678055453275192e+03
9.915768854064643811e-01 5.530171366161620426e+03
9.933398628795300223e-01 5.408249367487245763e+03
9.951028403525954413e-01 4.946855037024996818e+03
9.968658178256610825e-01 4.837793235259329776e+03
9.986287952987267236e-01 4.626829978181648585e+03
1.000391772771792365e+00 4.524823671122495398e+03
1.002154750244858006e+00 4.327508181819447600e+03
1.003917727717923647e+00 4.138797094621032556e+03
1.005680705190989288e+00 3.871047428654809664e+03
1.007443682664054929e+00 3.785703628577873587e+03
1.009206660137120570e+00 3.462733648395961154e+03
1.010969637610186211e+00 3.386391817494892166e+03
1.012732615083251853e+00 3.167317227164433007e+03
1.014495592556317272e+00 3.029198972425705051e+03
1.016258570029382913e+00 2.897103686314325842e+03
1.018021547502448554e+00 2.833232126390586018e+03
1.019784524975514195e+00 2.591520409497716173e+03
1.021547502448579836e+00 2.478511117908672986e+03
1.023310479921645477e+00 2.370429860047883267e+03
1.025073457394711118e+00 2.318169717076029883e+03
1.026836434867776759e+00 2.168201223040215154e+03
1.028599412340842401e+00 2.073651751872532259e+03
1.030362389813908042e+00 1.896742164933195454e+03
1.032125367286973461e+00 1.854925269866682356e+03
1.033888344760039102e+00 1.696675909529718638e+03
1.035651322233104743e+00 1.586913483964106263e+03
1.037414299706170384e+00 1.451529030570210580e+03
1.039177277179236025e+00 1.388231721830334664e+03
1.040940254652301666e+00 1.241802582776161671e+03
1.042703232125367308e+00 1.214424940597207524e+03
1.044466209598432949e+00 1.135860598168208526e+03
1.046229187071498590e+00 1.086328747648160970e+03
1.047992164544564231e+00 1.016051284737423657e+03
1.049755142017629650e+00 9.717439987575436362e+02
1.051518119490695291e+00 9.293688353194997944e+02
1.053281096963760932e+00 8.888415397136184311e+02
1.055044074436826573e+00 8.130117435565412052e+02
1.056807051909892214e+00 7.775584703134778692e+02
1.058570029382957856e+00 7.436512197368884927e+02
1.060333006856023497e+00 7.112225739026539486e+02
1.062095984329089138e+00 6.955424670902078788e+02
1.063858961802154779e+00 6.652117156178725281e+02
1.065621939275220420e+00 6.362036073030795933e+02
1.067384916748286061e+00 6.084604652061789238e+02
1.069147894221351702e+00 5.565508379163799191e+02
1.070910871694417343e+00 5.442807316159019138e+02
1.072673849167482985e+00 5.090697800398012305e+02
1.074436826640548626e+00 4.868706049914993628e+02
1.076199804113614267e+00 4.553736654520693605e+02
1.077962781586679686e+00 4.355160347143598756e+02
1.079725759059745327e+00 4.165243422783828464e+02
1.081488736532810968e+00 3.983608268848866487e+02
1.083251714005876609e+00 3.725898176051424571e+02
1.085014691478942250e+00 3.563421696273254042e+02
1.086777668952007891e+00 3.484860026740250873e+02
1.088540646425073533e+00 3.332894577629544983e+02
1.090303623898139174e+00 3.187555936352213735e+02
1.092066601371204815e+00 3.117280864403372220e+02
1.093829578844270456e+00 2.981344561961294630e+02
1.095592556317335875e+00 2.788473543560129428e+02
1.097355533790401516e+00 2.608079858444662591e+02
1.099118511263467157e+00 2.494348453463135797e+02
1.100881488736532798e+00 2.385576571648504967e+02
1.102644466209598439e+00 2.281547941426116495e+02
1.104407443682664081e+00 2.086902093329630645e+02
1.106170421155729722e+00 2.040892800414520423e+02
1.107933398628795363e+00 1.908862079146730082e+02
1.109696376101860782e+00 1.825621696198186896e+02
1.111459353574926423e+00 1.746011204287406429e+02
1.113222331047992064e+00 1.669872313549790590e+02
1.114985308521057705e+00 1.527410388125348675e+02
1.116748285994123346e+00 1.493736037913393488e+02
1.118511263467188988e+00 1.397102326221461226e+02
1.120274240940254629e+00 1.306720103412667982e+02
1.122037218413320270e+00 1.195239806139361605e+02
1.123800195886385911e+00 1.143118586767211440e+02
1.125563173359451552e+00 1.117916600500876285e+02
1.127326150832517193e+00 1.093270234726693957e+02
