T F 6    3    3    0    6    6    6    6    6    6    1    0    0   0.000   0.00
    1    1    1    0    0    0  23.00000   0.00000   0.00000   0.00000   0.00000
 -99.000 -99.000 -99.000
 -99.00000 -99.00000 -99.00000  1.416445  0.000736 ! H2O & O3 COLUMNS [GM/CM2]
   361976 U S STANDARD   
   2.00000 100.00000  90.936551296.08740  11.54973   0.00000    1        0.00000
  -99  -99    1    0
 -99.00000 -99.00000 -99.00000 -99.00000 -99.00000 -99.00000   0.00000 -99.00000
    2050.0    2150.0       1.0       1.0NW              
    0   0    0.000  0    0.000  0    1.000
    FREQ   TRANS     SOL TR  SOLAR
 2050.00  0.0000 1.14E-13 9.63E-07                                                              1.595E+01
 2051.00  0.0000 3.05E-14 9.63E-07                                                              1.727E+01
 2052.00  0.0000 4.51E-14 9.64E-07                                                              1.688E+01
 2053.00  0.0000 2.20E-13 9.63E-07                                                              1.529E+01
 2054.00  0.0000 2.12E-17 9.64E-07                                                              2.454E+01
 2055.00  0.0000 2.17E-14 9.69E-07                                                              1.761E+01
 2056.00  0.0000 2.06E-13 9.74E-07                                                              1.537E+01
 2057.00  0.0000 6.05E-14 9.69E-07                                                              1.659E+01
 2058.00  0.0000 1.20E-15 9.69E-07                                                              2.051E+01
 2059.00  0.0000 4.00E-18 9.76E-07                                                              2.622E+01
 2060.00  0.0000 1.17E-33 9.74E-07                                                              6.199E+01
 2061.00  0.0000 5.03E-25 9.73E-07                                                              4.211E+01
 2062.00  0.0000 1.43E-20 9.75E-07                                                              3.185E+01
 2063.00  0.0000 4.37E-24 9.78E-07                                                              3.995E+01
 2064.00  0.0000 7.19E-31 9.78E-07                                                              5.557E+01
 2065.00  0.0000 0.00E+00 9.80E-07                                                              9.999E+01
 2066.00  0.0000 0.00E+00 9.83E-07                                                              9.999E+01
 2067.00  0.0000 1.76E-22 9.82E-07                                                              3.626E+01
 2068.00  0.0000 1.79E-16 9.84E-07                                                              2.243E+01
 2069.00  0.0000 1.66E-16 9.83E-07                                                              2.250E+01
 2070.00  0.0000 1.70E-14 9.86E-07                                                              1.787E+01
 2071.00  0.0000 1.30E-13 9.80E-07                                                              1.584E+01
 2072.00  0.0000 9.95E-16 9.84E-07                                                              2.071E+01
 2073.00  0.0000 2.59E-17 9.85E-07                                                              2.436E+01
 2074.00  0.0000 5.87E-29 9.88E-07                                                              5.118E+01
 2075.00  0.0000 4.81E-17 9.86E-07                                                              2.374E+01
 2076.00  0.0000 2.95E-16 9.89E-07                                                              2.193E+01
 2077.00  0.0000 6.24E-34 9.87E-07                                                              6.263E+01
 2078.00  0.0000 1.05E-31 9.87E-07                                                              5.750E+01
 2079.00  0.0000 2.31E-21 9.86E-07                                                              3.369E+01
 2080.00  0.0000 6.01E-15 9.85E-07                                                              1.892E+01
 2081.00  0.0000 5.99E-14 9.84E-07                                                              1.661E+01
 2082.00  0.0000 8.15E-18 9.91E-07                                                              2.552E+01
 2083.00  0.0000 1.50E-12 9.90E-07                                                              1.340E+01
 2084.00  0.0000 3.85E-12 9.86E-07                                                              1.245E+01
 2085.00  0.0000 1.47E-12 9.90E-07                                                              1.342E+01
 2086.00  0.0000 2.77E-14 9.97E-07                                                              1.740E+01
 2087.00  0.0000 5.82E-19 9.89E-07                                                              2.816E+01
 2088.00  0.0000 4.03E-19 9.92E-07                                                              2.853E+01
 2089.00  0.0000 8.26E-20 9.99E-07                                                              3.012E+01
 2090.00  0.0000 0.00E+00 9.96E-07                                                              9.999E+01
 2091.00  0.0000 1.20E-20 9.91E-07                                                              3.204E+01
 2092.00  0.0000 5.08E-15 9.96E-07                                                              1.909E+01
 2093.00  0.0000 4.00E-14 9.95E-07                                                              1.703E+01
 2094.00  0.0000 7.29E-16 9.94E-07                                                              2.103E+01
 2095.00  0.0000 1.19E-14 9.99E-07                                                              1.825E+01
 2096.00  0.0000 1.02E-12 1.00E-06                                                              1.380E+01
 2097.00  0.0000 1.85E-13 1.00E-06                                                              1.550E+01
 2098.00  0.0000 1.10E-12 1.01E-06                                                              1.372E+01
 2099.00  0.0000 1.88E-13 1.01E-06                                                              1.549E+01
 2100.00  0.0000 3.56E-14 1.01E-06                                                              1.716E+01
 2101.00  0.0000 2.16E-12 1.01E-06                                                              1.305E+01
 2102.00  0.0000 4.87E-11 1.01E-06                                                              9.941E+00
 2103.00  0.0000 9.23E-13 1.01E-06                                                              1.390E+01
 2104.00  0.0000 1.69E-11 1.01E-06                                                              1.100E+01
 2105.00  0.0000 2.98E-11 1.01E-06                                                              1.043E+01
 2106.00  0.0000 2.61E-15 1.01E-06                                                              1.978E+01
 2107.00  0.0000 1.97E-15 1.01E-06                                                              2.006E+01
 2108.00  0.0000 1.77E-12 1.01E-06                                                              1.326E+01
 2109.00  0.0000 1.18E-11 1.02E-06                                                              1.136E+01
 2110.00  0.0000 3.10E-11 1.01E-06                                                              1.040E+01
 2111.00  0.0001 8.81E-11 1.01E-06                                                              9.347E+00
 2112.00  0.0000 8.90E-12 1.02E-06                                                              1.164E+01
 2113.00  0.0000 7.90E-12 1.02E-06                                                              1.177E+01
 2114.00  0.0000 1.86E-15 1.01E-06                                                              2.011E+01
 2115.00  0.0000 2.78E-32 1.02E-06                                                              5.886E+01
 2116.00  0.0000 1.43E-16 1.03E-06                                                              2.270E+01
 2117.00  0.0000 6.86E-12 1.02E-06                                                              1.191E+01
 2118.00  0.0000 2.82E-11 1.02E-06                                                              1.049E+01
 2119.00  0.0000 7.31E-12 1.02E-06                                                              1.184E+01
 2120.00  0.0000 2.10E-12 1.01E-06                                                              1.309E+01
 2121.00  0.0000 3.91E-13 1.01E-06                                                              1.477E+01
 2122.00  0.0000 1.01E-12 1.02E-06                                                              1.383E+01
 2123.00  0.0000 1.90E-15 1.02E-06                                                              2.010E+01
 2124.00  0.0000 1.32E-14 1.02E-06                                                              1.817E+01
 2125.00  0.0000 1.31E-15 1.03E-06                                                              2.048E+01
 2126.00  0.0000 4.81E-11 1.02E-06                                                              9.965E+00
 2127.00  0.0000 3.71E-11 1.03E-06                                                              1.023E+01
 2128.00  0.0000 1.37E-11 1.03E-06                                                              1.123E+01
 2129.00  0.0000 9.65E-13 1.03E-06                                                              1.388E+01
 2130.00  0.0000 3.41E-11 1.03E-06                                                              1.031E+01
 2131.00  0.0001 1.02E-10 1.03E-06                                                              9.224E+00
 2132.00  0.0001 7.41E-11 1.03E-06                                                              9.542E+00
 2133.00  0.0008 8.58E-10 1.03E-06                                                              7.093E+00
 2134.00  0.0005 4.82E-10 1.03E-06                                                              7.667E+00
 2135.00  0.0000 2.34E-11 1.03E-06                                                              1.069E+01
 2136.00  0.0000 2.66E-21 1.03E-06                                                              3.359E+01
 2137.00  0.0000 3.15E-20 1.03E-06                                                              3.112E+01
 2138.00  0.0000 1.29E-15 1.03E-06                                                              2.050E+01
 2139.00  0.0000 1.12E-14 1.03E-06                                                              1.834E+01
 2140.00  0.0000 1.70E-12 1.03E-06                                                              1.332E+01
 2141.00  0.0002 1.74E-10 1.03E-06                                                              8.685E+00
 2142.00  0.0001 1.14E-10 1.03E-06                                                              9.113E+00
 2143.00  0.0004 4.56E-10 1.04E-06                                                              7.732E+00
 2144.00  0.0001 1.13E-10 1.03E-06                                                              9.117E+00
 2145.00  0.0000 5.75E-14 1.03E-06                                                              1.670E+01
 2146.00  0.0000 7.21E-15 1.04E-06                                                              1.878E+01
 2147.00  0.0000 8.60E-13 1.02E-06                                                              1.399E+01
 2148.00  0.0000 9.23E-18 1.02E-06                                                              2.543E+01
 2149.00  0.0000 2.98E-11 1.02E-06                                                              1.044E+01
 2150.00  0.0002 1.60E-10 1.02E-06                                                              8.762E+00
 -9999.
