T F 6    1    1    0    6    6    6    6    6    6    1    0    0   0.000   0.00
    1    1    1    0    0    0  23.00000   0.00000   0.00000   0.00000   0.00000
 -99.000 -99.000 -99.000
 -99.00000 -99.00000 -99.00000  1.416445  0.000736 ! H2O & O3 COLUMNS [GM/CM2]
   361976 U S STANDARD   
   2.00000  10.00000  30.00000   2.00000   0.00000   0.00000    0        0.00000
  -99  -99  -99  -99
 -99.00000 -99.00000 -99.00000 -99.00000 -99.00000 -99.00000 -99.00000 -99.00000
    2050.0    2100.0       1.0       1.0NW              
    0   0    0.000  0    0.000  0    1.000
    FREQ  TOT_TRANS  PTH_THRML  THRML_SCT  SURF_EMIS   SOL_SCAT  SING_SCAT  GRND_RFLT  DRCT_RFLT  TOTAL_RAD  REF_SOL  SOL@OBS   DEPTH DIR_EM    TOA_SUN BBODY_T[K]
 2050.00 0.91000313 2.0416E-08 0.0000E+00 0.0000E+00                       0.0000E+00            2.0416E-08                     0.094 1.0000               224.683
 2051.00 0.81204998 4.2477E-08 0.0000E+00 0.0000E+00                       0.0000E+00            4.2477E-08                     0.208 1.0000               238.051
 2052.00 0.78261590 4.8945E-08 0.0000E+00 0.0000E+00                       0.0000E+00            4.8945E-08                     0.245 1.0000               240.893
 2053.00 0.87356544 2.8360E-08 0.0000E+00 0.0000E+00                       0.0000E+00            2.8360E-08                     0.135 1.0000               230.710
 2054.00 0.75726700 5.4242E-08 0.0000E+00 0.0000E+00                       0.0000E+00            5.4242E-08                     0.278 1.0000               243.108
 2055.00 0.75312299 5.4960E-08 0.0000E+00 0.0000E+00                       0.0000E+00            5.4960E-08                     0.284 1.0000               243.461
 2056.00 0.91350508 1.9183E-08 0.0000E+00 0.0000E+00                       0.0000E+00            1.9183E-08                     0.090 1.0000               224.127
 2057.00 0.76268953 5.2434E-08 0.0000E+00 0.0000E+00                       0.0000E+00            5.2434E-08                     0.271 1.0000               242.699
 2058.00 0.74309069 5.6551E-08 0.0000E+00 0.0000E+00                       0.0000E+00            5.6551E-08                     0.297 1.0000               244.302
 2059.00 0.82369566 3.8662E-08 0.0000E+00 0.0000E+00                       0.0000E+00            3.8662E-08                     0.194 1.0000               236.957
 2060.00 0.35053495 1.4188E-07 0.0000E+00 0.0000E+00                       0.0000E+00            1.4188E-07                     1.048 1.0000               264.554
 2061.00 0.48734584 1.1157E-07 0.0000E+00 0.0000E+00                       0.0000E+00            1.1157E-07                     0.719 1.0000               259.091
 2062.00 0.83967870 3.4761E-08 0.0000E+00 0.0000E+00                       0.0000E+00            3.4761E-08                     0.175 1.0000               235.220
 2063.00 0.66473311 7.2419E-08 0.0000E+00 0.0000E+00                       0.0000E+00            7.2419E-08                     0.408 1.0000               249.844
 2064.00 0.45584071 1.1710E-07 0.0000E+00 0.0000E+00                       0.0000E+00            1.1710E-07                     0.786 1.0000               260.468
 2065.00 0.05310980 2.0299E-07 0.0000E+00 0.0000E+00                       0.0000E+00            2.0299E-07                     2.935 1.0000               273.770
 2066.00 0.15970287 1.7946E-07 0.0000E+00 0.0000E+00                       0.0000E+00            1.7946E-07                     1.834 1.0000               270.793
 2067.00 0.77067745 4.8792E-08 0.0000E+00 0.0000E+00                       0.0000E+00            4.8792E-08                     0.260 1.0000               242.160
 2068.00 0.77091181 4.8558E-08 0.0000E+00 0.0000E+00                       0.0000E+00            4.8558E-08                     0.260 1.0000               242.154
 2069.00 0.76839411 4.8907E-08 0.0000E+00 0.0000E+00                       0.0000E+00            4.8907E-08                     0.263 1.0000               242.384
 2070.00 0.90847647 1.9254E-08 0.0000E+00 0.0000E+00                       0.0000E+00            1.9254E-08                     0.096 1.0000               225.368
 2071.00 0.84264445 3.2978E-08 0.0000E+00 0.0000E+00                       0.0000E+00            3.2978E-08                     0.171 1.0000               235.021
 2072.00 0.82253128 3.7053E-08 0.0000E+00 0.0000E+00                       0.0000E+00            3.7053E-08                     0.195 1.0000               237.288
 2073.00 0.68647647 6.5211E-08 0.0000E+00 0.0000E+00                       0.0000E+00            6.5211E-08                     0.376 1.0000               248.558
 2074.00 0.36616036 1.3134E-07 0.0000E+00 0.0000E+00                       0.0000E+00            1.3134E-07                     1.005 1.0000               264.053
 2075.00 0.77488679 4.6470E-08 0.0000E+00 0.0000E+00                       0.0000E+00            4.6470E-08                     0.255 1.0000               241.909
 2076.00 0.86034077 2.8721E-08 0.0000E+00 0.0000E+00                       0.0000E+00            2.8721E-08                     0.150 1.0000               232.917
 2077.00 0.18925217 1.6610E-07 0.0000E+00 0.0000E+00                       0.0000E+00            1.6610E-07                     1.665 1.0000               269.940
 2078.00 0.35100085 1.3246E-07 0.0000E+00 0.0000E+00                       0.0000E+00            1.3246E-07                     1.047 1.0000               264.625
 2079.00 0.55905014 8.9657E-08 0.0000E+00 0.0000E+00                       0.0000E+00            8.9657E-08                     0.582 1.0000               255.881
 2080.00 0.87114465 2.6101E-08 0.0000E+00 0.0000E+00                       0.0000E+00            2.6101E-08                     0.138 1.0000               231.534
 2081.00 0.87637824 2.4946E-08 0.0000E+00 0.0000E+00                       0.0000E+00            2.4946E-08                     0.132 1.0000               230.812
 2082.00 0.57666713 8.5102E-08 0.0000E+00 0.0000E+00                       0.0000E+00            8.5102E-08                     0.550 1.0000               255.019
 2083.00 0.93145305 1.3728E-08 0.0000E+00 0.0000E+00                       0.0000E+00            1.3728E-08                     0.071 1.0000               220.817
 2084.00 0.90558702 1.8836E-08 0.0000E+00 0.0000E+00                       0.0000E+00            1.8836E-08                     0.099 1.0000               226.171
 2085.00 0.89365971 2.1136E-08 0.0000E+00 0.0000E+00                       0.0000E+00            2.1136E-08                     0.112 1.0000               228.238
 2086.00 0.85078257 2.9546E-08 0.0000E+00 0.0000E+00                       0.0000E+00            2.9546E-08                     0.162 1.0000               234.293
 2087.00 0.56800258 8.5214E-08 0.0000E+00 0.0000E+00                       0.0000E+00            8.5214E-08                     0.566 1.0000               255.503
 2088.00 0.78057182 4.3120E-08 0.0000E+00 0.0000E+00                       0.0000E+00            4.3120E-08                     0.248 1.0000               241.593
 2089.00 0.76395917 4.6209E-08 0.0000E+00 0.0000E+00                       0.0000E+00            4.6209E-08                     0.269 1.0000               243.033
 2090.00 0.11453595 1.7269E-07 0.0000E+00 0.0000E+00                       0.0000E+00            1.7269E-07                     2.167 1.0000               272.125
 2091.00 0.68475020 6.1248E-08 0.0000E+00 0.0000E+00                       0.0000E+00            6.1248E-08                     0.379 1.0000               248.878
 2092.00 0.88315129 2.2616E-08 0.0000E+00 0.0000E+00                       0.0000E+00            2.2616E-08                     0.124 1.0000               230.013
 2093.00 0.81166202 3.6315E-08 0.0000E+00 0.0000E+00                       0.0000E+00            3.6315E-08                     0.209 1.0000               238.736
 2094.00 0.82499361 3.3616E-08 0.0000E+00 0.0000E+00                       0.0000E+00            3.3616E-08                     0.192 1.0000               237.370
 2095.00 0.78069174 4.1966E-08 0.0000E+00 0.0000E+00                       0.0000E+00            4.1966E-08                     0.248 1.0000               241.681
 2096.00 0.93392819 1.2595E-08 0.0000E+00 0.0000E+00                       0.0000E+00            1.2595E-08                     0.068 1.0000               220.494
 2097.00 0.70128435 5.6729E-08 0.0000E+00 0.0000E+00                       0.0000E+00            5.6729E-08                     0.355 1.0000               247.844
 2098.00 0.90122908 1.8686E-08 0.0000E+00 0.0000E+00                       0.0000E+00            1.8686E-08                     0.104 1.0000               227.209
 2099.00 0.82175833 3.3594E-08 0.0000E+00 0.0000E+00                       0.0000E+00            3.3594E-08                     0.196 1.0000               237.790
 2100.00 0.68908823 5.8376E-08 0.0000E+00 0.0000E+00                       0.0000E+00            5.8376E-08                     0.372 1.0000               248.696
 -9999.
