%Wavelength, Tomato,  Lettuce,  Yellow Prune, AppleGD, Navy Cloth, Skin Black, Skin White, Dark Green Leaf, Red Paint, Blue Nitrile Glove, White Paper, Black Laser Toner
0.379000000 0.046571296 0.236365676 0.072944805 0.075594477 0.049832489 0.038027640 0.040252559 0.040455896 0.054879241 0.117069587 0.168726102 0.037928659
0.380000000 0.045676310 0.231788725 0.073693506 0.080900043 0.045851000 0.040278804 0.045749422 0.038442850 0.051803019 0.110500075 0.163222730 0.040203404
0.381000000 0.048063837 0.241559833 0.069194973 0.077570148 0.047719955 0.038190141 0.041580547 0.036779709 0.049113568 0.110122375 0.161826223 0.037644640
0.382000000 0.047773242 0.248470426 0.069711357 0.073496103 0.044328962 0.035139374 0.038790043 0.038739722 0.050823003 0.114431463 0.163304120 0.034689981
0.383000000 0.043955565 0.246867552 0.073249795 0.072637103 0.040074103 0.035458997 0.042177871 0.042096991 0.053292744 0.122194596 0.168459192 0.035989299
0.384000000 0.040221646 0.242279992 0.068229288 0.074600026 0.050411019 0.042711582 0.049753882 0.040537726 0.047822259 0.132559702 0.179291710 0.044466823
0.385000000 0.037217334 0.243507117 0.060815457 0.071627140 0.045743115 0.042491604 0.051657420 0.038403340 0.051417522 0.145163745 0.187227905 0.042079706
0.386000000 0.036917727 0.245838493 0.059329495 0.069531240 0.042250000 0.036612336 0.050716233 0.038157377 0.054306228 0.155105367 0.188286543 0.038070992
0.387000000 0.038715661 0.245759577 0.065137669 0.071239799 0.050255511 0.030838361 0.050580572 0.039328333 0.049075279 0.160207063 0.183998227 0.039417163
0.388000000 0.035667338 0.249375001 0.063193440 0.066835135 0.047965292 0.033582721 0.051263865 0.034756873 0.043802459 0.164868131 0.185484946 0.035617027
0.389000000 0.034607198 0.248323411 0.063383259 0.064990573 0.047404394 0.034321927 0.051717814 0.032340012 0.043175228 0.171824306 0.188844100 0.036690548
0.390000000 0.034129810 0.244819641 0.062965132 0.067726865 0.047679853 0.033411644 0.054615278 0.035207395 0.046403054 0.181928724 0.194814086 0.040253151
0.391000000 0.030660570 0.244754151 0.056437682 0.072555222 0.043966506 0.035459973 0.062324658 0.042630978 0.049431860 0.194610983 0.204593390 0.039952952
0.392000000 0.035194527 0.242435083 0.061436750 0.069329590 0.046574216 0.037714753 0.062500529 0.044894129 0.046777748 0.207662806 0.208566338 0.044435859
0.393000000 0.035044111 0.240400136 0.065037675 0.067485072 0.047158651 0.038178932 0.061756730 0.042734880 0.044754241 0.220162481 0.212699562 0.045740530
0.394000000 0.028088762 0.240417391 0.061648190 0.069937393 0.043599024 0.036683075 0.063107006 0.039211448 0.045732468 0.232213259 0.219803482 0.042116001
0.395000000 0.029627951 0.242242068 0.059524491 0.068031520 0.044456843 0.035227735 0.061793506 0.038814250 0.045082547 0.245023847 0.226392031 0.042247608
0.396000000 0.029189853 0.244191751 0.058477707 0.067552827 0.049001079 0.037229061 0.066183358 0.043237608 0.045568153 0.258185714 0.231945738 0.044120304
0.397000000 0.027374469 0.243311837 0.057594422 0.069428936 0.051442631 0.040913086 0.071805969 0.046463061 0.046912972 0.271638691 0.236888558 0.046924762
0.398000000 0.026903311 0.238521740 0.056538757 0.072569452 0.047915962 0.042605799 0.072608866 0.043089502 0.047753356 0.285484791 0.242863819 0.049318891
0.399000000 0.026788175 0.236902341 0.059495680 0.073587015 0.046996120 0.037105236 0.071310274 0.038516004 0.045378648 0.300482750 0.255002141 0.047316451
0.400000000 0.027564861 0.235348627 0.060001452 0.072431259 0.048054464 0.034712452 0.068316415 0.037793029 0.045122437 0.317190647 0.267943025 0.045217220
0.401000000 0.028118955 0.233378336 0.057932910 0.070840761 0.049178582 0.036839921 0.066619687 0.039134003 0.046333421 0.333433211 0.280210972 0.044864256
0.402000000 0.026187627 0.232792929 0.058299940 0.071700610 0.047934875 0.037346900 0.070729762 0.035863400 0.043737683 0.345144480 0.293661863 0.045736156
0.403000000 0.023294125 0.231355026 0.058226146 0.074957155 0.045880370 0.037504937 0.073325045 0.038619716 0.044488836 0.357984275 0.308345258 0.046867203
0.404000000 0.021533402 0.229709968 0.056369904 0.076871544 0.043798026 0.037362486 0.073771819 0.041597087 0.045149129 0.371617317 0.325997740 0.047408856
0.405000000 0.022061119 0.228163660 0.053812027 0.076059796 0.042970292 0.036715154 0.073121145 0.040066991 0.043220222 0.384901047 0.347409219 0.047652908
0.406000000 0.024024615 0.224530846 0.057204858 0.078234531 0.047117062 0.034360006 0.072932214 0.037857417 0.042479120 0.397465378 0.370809317 0.050631940
0.407000000 0.024901534 0.223285213 0.057916716 0.080285490 0.047727518 0.036888957 0.074599579 0.038777724 0.043459285 0.409515351 0.395608932 0.052469674
0.408000000 0.023846980 0.223202184 0.056311514 0.081006043 0.045136698 0.040074281 0.076213725 0.040515885 0.043504275 0.421793610 0.422776729 0.052445859
0.409000000 0.021256853 0.220962614 0.056341883 0.080495812 0.043656167 0.036756869 0.075036831 0.038721927 0.039754841 0.434424937 0.453416258 0.051588584
0.410000000 0.019363390 0.218919367 0.054790620 0.082043678 0.043470997 0.038633063 0.074476548 0.037415110 0.039865348 0.441084206 0.484049529 0.051652573
0.411000000 0.019751996 0.217400655 0.055386212 0.082943626 0.043951761 0.039521564 0.074925959 0.037342213 0.041462675 0.446512818 0.514493525 0.052604444
0.412000000 0.021530351 0.216304421 0.058312569 0.082674317 0.044827878 0.037033163 0.076312669 0.038257904 0.042184446 0.453886867 0.546276212 0.053847123
0.413000000 0.020565985 0.215285137 0.058079816 0.084684610 0.046686471 0.036342055 0.078471057 0.039148681 0.040981535 0.462700039 0.582407534 0.054272130
0.414000000 0.019525776 0.213795126 0.055568669 0.085137792 0.046539742 0.038174499 0.079941235 0.038579933 0.041292086 0.470305443 0.618101716 0.055032205
0.415000000 0.019155311 0.212059856 0.053179499 0.085675962 0.045086350 0.039901271 0.080741569 0.037744489 0.042163096 0.475882530 0.651721358 0.055797786
0.416000000 0.019376943 0.210626513 0.052977521 0.088305794 0.044082403 0.039009571 0.081001140 0.037997741 0.041808564 0.479517609 0.683019221 0.055975124
0.417000000 0.019030061 0.210504755 0.053574506 0.090281390 0.044732206 0.037796266 0.078888334 0.038115259 0.040350497 0.482289672 0.714053333 0.055538293
0.418000000 0.018472921 0.209135875 0.054049272 0.090684623 0.046310890 0.037782148 0.078646854 0.036952287 0.040057022 0.484266877 0.744082689 0.055591412
0.419000000 0.018240275 0.206964329 0.054035865 0.090374827 0.047202237 0.038371671 0.080025293 0.035271768 0.040639680 0.486999154 0.772051692 0.056371365
0.420000000 0.018856948 0.206861585 0.053629756 0.091537468 0.045370750 0.037401382 0.079073980 0.035293400 0.039769705 0.493002236 0.797093332 0.057316188
0.421000000 0.018416140 0.206094846 0.052169029 0.093749806 0.044230413 0.037823070 0.079435125 0.035955269 0.040290833 0.497180760 0.821533203 0.057250500
0.422000000 0.017835110 0.205074936 0.051642191 0.095443964 0.044149544 0.038279459 0.081354775 0.036429942 0.041029148 0.500228643 0.842493355 0.057081129
0.423000000 0.017798282 0.204255834 0.052697368 0.095808767 0.044718247 0.037834175 0.083709121 0.036334246 0.040722646 0.503258467 0.858437061 0.057663016
0.424000000 0.016989620 0.202577069 0.051363841 0.096435100 0.045407198 0.038501471 0.083416075 0.036200128 0.039426867 0.505381286 0.872855365 0.058934838
0.425000000 0.016657844 0.201626688 0.051615872 0.096408047 0.044802915 0.039596576 0.083871812 0.036025602 0.039376423 0.507991612 0.886647403 0.059135664
0.426000000 0.016866112 0.201496646 0.052894875 0.096995570 0.043831781 0.040262096 0.085343868 0.036192771 0.040065207 0.511512816 0.898727000 0.058876570
0.427000000 0.017020980 0.201470152 0.052776448 0.099882782 0.044230856 0.039848372 0.086557224 0.037033636 0.039846681 0.515624285 0.907234967 0.059626978
0.428000000 0.016313961 0.200865150 0.053358797 0.101278841 0.043929353 0.040204551 0.087153956 0.037129235 0.040046755 0.518927634 0.914924026 0.059396215
0.429000000 0.015746031 0.200418651 0.053272221 0.102187790 0.043629725 0.040389698 0.087902226 0.036494881 0.039824501 0.521205664 0.921474814 0.058679577
0.430000000 0.015871899 0.200349703 0.052066986 0.103078634 0.043807451 0.039949663 0.089070424 0.035760403 0.039254352 0.522996724 0.926791549 0.058312546
0.431000000 0.016351165 0.199854672 0.051058840 0.102718964 0.044250987 0.039541475 0.089959785 0.036250465 0.040202737 0.525694430 0.931651771 0.059307411
0.432000000 0.016414637 0.199417457 0.051627450 0.103276722 0.043436762 0.039991613 0.091250978 0.036826644 0.040079735 0.528882742 0.934418678 0.060301956
0.433000000 0.016147850 0.199188069 0.052289251 0.104541108 0.042797174 0.040968742 0.092852853 0.037189215 0.039871588 0.532175779 0.936603725 0.060395543
0.434000000 0.015835146 0.199087858 0.051454973 0.105559491 0.043754872 0.041566636 0.094390079 0.037167259 0.040757921 0.535072446 0.939792573 0.059320726
0.435000000 0.015111778 0.198277995 0.051437892 0.105505995 0.043327227 0.039955415 0.095181584 0.035777934 0.039587341 0.536591470 0.941458821 0.058612570
0.436000000 0.015232256 0.198815689 0.051498245 0.106290430 0.043143224 0.039867602 0.097127102 0.035711657 0.039114859 0.538285255 0.942826569 0.059107620
0.437000000 0.015961854 0.200539619 0.051355414 0.107468598 0.043788783 0.040997908 0.099268176 0.036367256 0.039375305 0.540930688 0.943955421 0.059564494
0.438000000 0.015729228 0.201243058 0.051276967 0.106533028 0.044674739 0.039383076 0.098252103 0.034259729 0.037853528 0.544431210 0.943747103 0.057158206
0.439000000 0.015828596 0.202155724 0.051765878 0.107879691 0.044437815 0.040278014 0.100515664 0.035162307 0.038390014 0.547451854 0.942909122 0.057764959
0.440000000 0.015648129 0.203224868 0.051649086 0.109265752 0.043959282 0.041935146 0.103743143 0.036692645 0.039332617 0.550008357 0.941226602 0.059362467
0.441000000 0.014919182 0.204561278 0.050569654 0.108796522 0.044107091 0.042291664 0.105350785 0.036458511 0.039060645 0.552518308 0.938791513 0.059507981
0.442000000 0.015365584 0.207588375 0.051353306 0.109052993 0.044600613 0.042180743 0.106756359 0.036490314 0.039028462 0.555568516 0.937207401 0.058917660
0.443000000 0.015212886 0.209632307 0.051482011 0.109790400 0.043598901 0.042209797 0.108730808 0.036305144 0.038834468 0.558778465 0.934153795 0.058896407
0.444000000 0.014792817 0.211411223 0.051018659 0.110760279 0.042198803 0.042241447 0.110902637 0.036119208 0.038479600 0.561572075 0.929705918 0.058782496
0.445000000 0.015330128 0.215129972 0.051245391 0.111652903 0.042726908 0.041815151 0.112400517 0.036339797 0.038152348 0.563414514 0.925204098 0.057204928
0.446000000 0.015084981 0.218346685 0.050988123 0.112095147 0.042938106 0.041522965 0.114111133 0.035654277 0.037615396 0.565273702 0.920402765 0.056756601
0.447000000 0.015179234 0.221165359 0.050604437 0.112474538 0.042373963 0.042245537 0.116451241 0.035642456 0.038326364 0.566774487 0.915980935 0.057465814
0.448000000 0.015740840 0.224100933 0.050517228 0.113172829 0.041369382 0.043661520 0.119071588 0.036656119 0.039947446 0.568151534 0.911915421 0.058530852
0.449000000 0.014611634 0.227906615 0.051052339 0.114458114 0.041152660 0.043459795 0.120486297 0.036550615 0.038861141 0.571025908 0.906926751 0.058380306
0.450000000 0.014851340 0.231982902 0.050655078 0.115496166 0.041967060 0.042941593 0.121698424 0.035546396 0.037873700 0.572474897 0.901994109 0.056976117
0.451000000 0.015575266 0.235749513 0.050166622 0.116614632 0.042597387 0.042969972 0.123526402 0.035189241 0.037941840 0.573076069 0.897096038 0.056211617
0.452000000 0.015249302 0.238933802 0.050738234 0.118347079 0.041941814 0.043879554 0.126219556 0.036640465 0.038934335 0.574187040 0.892099679 0.057600200
0.453000000 0.015991850 0.242651358 0.050894365 0.120337561 0.042076852 0.044044636 0.127583623 0.036846332 0.038515192 0.574911833 0.887690842 0.057526294
0.454000000 0.016005045 0.246278390 0.050995290 0.121556520 0.042060535 0.044500276 0.129132792 0.037068896 0.038300920 0.575677335 0.883547068 0.057232432
0.455000000 0.015275136 0.249483079 0.051154953 0.122315340 0.041696589 0.045273799 0.131213918 0.037269522 0.038587157 0.576199710 0.879453957 0.057098616
0.456000000 0.015646514 0.252324522 0.051171925 0.124192744 0.041630846 0.045337792 0.132884234 0.036044080 0.038233418 0.575519919 0.875375569 0.056479111
0.457000000 0.016144788 0.255016923 0.051139407 0.125561565 0.041209079 0.045995325 0.134885728 0.035925027 0.038441435 0.575299382 0.871334076 0.056706730
0.458000000 0.016295986 0.257518679 0.051403459 0.127243862 0.040989105 0.046445750 0.135912627 0.036059491 0.038252275 0.575139821 0.867790043 0.056615356
0.459000000 0.016089717 0.259771437 0.051967375 0.129850581 0.041464876 0.046064101 0.135717347 0.035663955 0.037338812 0.574661613 0.864969730 0.055694491
0.460000000 0.016536877 0.261820316 0.051630296 0.132050723 0.042390540 0.045908470 0.138288975 0.036378231 0.038575988 0.574947476 0.862220109 0.056991693
0.461000000 0.017127408 0.263843179 0.052080635 0.133831710 0.042693950 0.045886818 0.140109167 0.036385790 0.038828701 0.574451804 0.859717309 0.056952618
0.462000000 0.017495818 0.265478909 0.052942786 0.135269865 0.042263623 0.046209842 0.141004533 0.036020458 0.038486660 0.573283970 0.857125819 0.056116730
0.463000000 0.017464679 0.266265065 0.052872054 0.136618257 0.041634236 0.047102928 0.142555565 0.036616646 0.039554309 0.572398067 0.854031920 0.056974437
0.464000000 0.017882884 0.267706424 0.053124201 0.138969913 0.041564818 0.047663748 0.144125238 0.036764458 0.039396819 0.571101367 0.852025509 0.057184141
0.465000000 0.018026618 0.269108832 0.053647962 0.140500918 0.041254096 0.047746323 0.145231888 0.036632970 0.038636394 0.570185661 0.850577593 0.056840915
0.466000000 0.017730333 0.270074964 0.054058205 0.140749604 0.040409792 0.047806744 0.146015480 0.036631182 0.038197212 0.569709361 0.848929048 0.056482676
0.467000000 0.018069899 0.271161437 0.053595256 0.142094329 0.039860927 0.049244124 0.147645593 0.037318245 0.038924612 0.568256557 0.846328855 0.056945309
0.468000000 0.018412734 0.271848470 0.053918298 0.142856315 0.040150624 0.049366828 0.149294659 0.037378371 0.039295748 0.566478610 0.844186068 0.057183098
0.469000000 0.018659448 0.271938682 0.054682773 0.143220097 0.040633868 0.048757888 0.150629625 0.036779020 0.038953234 0.564521432 0.842270076 0.056660730
0.470000000 0.018910918 0.271581799 0.054997761 0.143648461 0.040488750 0.048842486 0.151527524 0.036128897 0.038202055 0.562502801 0.840010047 0.055532843
0.471000000 0.019365361 0.272008002 0.054795153 0.142931893 0.040235743 0.049399953 0.152048171 0.036757611 0.038339935 0.561031163 0.837904394 0.056302235
0.472000000 0.020307368 0.271907181 0.055051029 0.142410159 0.040156558 0.050047271 0.153051764 0.037566349 0.038870726 0.559233367 0.836051881 0.056838568
0.473000000 0.021090258 0.271315843 0.055602696 0.142264515 0.040134121 0.050367951 0.154726759 0.037668914 0.039287478 0.556906104 0.834310532 0.056384534
0.474000000 0.020319188 0.271616995 0.055227686 0.141492277 0.039700121 0.049979389 0.156527340 0.036598817 0.039185058 0.554550946 0.832351983 0.055731814
0.475000000 0.020774640 0.271937400 0.055716213 0.140962735 0.039206989 0.049515646 0.156663358 0.036002804 0.038494293 0.552149594 0.830864072 0.054959860
0.476000000 0.021281852 0.271963000 0.055518523 0.140711278 0.038979098 0.049432658 0.156774208 0.035910610 0.038126390 0.549533844 0.829522371 0.054783430
0.477000000 0.020895666 0.271768689 0.053939596 0.140583336 0.039274771 0.049935043 0.158176512 0.036051791 0.038576089 0.546672165 0.827896357 0.055450395
0.478000000 0.021652196 0.272138983 0.054519508 0.140360072 0.040391169 0.050891105 0.159391597 0.036473453 0.038760699 0.544121146 0.825858235 0.055838715
0.479000000 0.022085453 0.272863060 0.054658860 0.140436426 0.040647034 0.050616145 0.159868345 0.036217291 0.038324948 0.540696561 0.823561132 0.055201381
0.480000000 0.022154672 0.273769736 0.054300845 0.140903607 0.039876107 0.050178107 0.160465375 0.035990220 0.037968062 0.536792159 0.821241021 0.054703038
0.481000000 0.022508236 0.274786353 0.054618571 0.141671151 0.038936108 0.051646292 0.162430346 0.037013281 0.038709048 0.533459127 0.819169998 0.056014366
0.482000000 0.022763155 0.276563942 0.055051401 0.142593518 0.039541565 0.051822197 0.163109854 0.036521532 0.038836710 0.529646754 0.817629695 0.055366252
0.483000000 0.023046853 0.278985173 0.055169407 0.144113421 0.039906573 0.051619906 0.163907394 0.036305130 0.038938571 0.525739849 0.816239834 0.054798573
0.484000000 0.023391469 0.281685710 0.055091057 0.146324068 0.039302807 0.051765513 0.165405497 0.037034582 0.039232213 0.521887362 0.814601541 0.055349693
0.485000000 0.023574108 0.284040958 0.055783443 0.148671150 0.039299276 0.051934469 0.166165367 0.036783777 0.038907789 0.517614782 0.812343597 0.055476528
0.486000000 0.024294680 0.286882162 0.056453139 0.151624963 0.039044034 0.052685257 0.167621985 0.037542630 0.039187644 0.513303816 0.810962498 0.055620197
0.487000000 0.024788301 0.290761858 0.057044860 0.154994205 0.038492173 0.053384025 0.169036314 0.038045052 0.039554667 0.509196162 0.810009658 0.055462994
0.488000000 0.024354521 0.295788050 0.057720907 0.158607274 0.037944593 0.053337738 0.169533998 0.036942460 0.039279897 0.505212188 0.808623195 0.054818548
0.489000000 0.024671843 0.300666362 0.058606099 0.163354531 0.038142759 0.053261910 0.170657173 0.037041623 0.039237928 0.500162840 0.807107568 0.054921377
0.490000000 0.025121991 0.305862576 0.059189856 0.168307498 0.038417395 0.053462621 0.172033802 0.037537374 0.039223537 0.495199233 0.805944741 0.055249218
0.491000000 0.025523268 0.311682731 0.059817921 0.173217803 0.038370006 0.053722542 0.173275605 0.037894223 0.039182980 0.490558892 0.804896355 0.055303413
0.492000000 0.026133994 0.318141878 0.061509442 0.178471118 0.037944268 0.053430259 0.174098507 0.037970290 0.039228760 0.485608190 0.803155720 0.054745339
0.493000000 0.026365548 0.324830562 0.062510915 0.184263825 0.037805468 0.053551301 0.175391793 0.037911363 0.039291941 0.480791479 0.802129328 0.054723404
0.494000000 0.026633564 0.331789076 0.063744225 0.190736473 0.037667882 0.054082625 0.176644221 0.038010024 0.039403860 0.476223439 0.801327229 0.054888744
0.495000000 0.027169602 0.339121521 0.065754652 0.197714120 0.037344486 0.054723479 0.177520648 0.038399968 0.039621245 0.471683532 0.800220430 0.054865912
0.496000000 0.027213950 0.346880406 0.066784069 0.204325557 0.037385561 0.054911010 0.178881675 0.038789839 0.040098969 0.466205776 0.799075425 0.055044010
0.497000000 0.027473815 0.355492383 0.068259276 0.211572304 0.037591733 0.055264190 0.179830715 0.039082088 0.040057667 0.461258471 0.798400939 0.054723319
0.498000000 0.027936177 0.364387125 0.070159517 0.219205707 0.037634261 0.055594049 0.180458501 0.039349679 0.039780356 0.456811875 0.797778547 0.054284379
0.499000000 0.028276686 0.372749537 0.071864210 0.226485521 0.037233286 0.055477999 0.181313962 0.039733861 0.039955493 0.452113330 0.796493232 0.054465540
0.500000000 0.028694075 0.381899327 0.073910169 0.233922780 0.037035584 0.055882588 0.182445779 0.040054351 0.039942525 0.447158307 0.795363188 0.054319669
0.501000000 0.029048609 0.391414493 0.076071695 0.241318032 0.036874458 0.056445528 0.183522388 0.040794965 0.039982431 0.441907138 0.794710577 0.054319195
0.502000000 0.029381938 0.401066244 0.078123093 0.248777449 0.036626145 0.056783754 0.184381440 0.041836459 0.040175676 0.436584234 0.794358432 0.054562427
0.503000000 0.030054541 0.411141932 0.079890691 0.256944120 0.036333300 0.056659322 0.185139075 0.042098630 0.040301401 0.431807816 0.793509305 0.054414451
0.504000000 0.030268310 0.421188086 0.082836308 0.264595866 0.036502685 0.056877684 0.186301678 0.042976398 0.040572327 0.426940650 0.792789996 0.054434337
0.505000000 0.030376738 0.431605041 0.086179189 0.272259802 0.036636531 0.057301633 0.187347025 0.044035234 0.040795039 0.421891809 0.792177439 0.054538552
0.506000000 0.030857083 0.442546457 0.088907711 0.280487925 0.036250480 0.057608284 0.187815040 0.044643696 0.040785678 0.416743129 0.791540086 0.054527003
0.507000000 0.031277597 0.452199310 0.091863297 0.287838578 0.036132447 0.057929266 0.188740641 0.045506675 0.040829208 0.411613703 0.791101992 0.054473370
0.508000000 0.031685595 0.462224990 0.095303908 0.295259535 0.036007307 0.058360059 0.189637527 0.046905003 0.041054234 0.406234115 0.790372074 0.054528013
0.509000000 0.032013092 0.472786963 0.098932646 0.302957952 0.035849608 0.058722563 0.190379709 0.048493758 0.041381776 0.400630176 0.789545476 0.054674167
0.510000000 0.032135252 0.482826799 0.102119021 0.310506612 0.035851672 0.058673047 0.191156894 0.049522050 0.041584235 0.395060182 0.789305091 0.054749794
0.511000000 0.032690063 0.492704988 0.106066942 0.317915410 0.036078140 0.058807340 0.191827729 0.050870132 0.041815225 0.389910460 0.788838625 0.054503713
0.512000000 0.033233404 0.502686977 0.110156871 0.324997306 0.036150370 0.058988981 0.192394033 0.052329168 0.041791026 0.384504467 0.788156033 0.054323755
0.513000000 0.033487972 0.512815654 0.114033490 0.331791401 0.035837483 0.059144575 0.192896545 0.053792149 0.041523304 0.378504813 0.787371099 0.054387309
0.514000000 0.033978883 0.522600114 0.118656814 0.338860840 0.035324823 0.059673939 0.193381786 0.055815514 0.041863780 0.372771889 0.786450744 0.054088280
0.515000000 0.034420263 0.531912506 0.123158380 0.345500797 0.035182793 0.060128391 0.194099560 0.058148518 0.042167872 0.366961211 0.785811841 0.054330606
0.516000000 0.034836188 0.541025579 0.127689838 0.352029949 0.035254210 0.060334302 0.194692940 0.060271975 0.042299975 0.361214340 0.785368145 0.054519679
0.517000000 0.035309218 0.550245404 0.132711619 0.358957171 0.035132747 0.060302123 0.194729567 0.061811082 0.042365305 0.355792880 0.784854233 0.053778511
0.518000000 0.035411831 0.558813453 0.137775302 0.365028739 0.035181176 0.060320426 0.195098862 0.064115480 0.042557605 0.350370020 0.784445822 0.053845797
0.519000000 0.035688363 0.567041278 0.142530203 0.370868146 0.035063710 0.060799289 0.195766687 0.066807829 0.042926140 0.344957262 0.784064710 0.054150585
0.520000000 0.036305394 0.575027704 0.147120237 0.376810849 0.034745701 0.061432183 0.196285039 0.069422424 0.043238427 0.339613944 0.783637941 0.054247610
0.521000000 0.036869545 0.582497358 0.152278572 0.382638037 0.034624305 0.061030813 0.195799723 0.071570195 0.042934332 0.334429950 0.783125162 0.054099053
0.522000000 0.037317969 0.589400530 0.157181412 0.388121605 0.034724779 0.061317533 0.195909321 0.074320540 0.043048751 0.329361081 0.782557368 0.054003619
0.523000000 0.037613604 0.595850587 0.161913157 0.393227577 0.034685444 0.061661903 0.196107611 0.077168584 0.043325491 0.324580461 0.782032549 0.053982485
0.524000000 0.037868336 0.601969421 0.166721553 0.398079485 0.034335434 0.061323158 0.195752531 0.079490788 0.043336980 0.320170015 0.781597435 0.053923815
0.525000000 0.038638551 0.607704222 0.171599343 0.403112888 0.034574639 0.061255183 0.195675179 0.081643462 0.043231465 0.315716863 0.781030834 0.053468030
0.526000000 0.039356966 0.612971604 0.176060543 0.407711387 0.034428313 0.061684635 0.195694983 0.084099859 0.043437842 0.311324596 0.780768931 0.053460974
0.527000000 0.039826859 0.617803931 0.180448562 0.411862165 0.033959709 0.062311761 0.195709556 0.086675704 0.043918740 0.307104737 0.780685365 0.053863890
0.528000000 0.040159989 0.622280717 0.185502261 0.415970892 0.033912588 0.062505327 0.195671156 0.088761933 0.044289812 0.303167254 0.780300975 0.054032028
0.529000000 0.040734697 0.626157165 0.189504772 0.420122266 0.033824019 0.062244236 0.195452377 0.090549447 0.044200938 0.299404711 0.779933810 0.054046847
0.530000000 0.041455895 0.629823506 0.193457156 0.424438328 0.033845253 0.062248714 0.195164084 0.092251450 0.044133291 0.295742035 0.779506028 0.054010376
0.531000000 0.042124417 0.633389473 0.197946772 0.428674102 0.034006022 0.062736534 0.194927797 0.093979128 0.044334348 0.292141885 0.779027402 0.053959727
0.532000000 0.042448863 0.636227608 0.202016234 0.431790113 0.033947021 0.062744386 0.194815055 0.095653057 0.044322480 0.288640499 0.778792858 0.053757548
0.533000000 0.042968884 0.638721526 0.205605224 0.435119122 0.033777140 0.062797435 0.194816440 0.097106278 0.044738036 0.285124660 0.778568089 0.053702734
0.534000000 0.043674812 0.641007662 0.208998412 0.438648611 0.033557370 0.062889710 0.194740146 0.098194428 0.044891335 0.281664103 0.778306425 0.053743482
0.535000000 0.044377677 0.643131197 0.212500513 0.441934854 0.033350777 0.062920824 0.194495931 0.098949306 0.044096842 0.278365701 0.778046429 0.053747103
0.536000000 0.045137383 0.645116806 0.215599656 0.445095390 0.033235520 0.063279554 0.194940940 0.100238003 0.044415392 0.275171876 0.777948856 0.053938419
0.537000000 0.045810506 0.646858096 0.218670517 0.448016733 0.033291265 0.063605450 0.195296332 0.101246327 0.044735029 0.271925718 0.777602375 0.053990349
0.538000000 0.046389014 0.648324013 0.221712783 0.450763553 0.033399768 0.063713267 0.195293427 0.101694882 0.044599131 0.268669724 0.777121603 0.053840294
0.539000000 0.047010928 0.649575234 0.224293739 0.453585714 0.033251982 0.063659862 0.195304632 0.101979762 0.044452451 0.265654087 0.777180791 0.053733721
0.540000000 0.047442745 0.650957763 0.226991445 0.456345916 0.033069108 0.063883655 0.195390388 0.102648161 0.044567592 0.262365133 0.777209580 0.053717237
0.541000000 0.047953352 0.652183771 0.229583189 0.459034592 0.033054035 0.064097717 0.195531413 0.103335492 0.044730242 0.258969158 0.777103662 0.053662181
0.542000000 0.048676007 0.653100967 0.231829673 0.461661607 0.033221487 0.064134903 0.195769936 0.103712112 0.044766586 0.255666822 0.776886523 0.053522959
0.543000000 0.049048323 0.654398918 0.233951062 0.464234531 0.033075735 0.064699620 0.196418628 0.104174048 0.044977710 0.252260834 0.776629746 0.053616773
0.544000000 0.049410034 0.655456245 0.236097455 0.466757983 0.032878265 0.065073714 0.197208643 0.104695633 0.045185223 0.248934135 0.776330948 0.053792994
0.545000000 0.049713410 0.656313598 0.237975434 0.469082415 0.032748774 0.065202370 0.197969407 0.105227947 0.045400847 0.245561644 0.776181877 0.053908139
0.546000000 0.049771547 0.657341719 0.239202574 0.471070737 0.032715611 0.065385081 0.198613554 0.105682500 0.045698252 0.241900101 0.776383877 0.053848665
0.547000000 0.050166901 0.658298492 0.240850776 0.473363340 0.032747507 0.065479077 0.199218228 0.105795503 0.045703467 0.238387644 0.776289582 0.053730085
0.548000000 0.050361097 0.659130275 0.242364258 0.475565106 0.032717422 0.065654226 0.199896798 0.105870269 0.045760412 0.234784976 0.776160955 0.053524505
0.549000000 0.050203517 0.659871340 0.243456990 0.477490336 0.032571629 0.065977588 0.200735390 0.106106028 0.046088889 0.230981961 0.776148140 0.053348295
0.550000000 0.050346158 0.660668492 0.244547635 0.479457885 0.032364678 0.066322163 0.201780930 0.106452897 0.046613596 0.227197334 0.776060760 0.053587817
0.551000000 0.050243989 0.661157548 0.245457575 0.481321722 0.032438885 0.066504166 0.202852592 0.106656089 0.046909619 0.223481059 0.775961161 0.053630166
0.552000000 0.050172638 0.661585867 0.246257752 0.483019680 0.032480773 0.066724569 0.203855991 0.106741183 0.047133509 0.219931588 0.775860786 0.053531747
0.553000000 0.050432209 0.662143230 0.247082308 0.484525472 0.032170422 0.067188337 0.204772547 0.106754676 0.047531527 0.216532558 0.775789797 0.053515825
0.554000000 0.050346993 0.661927104 0.248078182 0.485846639 0.032086086 0.067570873 0.205794975 0.106406443 0.047870215 0.212690458 0.775930166 0.053571470
0.555000000 0.050277382 0.661630154 0.248742342 0.487352192 0.032031707 0.067933358 0.206701204 0.105970107 0.048233751 0.208976209 0.775935113 0.053588070
0.556000000 0.050275065 0.661328077 0.249208093 0.488944143 0.031981383 0.068328992 0.207532927 0.105428368 0.048662018 0.205555335 0.775831997 0.053520046
0.557000000 0.050129619 0.660543442 0.250120997 0.490152746 0.032056537 0.068782568 0.208543822 0.104527704 0.049147006 0.202195212 0.775957584 0.053400200
0.558000000 0.050360184 0.659489036 0.250905424 0.491399497 0.031958569 0.069080174 0.209374309 0.103691831 0.049676258 0.198823765 0.775996327 0.053567491
0.559000000 0.050632734 0.658221364 0.251594484 0.492579997 0.031797282 0.069560803 0.210138261 0.102705777 0.050192587 0.195448324 0.776004910 0.053683091
0.560000000 0.050736062 0.656772018 0.252408594 0.493646860 0.031737342 0.070297517 0.210950166 0.101437606 0.050705034 0.192209408 0.776069701 0.053566162
0.561000000 0.051120821 0.655163348 0.253794521 0.494917929 0.031944938 0.070496112 0.211726725 0.100240529 0.051419254 0.189547211 0.776201189 0.053732552
0.562000000 0.051478982 0.653406024 0.255103201 0.496085405 0.031848583 0.070714831 0.212479010 0.098767184 0.051981065 0.186937287 0.776303470 0.053590920
0.563000000 0.051891796 0.651692629 0.256503940 0.497271270 0.031517424 0.071065672 0.213166863 0.097068682 0.052469037 0.184390053 0.776292145 0.053312138
0.564000000 0.052537445 0.650177300 0.258360952 0.498683363 0.031304382 0.071476735 0.213744998 0.095350794 0.053108566 0.182126790 0.776136816 0.053328328
0.565000000 0.053085614 0.648292780 0.259811670 0.499835610 0.031338260 0.071956977 0.214262307 0.093563981 0.053737562 0.180097356 0.776065528 0.053434793
0.566000000 0.053681061 0.646153033 0.261346161 0.500767291 0.031408325 0.072520934 0.214850217 0.091890357 0.054352775 0.178266466 0.776117682 0.053519893
0.567000000 0.054467674 0.643844068 0.263059706 0.501580834 0.031411994 0.073020235 0.215441450 0.090237066 0.054935213 0.176654801 0.776259124 0.053519432
0.568000000 0.055535954 0.641343057 0.264433205 0.502394974 0.031419966 0.073114358 0.215725407 0.088164121 0.055433076 0.175352290 0.776390910 0.053422257
0.569000000 0.056693371 0.638763249 0.265730590 0.503072202 0.031418428 0.073598154 0.215888575 0.086377107 0.056156132 0.174107268 0.776322365 0.053534031
0.570000000 0.057874251 0.636091530 0.266964316 0.503672600 0.031365260 0.074057296 0.215892136 0.084613726 0.056851991 0.172969267 0.776210725 0.053560726
0.571000000 0.059108872 0.633324444 0.268076778 0.504277527 0.031252123 0.074144900 0.215789765 0.082646765 0.057321265 0.172031790 0.776230037 0.053310983
0.572000000 0.060627710 0.630595505 0.268935382 0.504877448 0.031210421 0.074826449 0.216105923 0.081234552 0.058036659 0.171254262 0.776293635 0.053468730
0.573000000 0.062172622 0.627946556 0.269919246 0.505396247 0.031107605 0.075358137 0.216490656 0.079765394 0.058744572 0.170676306 0.776311994 0.053575233
0.574000000 0.063756131 0.625426769 0.270928830 0.505872905 0.031012673 0.075671226 0.216900632 0.078237072 0.059387345 0.170183137 0.776309967 0.053575441
0.575000000 0.065542817 0.623065651 0.271602392 0.506382227 0.031101730 0.076125301 0.217479229 0.077007577 0.060024593 0.169607416 0.776394546 0.053656723
0.576000000 0.067309529 0.620639443 0.272352099 0.506546021 0.031221377 0.076567449 0.218067050 0.075696044 0.060518403 0.169336587 0.776689589 0.053582598
0.577000000 0.069217555 0.618398011 0.273272425 0.506682813 0.031283099 0.077078842 0.218856320 0.074432164 0.061040115 0.169181749 0.776857674 0.053499211
0.578000000 0.071305610 0.616357148 0.274231970 0.506925881 0.031234512 0.077692591 0.219991028 0.073285997 0.061708000 0.168949753 0.776754797 0.053468473
0.579000000 0.073291950 0.614004731 0.274764538 0.506907701 0.031051336 0.078316078 0.221457765 0.072099015 0.062479042 0.168559641 0.776679575 0.053306684
0.580000000 0.075594939 0.611780822 0.275456548 0.506966174 0.031050976 0.078922905 0.223175421 0.071025692 0.063337795 0.168369189 0.776477575 0.053265713
0.581000000 0.078057393 0.609635890 0.276154369 0.507119715 0.031117203 0.079609282 0.225147754 0.070010260 0.064230204 0.168355018 0.776509583 0.053290457
0.582000000 0.080427907 0.607456446 0.276617289 0.507304490 0.031051112 0.080454737 0.227452859 0.068981096 0.065178648 0.168348536 0.777032733 0.053266533
0.583000000 0.082970008 0.605634511 0.277437896 0.507613838 0.031025913 0.081229046 0.230346948 0.068131305 0.066597283 0.168198064 0.777093530 0.053322520
0.584000000 0.085618779 0.603753805 0.278061956 0.507859766 0.031084236 0.082171120 0.233563930 0.067396462 0.068139248 0.168064222 0.776898921 0.053433616
0.585000000 0.088413827 0.601770282 0.278429061 0.508070529 0.031190781 0.083235808 0.236957222 0.066673011 0.069675490 0.168040499 0.776765406 0.053449243
0.586000000 0.091475800 0.600000978 0.278955579 0.508465111 0.031242160 0.084129237 0.240507677 0.065858692 0.071313344 0.168132946 0.777024627 0.053164717
0.587000000 0.094610915 0.598319173 0.279571772 0.508883774 0.031146986 0.085218176 0.244301990 0.065268464 0.073230028 0.168189764 0.777263403 0.053401634
0.588000000 0.097784139 0.596748889 0.280046254 0.509263992 0.031103801 0.086522952 0.248275012 0.064903915 0.075654857 0.168189570 0.777522624 0.053652450
0.589000000 0.101029433 0.595263958 0.280302107 0.509574413 0.031213142 0.087929003 0.252324849 0.064600535 0.078543179 0.168156505 0.777829468 0.053551517
0.590000000 0.104481265 0.593641460 0.280715734 0.509801745 0.031224042 0.089171618 0.256375879 0.063939176 0.081183776 0.168164670 0.777963579 0.053663123
0.591000000 0.108121216 0.592108488 0.280975521 0.510094404 0.031187508 0.090388916 0.260140330 0.063320108 0.084345371 0.168075472 0.778178632 0.053739827
0.592000000 0.111782350 0.590817928 0.281209469 0.510365367 0.031157751 0.091641203 0.263696671 0.062833041 0.087923259 0.167872891 0.778446913 0.053728491
0.593000000 0.115326911 0.589870155 0.281668812 0.510511875 0.031201221 0.092944048 0.267280638 0.062422488 0.091544323 0.167610928 0.778664351 0.053666964
0.594000000 0.119108908 0.589300633 0.282152385 0.510967076 0.031433359 0.094164409 0.270819366 0.062011991 0.095466554 0.167393774 0.779040098 0.053685937
0.595000000 0.122957975 0.588891208 0.282656550 0.511652112 0.031438157 0.095420957 0.274338633 0.061641239 0.099802412 0.167277768 0.779396296 0.053634487
0.596000000 0.126839966 0.588548839 0.283262700 0.512403548 0.031207442 0.096760586 0.277821392 0.061296448 0.104595415 0.167158693 0.779699981 0.053483177
0.597000000 0.130907178 0.588345587 0.284120292 0.513013363 0.031239962 0.098121852 0.281189770 0.060894754 0.109810248 0.166762456 0.780115068 0.053368196
0.598000000 0.134868473 0.587884367 0.284469426 0.513472319 0.031286184 0.099456407 0.284337461 0.060561679 0.115380161 0.166182399 0.780475676 0.053389188
0.599000000 0.138884395 0.587245166 0.284828246 0.513832688 0.031265501 0.100911260 0.287489712 0.060307812 0.121428229 0.165684655 0.780872464 0.053478513
0.600000000 0.143093154 0.586549580 0.285586238 0.514173448 0.031194266 0.102522448 0.290758759 0.060058203 0.128067374 0.165384829 0.781392813 0.053533845
0.601000000 0.147232145 0.585686386 0.285753965 0.514599323 0.031282276 0.103833497 0.293660969 0.059546024 0.135237724 0.164808527 0.781931937 0.053465597
0.602000000 0.151403755 0.584513128 0.286087126 0.514901638 0.031326987 0.105272047 0.296533734 0.059206843 0.142893434 0.164314955 0.782539606 0.053616524
0.603000000 0.155522257 0.583000481 0.286623776 0.515050173 0.031297635 0.106811292 0.299348772 0.058953088 0.150938302 0.163849398 0.783188522 0.053786121
0.604000000 0.159469917 0.581213355 0.287015587 0.515102208 0.031262867 0.108190112 0.301913112 0.058448732 0.159293830 0.163180888 0.783810675 0.053561777
0.605000000 0.163755000 0.579388678 0.287354887 0.514911950 0.031222841 0.109499440 0.304489970 0.058006428 0.168157607 0.162710056 0.784374535 0.053568784
0.606000000 0.167829871 0.577207446 0.287789851 0.514520764 0.031192498 0.110931896 0.306911141 0.057589557 0.177499712 0.162245557 0.784953058 0.053607926
0.607000000 0.171553329 0.574572206 0.288285911 0.514003217 0.031203624 0.112463236 0.309142530 0.057125270 0.187250420 0.161746100 0.785637677 0.053575836
0.608000000 0.175554246 0.571799398 0.288528770 0.513444901 0.031316549 0.113733813 0.311416745 0.056542221 0.197327554 0.161494210 0.786534667 0.053650357
0.609000000 0.179206505 0.568802655 0.288761884 0.512861371 0.031336103 0.115114607 0.313559055 0.055996489 0.207934693 0.161134720 0.787333250 0.053658385
0.610000000 0.182751328 0.565630019 0.289078683 0.512217879 0.031277671 0.116483353 0.315577179 0.055413041 0.218807653 0.160775185 0.787994266 0.053626008
0.611000000 0.186471507 0.562380314 0.289473087 0.511462271 0.031237960 0.117673203 0.317523420 0.054719616 0.229756609 0.160543829 0.788591981 0.053618804
0.612000000 0.189818680 0.559228003 0.289727062 0.510535777 0.031388260 0.118850686 0.319380313 0.054099679 0.241215348 0.160085753 0.789249003 0.053617135
0.613000000 0.193105787 0.556067109 0.290030301 0.509636700 0.031322639 0.120208114 0.321193367 0.053692881 0.253175259 0.159882218 0.790129364 0.053664368
0.614000000 0.196315974 0.552891493 0.290346563 0.508796155 0.031140726 0.121634841 0.323000103 0.053314254 0.265429169 0.159944519 0.791055322 0.053750228
0.615000000 0.199222863 0.549782395 0.290508747 0.507926702 0.031277098 0.122825973 0.324813962 0.052598972 0.277702570 0.159940705 0.791660249 0.053819049
0.616000000 0.202160835 0.546973944 0.290922046 0.507169843 0.031390470 0.123917557 0.326390564 0.052023638 0.290160835 0.159959659 0.792465448 0.053777713
0.617000000 0.204996765 0.544288278 0.291309744 0.506440818 0.031447768 0.125092059 0.327902555 0.051553916 0.302845210 0.160122335 0.793205798 0.053769279
0.618000000 0.207613766 0.541629136 0.291512191 0.505703688 0.031456035 0.126350954 0.329454482 0.051122617 0.315752715 0.160432324 0.793746352 0.053823691
0.619000000 0.210053712 0.539163470 0.291783899 0.505071342 0.031400014 0.127324641 0.330892056 0.050756805 0.328825474 0.160644144 0.794397652 0.053675335
0.620000000 0.212365285 0.536933065 0.291917622 0.504550636 0.031469606 0.128467396 0.332431972 0.050325885 0.341952175 0.161132425 0.795214236 0.053708743
0.621000000 0.214496493 0.535038948 0.292046458 0.504110932 0.031585261 0.129726857 0.333937764 0.049946662 0.355087757 0.161799282 0.796100140 0.053827565
0.622000000 0.216420949 0.533530951 0.292358965 0.503748417 0.031609651 0.130912513 0.335244238 0.049764119 0.368220747 0.162434682 0.796896517 0.053834084
0.623000000 0.218412742 0.532173216 0.292756379 0.503667176 0.031626616 0.132093564 0.336669683 0.049637914 0.381376982 0.163125128 0.797478318 0.053900070
0.624000000 0.220326722 0.531023264 0.293017805 0.503686666 0.031689938 0.133155391 0.338014364 0.049415123 0.394483864 0.164035544 0.798164010 0.054018844
0.625000000 0.222040668 0.530121565 0.293144047 0.503781676 0.031777713 0.134162918 0.339234442 0.049134307 0.407360792 0.165240198 0.798943341 0.054081839
0.626000000 0.223500729 0.529475033 0.293337941 0.504074574 0.031808965 0.135332301 0.340450764 0.048995648 0.419815928 0.166696906 0.799515665 0.053930096
0.627000000 0.225025550 0.529100895 0.293620348 0.504505813 0.031884324 0.136485696 0.341717064 0.048927188 0.432351232 0.167916819 0.800115168 0.054029346
0.628000000 0.226411790 0.528750718 0.293820083 0.504967034 0.031957008 0.137597412 0.342955947 0.048817664 0.444610327 0.169177100 0.800701261 0.054097608
0.629000000 0.227542773 0.528355300 0.293913454 0.505440593 0.032020282 0.138698995 0.344094485 0.048643768 0.456368744 0.170730084 0.801262975 0.053945009
0.630000000 0.228716314 0.528386056 0.294320136 0.506171525 0.032232940 0.139892474 0.345089287 0.048603129 0.468038380 0.172451630 0.801981151 0.053885058
0.631000000 0.229789496 0.528299153 0.294578791 0.506673336 0.032372665 0.141090482 0.346337199 0.048583630 0.479309380 0.174293846 0.802641749 0.053930406
0.632000000 0.230756253 0.527948439 0.294755369 0.506967962 0.032466643 0.142187446 0.347625971 0.048454925 0.490065068 0.176198334 0.803204894 0.054019436
0.633000000 0.231640667 0.527306080 0.295053572 0.507222772 0.032619379 0.143139154 0.348604918 0.048138097 0.500273883 0.178123593 0.803716362 0.054060727
0.634000000 0.232351676 0.526058018 0.295173407 0.507187188 0.032771315 0.144306675 0.349705637 0.047897074 0.510169327 0.180129841 0.804276586 0.054053407
0.635000000 0.233142793 0.524596095 0.295424819 0.506841242 0.032835554 0.145460948 0.350842237 0.047666963 0.519572496 0.182337910 0.804886341 0.054105420
0.636000000 0.233983681 0.522913158 0.295774281 0.506203353 0.032883871 0.146539420 0.351954460 0.047337390 0.528519690 0.184664711 0.805477142 0.054213110
0.637000000 0.234542385 0.520560026 0.295816392 0.505305588 0.033140197 0.147687629 0.353041172 0.046789873 0.537270606 0.186833382 0.805929005 0.054253303
0.638000000 0.235070512 0.517861486 0.295990288 0.503862977 0.033411946 0.148770183 0.354014188 0.046329062 0.545321703 0.189153627 0.806422591 0.054279175
0.639000000 0.235559702 0.514763475 0.296232224 0.501880467 0.033570543 0.149875566 0.354993284 0.045843899 0.552887738 0.191581562 0.807023823 0.054284766
0.640000000 0.235972211 0.511261642 0.296413034 0.499491721 0.033637922 0.151066855 0.356051922 0.045238152 0.560162783 0.194007844 0.807694554 0.054272719
0.641000000 0.236311138 0.507720113 0.296497434 0.497008264 0.034002848 0.152221218 0.357031822 0.044699199 0.566801250 0.196301594 0.808193684 0.054292161
0.642000000 0.236745909 0.503676653 0.296648115 0.494063854 0.034224074 0.153334707 0.357894927 0.044081308 0.573052824 0.198755726 0.808678627 0.054341394
0.643000000 0.237156943 0.499162704 0.296831369 0.490662456 0.034397945 0.154423177 0.358774900 0.043419112 0.578949749 0.201267481 0.809152901 0.054355897
0.644000000 0.237336770 0.494400948 0.296938062 0.486973077 0.034788765 0.155516014 0.359828860 0.042817753 0.584460557 0.203616768 0.809572637 0.054284096
0.645000000 0.237470716 0.489212155 0.297025263 0.482985318 0.034998167 0.156618923 0.360775054 0.042235665 0.589782536 0.206106886 0.810042262 0.054353576
0.646000000 0.237616107 0.483834267 0.297154278 0.478907019 0.035256062 0.157782927 0.361680388 0.041824281 0.594794810 0.208685040 0.810552180 0.054500274
0.647000000 0.237770885 0.478450149 0.297326803 0.474856943 0.035604086 0.158981800 0.362597734 0.041549746 0.599448204 0.211215466 0.811089218 0.054623116
0.648000000 0.237877920 0.473131478 0.297475904 0.470828563 0.035812095 0.160104439 0.363530248 0.041152399 0.603825629 0.213518441 0.811647475 0.054615382
0.649000000 0.238060728 0.468052030 0.297647953 0.467024028 0.036119521 0.161283419 0.364409328 0.040751580 0.607865632 0.216050997 0.812088907 0.054610286
0.650000000 0.238268986 0.463381261 0.297686070 0.463658571 0.036488518 0.162370875 0.365199357 0.040362492 0.611553550 0.218575120 0.812487125 0.054568462
0.651000000 0.238431737 0.459135056 0.297576278 0.460789233 0.036867362 0.163310528 0.365931690 0.040039442 0.614974082 0.220842198 0.812947512 0.054497857
0.652000000 0.238547027 0.454976320 0.297861278 0.458101660 0.037381750 0.164494231 0.366810650 0.040032297 0.618484437 0.223028421 0.813516021 0.054668795
0.653000000 0.238573447 0.450855136 0.297963470 0.455413550 0.037714079 0.165641651 0.367575407 0.039940227 0.621692061 0.225250810 0.814100146 0.054802302
0.654000000 0.238603577 0.446626484 0.297954500 0.452637643 0.037987780 0.166789159 0.368340880 0.039730687 0.624642372 0.227398559 0.814593971 0.054858897
0.655000000 0.238753095 0.442055494 0.298174232 0.449713796 0.038497183 0.168073863 0.369335592 0.039550703 0.627567172 0.229293793 0.814924300 0.054912604
0.656000000 0.238773152 0.436668962 0.298288733 0.446388602 0.038953982 0.169110954 0.370104700 0.039294034 0.630276263 0.231272385 0.815265298 0.054875106
0.657000000 0.238723248 0.430434525 0.298213303 0.442310303 0.039377294 0.170174643 0.370819956 0.039107099 0.632826924 0.233071133 0.815716326 0.054829147
0.658000000 0.238636032 0.423381716 0.298053831 0.437452078 0.039851326 0.171369374 0.371563882 0.038996432 0.635315895 0.234586746 0.816259146 0.054826260
0.659000000 0.238471136 0.415538609 0.298116773 0.432185262 0.040501762 0.172507003 0.372230113 0.038766894 0.637861013 0.235986352 0.816741168 0.054856807
0.660000000 0.238312364 0.406946778 0.298064739 0.426181346 0.041008230 0.173687026 0.372999281 0.038569424 0.640144527 0.237317458 0.817139328 0.054907024
0.661000000 0.238138646 0.397800505 0.297983736 0.419519186 0.041511774 0.174863786 0.373795599 0.038395707 0.642311931 0.238452315 0.817502260 0.054954737
0.662000000 0.237925574 0.388341963 0.297981352 0.412406743 0.042164724 0.175992772 0.374527395 0.038210735 0.644484460 0.239301234 0.817889392 0.054983359
0.663000000 0.237731189 0.378859460 0.297910124 0.405110300 0.042792369 0.177116022 0.375250757 0.038006809 0.646315873 0.240043133 0.818322480 0.054991007
0.664000000 0.237459451 0.369361967 0.297776103 0.397754878 0.043374125 0.178373292 0.376032710 0.037902467 0.648143291 0.240541294 0.818769097 0.055044442
0.665000000 0.237190038 0.360119641 0.297699988 0.390465856 0.044027049 0.179662302 0.376778573 0.037837490 0.650001585 0.240802020 0.819145739 0.055071499
0.666000000 0.237056956 0.351483554 0.297796667 0.383351386 0.044890642 0.180786490 0.377360314 0.037695587 0.651753306 0.240902826 0.819391429 0.054974329
0.667000000 0.236805201 0.343350917 0.297593206 0.376477003 0.045625906 0.181945488 0.378132820 0.037767466 0.653336823 0.240812153 0.819823086 0.055098996
0.668000000 0.236562029 0.335887849 0.297518432 0.370173573 0.046392396 0.183191895 0.378923982 0.037883561 0.654924393 0.240458041 0.820267200 0.055210564
0.669000000 0.236384332 0.329264611 0.297645718 0.364557445 0.047236707 0.184490606 0.379644543 0.037949290 0.656533241 0.239846095 0.820624232 0.055184707
0.670000000 0.236182183 0.323624522 0.297459871 0.359436095 0.047986552 0.185712025 0.380388588 0.038033456 0.657942474 0.239087611 0.820963502 0.055124525
0.671000000 0.236141756 0.318905205 0.297430128 0.354999423 0.048974555 0.187044546 0.381118655 0.038274743 0.659444153 0.238091543 0.821326673 0.055201959
0.672000000 0.236180574 0.315073311 0.297520131 0.351223469 0.050049558 0.188401699 0.381852120 0.038604662 0.660923958 0.236898720 0.821689248 0.055298083
0.673000000 0.236186206 0.312104374 0.297606051 0.348031074 0.051026341 0.189656764 0.382603586 0.038912006 0.662232459 0.235591605 0.822017789 0.055299278
0.674000000 0.236179963 0.310032606 0.297699094 0.345371753 0.052000768 0.190753207 0.383333296 0.039121255 0.663414717 0.234294191 0.822305977 0.055376399
0.675000000 0.236197859 0.308643878 0.297906905 0.343332976 0.053069636 0.192008808 0.384097934 0.039492771 0.664744020 0.232759148 0.822635591 0.055390149
0.676000000 0.236299738 0.307967454 0.298134923 0.341940463 0.054257192 0.193379551 0.384860784 0.039967276 0.666125596 0.231055692 0.822983205 0.055342212
0.677000000 0.236529127 0.308203876 0.298221111 0.341224283 0.055514779 0.194644257 0.385556877 0.040346380 0.667294264 0.229404956 0.823267996 0.055324499
0.678000000 0.236715943 0.309573054 0.298455447 0.341414601 0.056613658 0.195990831 0.386341006 0.040921278 0.668468833 0.227644056 0.823475361 0.055454362
0.679000000 0.236929163 0.312307775 0.298658669 0.343041390 0.057798374 0.197287202 0.387117773 0.041475069 0.669584692 0.225885034 0.823706448 0.055522870
0.680000000 0.237197951 0.316779614 0.298839241 0.346472114 0.059148435 0.198533326 0.387818754 0.041952614 0.670606196 0.224171564 0.824014485 0.055488642
0.681000000 0.237463132 0.323535621 0.299315333 0.351815552 0.060462005 0.199945137 0.388448298 0.042581450 0.671573699 0.222418293 0.824373126 0.055577289
0.682000000 0.237964377 0.332845509 0.299793631 0.359703958 0.061841913 0.201276764 0.389221966 0.043202776 0.672650516 0.220676944 0.824644327 0.055594929
0.683000000 0.238518268 0.345120907 0.300209969 0.370123893 0.063269377 0.202561677 0.390012890 0.043894686 0.673765302 0.219046369 0.824810922 0.055588581
0.684000000 0.238949284 0.360619485 0.300636441 0.382881552 0.064732209 0.203889236 0.390698135 0.044715151 0.674847722 0.217596218 0.824943125 0.055643916
0.685000000 0.239442334 0.379168659 0.301394135 0.397911847 0.066331543 0.205300555 0.391461015 0.045493364 0.676059067 0.216274947 0.825263023 0.055798791
0.686000000 0.240085006 0.400429785 0.302064478 0.414797604 0.067936450 0.206651241 0.392221749 0.046161495 0.677154303 0.215096533 0.825587690 0.055785943
0.687000000 0.240769476 0.423964053 0.302671999 0.432938159 0.069506235 0.207920462 0.392915726 0.046957355 0.678087711 0.213963985 0.825871885 0.055677246
0.688000000 0.241302013 0.449190319 0.303440362 0.451628834 0.071072906 0.209178835 0.393516093 0.048217725 0.678952396 0.212779239 0.826145470 0.055710319
0.689000000 0.241765067 0.475095302 0.304055214 0.470285743 0.072778344 0.210591450 0.394197404 0.049608529 0.679929495 0.211904436 0.826357484 0.055785231
0.690000000 0.242185473 0.501235783 0.304676503 0.488580644 0.074469723 0.212057903 0.394940764 0.051298432 0.680920541 0.211206242 0.826669931 0.055882029
0.691000000 0.242599875 0.527034879 0.305345178 0.506186962 0.076096602 0.213448808 0.395677656 0.053420518 0.681846976 0.210597306 0.827035785 0.055979181
0.692000000 0.243059754 0.551670373 0.305891484 0.522734106 0.077780239 0.214645863 0.396309674 0.055999253 0.682701111 0.210117161 0.827123940 0.056047391
0.693000000 0.243372545 0.574970663 0.306331366 0.538072884 0.079566330 0.215933457 0.396885812 0.059190795 0.683561146 0.209871039 0.827261508 0.056079835
0.694000000 0.243627414 0.596779883 0.306817085 0.552287221 0.081397802 0.217255667 0.397444397 0.063101597 0.684428811 0.209758267 0.827473342 0.056042880
0.695000000 0.243909478 0.616975009 0.307408899 0.565412581 0.083220057 0.218521357 0.398011595 0.067820802 0.685274839 0.209702075 0.827726901 0.055956688
0.696000000 0.244076163 0.635510564 0.307795852 0.577186406 0.085083671 0.219801754 0.398592800 0.073464721 0.686039150 0.209849730 0.828066409 0.056012694
0.697000000 0.244195476 0.652441323 0.308160782 0.587813675 0.086975031 0.221091509 0.399079919 0.079882756 0.686819851 0.210175186 0.828334451 0.056054357
0.698000000 0.244300678 0.667880654 0.308539152 0.597396135 0.088807032 0.222380713 0.399557024 0.087135322 0.687593579 0.210595906 0.828522921 0.056125782
0.699000000 0.244401619 0.681964636 0.308875114 0.605994165 0.090513334 0.223653167 0.400163710 0.095337510 0.688295066 0.211039782 0.828706264 0.056311637
0.700000000 0.244474366 0.694574475 0.309027165 0.613646626 0.092446260 0.224859387 0.400666744 0.104137391 0.689038992 0.211738393 0.828904808 0.056198269
0.701000000 0.244526818 0.706003964 0.309234381 0.620568812 0.094345488 0.226117924 0.401127666 0.113694206 0.689787805 0.212522805 0.829162359 0.056188345
0.702000000 0.244554505 0.716394305 0.309551358 0.626812398 0.096127912 0.227426514 0.401588291 0.124015301 0.690498590 0.213324636 0.829440892 0.056366369
0.703000000 0.244536892 0.725633502 0.309775561 0.632207334 0.097981900 0.228625238 0.402033001 0.134867772 0.691141784 0.214237809 0.829610586 0.056357786
0.704000000 0.244602516 0.733993530 0.310029805 0.637088060 0.099868305 0.229757667 0.402426690 0.146226034 0.691810727 0.215284228 0.829813004 0.056287706
0.705000000 0.244587421 0.741562665 0.310170531 0.641467631 0.101660706 0.230954543 0.402851522 0.158035472 0.692489684 0.216420934 0.829984605 0.056252103
0.706000000 0.244406387 0.748410106 0.310161322 0.645361900 0.103331760 0.232261866 0.403329790 0.170209914 0.693160713 0.217605561 0.830107510 0.056309618
0.707000000 0.244366214 0.754703105 0.310417771 0.649027646 0.105181739 0.233450323 0.403648257 0.182653576 0.693881273 0.218856961 0.830434322 0.056438919
0.708000000 0.244319171 0.760531664 0.310595393 0.652342737 0.107076451 0.234658465 0.403985053 0.195468709 0.694585383 0.220108286 0.830618024 0.056499142
0.709000000 0.244198188 0.765827060 0.310618043 0.655280232 0.108898662 0.235886157 0.404348135 0.208628833 0.695296168 0.221433520 0.830733418 0.056537732
0.710000000 0.243998841 0.770526588 0.310575396 0.657893956 0.110584088 0.237078756 0.404680014 0.222050101 0.696057558 0.222923085 0.831006706 0.056651026
0.711000000 0.243870229 0.775082827 0.310742527 0.660424411 0.112354815 0.238255084 0.405046165 0.235689953 0.696766913 0.224331453 0.831285477 0.056630734
0.712000000 0.243724868 0.779338956 0.310833752 0.662754178 0.114071541 0.239439160 0.405378133 0.249600887 0.697486341 0.225787550 0.831470549 0.056567356
0.713000000 0.243523851 0.783211649 0.310788423 0.664848089 0.115707405 0.240637079 0.405660391 0.263796031 0.698234499 0.227312148 0.831576526 0.056559790
0.714000000 0.243300602 0.786757350 0.310824454 0.666789591 0.117377222 0.241833881 0.405943096 0.278217942 0.698977172 0.228787392 0.831729293 0.056679234
0.715000000 0.243061036 0.790167749 0.310821027 0.668594360 0.119084299 0.243052542 0.406238377 0.292904288 0.699943304 0.230446219 0.831837058 0.056764144
0.716000000 0.242832258 0.793296754 0.310737014 0.670179963 0.120751485 0.244252190 0.406524360 0.307766825 0.700906157 0.232036039 0.832024455 0.056798484
0.717000000 0.242612004 0.796075046 0.310619712 0.671559334 0.122332737 0.245411485 0.406785101 0.322742760 0.701718271 0.233421817 0.832333326 0.056822136
0.718000000 0.242317647 0.798814774 0.310715616 0.673048496 0.123913474 0.246604621 0.407044351 0.337997794 0.702645302 0.234980434 0.832511544 0.056949846
0.719000000 0.242008522 0.801276982 0.310634255 0.674294412 0.125408232 0.247678861 0.407248944 0.353419393 0.703633428 0.236599088 0.832713127 0.056915902
0.720000000 0.241745621 0.803526878 0.310491920 0.675382316 0.126867101 0.248761356 0.407427907 0.368978053 0.704601407 0.238190904 0.832898140 0.056841902
0.721000000 0.241550192 0.805698156 0.310522229 0.676515460 0.128363445 0.250005394 0.407631129 0.384675801 0.705489457 0.239705324 0.832994699 0.056942724
