162 163 164
165 166 167
168 169 170
171 172 173
174 175 176
177 178 179
180 181 182
183 184 185
186 187 188
189 190 191
192 193 194
195 196 197
198 199 200
201 202 203
204 205 206
207 208 209
210 211 212
213 214 215
216 217 218
219 220 221
222 223 224
225 226 227
228 229 230
231 232 233
234 235 236
237 238 239
240 241 242
243 244 245
246 247 248
249 250 251
252 253 254
255 256 257
258 259 260
261 262 263
264 265 266
267 268 269
270 271 272
273 274 275
276 277 278
279 280 281
282 283 284
285 286 287
288 289 290
291 292 293
294 295 296
297 298 299
300 301 302
303 304 305
306 307 308
309 310 311
312 313 314
315 316 317
318 319 320
321 322 323
324 325 326
327 328 329
330 331 332
333 334 335
336 337 338
339 340 341
342 343 344
345 346 347
348 349 350
351 352 353
354 355 356
357 358 359
360 361 362
363 364 365
366 367 368
369 370 371
372 373 374
375 376 377
378 379 380
381 382 383
384 385 386
387 388 389
390 391 392
393 394 395
396 397 398
399 400 401
402 164 403
404 405 162
163 406 407
408 167 409
410 411 165
166 412 413
414 170 415
416 417 168
169 418 419
420 173 421
422 423 171
172 424 425
426 176 427
428 429 174
175 430 431
432 179 433
434 435 177
178 436 437
438 182 439
440 441 180
181 442 443
444 185 445
446 447 183
184 448 449
450 188 451
452 453 186
187 454 455
456 191 457
458 459 189
190 460 461
462 194 463
464 465 192
193 466 467
468 197 469
470 471 195
196 472 473
474 200 475
476 477 198
199 478 479
480 203 481
482 483 201
202 484 485
486 206 487
488 489 204
205 490 491
492 209 493
494 495 207
208 496 497
498 212 499
500 501 210
211 502 503
504 215 505
506 507 213
214 508 509
510 218 511
512 513 216
217 514 515
516 221 517
518 519 219
220 520 521
522 224 523
524 403 222
223 407 525
526 227 402
527 528 225
226 529 404
406 230 530
405 531 228
229 532 533
527 233 534
526 409 231
232 413 535
524 236 408
522 536 234
235 537 410
412 239 538
411 539 237
238 540 541
542 242 543
544 415 240
241 419 545
546 245 414
547 548 243
244 549 416
418 248 550
417 551 246
247 552 553
547 251 554
546 421 249
250 425 555
544 254 420
542 556 252
253 557 422
424 257 558
423 559 255
256 560 561
562 260 563
564 427 258
259 431 565
566 263 426
567 568 261
262 569 428
430 266 570
429 571 264
265 572 573
567 269 574
566 433 267
268 437 575
564 272 432
562 576 270
271 577 434
436 275 578
435 579 273
274 580 581
582 278 583
584 439 276
277 443 585
586 281 438
587 588 279
280 589 440
442 284 590
441 591 282
283 592 593
587 287 594
586 445 285
286 449 595
584 290 444
582 596 288
289 597 446
448 293 598
447 599 291
292 600 601
602 296 603
604 451 294
295 455 605
606 299 450
607 608 297
298 609 452
454 302 610
453 611 300
301 612 613
607 305 614
606 457 303
304 461 615
604 308 456
602 616 306
307 617 458
460 311 618
459 619 309
310 620 621
622 314 623
624 463 312
313 467 625
626 317 462
627 628 315
316 629 464
466 320 630
465 631 318
319 632 633
627 323 634
626 469 321
322 473 635
624 326 468
622 636 324
325 637 470
472 329 638
471 639 327
328 640 641
620 332 528
619 475 330
331 479 529
617 335 474
616 580 333
334 579 476
478 338 531
477 577 336
337 576 532
534 341 621
535 481 339
340 485 618
538 344 480
541 583 342
343 585 482
484 347 615
483 590 345
346 593 614
523 350 633
525 487 348
349 491 630
530 353 486
533 563 351
352 565 488
490 356 625
489 570 354
355 573 623
632 359 536
631 493 357
358 497 537
629 362 492
628 600 360
361 599 494
496 365 539
495 597 363
364 596 540
543 368 613
545 499 366
367 503 610
550 371 498
553 574 369
370 575 500
502 374 605
501 578 372
373 581 603
612 377 556
611 505 375
376 509 557
609 380 504
608 592 378
379 591 506
508 383 559
507 589 381
382 588 560
640 386 548
639 511 384
385 515 549
637 389 510
636 572 387
388 571 512
514 392 551
513 569 390
391 568 552
554 395 641
555 517 393
394 521 638
558 398 516
561 594 396
397 595 518
520 401 635
519 598 399
400 601 634
42 162 164
162 43 163
164 163 44
45 165 167
165 46 166
167 166 47
48 168 170
168 49 169
170 169 50
51 171 173
171 52 172
173 172 53
54 174 176
174 55 175
176 175 56
57 177 179
177 58 178
179 178 59
60 180 182
180 61 181
182 181 62
63 183 185
183 64 184
185 184 65
66 186 188
186 67 187
188 187 68
69 189 191
189 70 190
191 190 71
72 192 194
192 73 193
194 193 74
75 195 197
195 76 196
197 196 77
78 198 200
198 79 199
200 199 80
81 201 203
201 82 202
203 202 83
84 204 206
204 85 205
206 205 86
87 207 209
207 88 208
209 208 89
90 210 212
210 91 211
212 211 92
93 213 215
213 94 214
215 214 95
96 216 218
216 97 217
218 217 98
99 219 221
219 100 220
221 220 101
102 222 224
222 44 223
224 223 103
104 225 227
225 105 226
227 226 42
43 228 230
228 106 229
230 229 107
104 231 233
231 47 232
233 232 108
102 234 236
234 109 235
236 235 45
46 237 239
237 110 238
239 238 111
112 240 242
240 50 241
242 241 113
114 243 245
243 115 244
245 244 48
49 246 248
246 116 247
248 247 117
114 249 251
249 53 250
251 250 118
112 252 254
252 119 253
254 253 51
52 255 257
255 120 256
257 256 121
122 258 260
258 56 259
260 259 123
124 261 263
261 125 262
263 262 54
55 264 266
264 126 265
266 265 127
124 267 269
267 59 268
269 268 128
122 270 272
270 129 271
272 271 57
58 273 275
273 130 274
275 274 131
132 276 278
276 62 277
278 277 133
134 279 281
279 135 280
281 280 60
61 282 284
282 136 283
284 283 137
134 285 287
285 65 286
287 286 138
132 288 290
288 139 289
290 289 63
64 291 293
291 140 292
293 292 141
142 294 296
294 68 295
296 295 143
144 297 299
297 145 298
299 298 66
67 300 302
300 146 301
302 301 147
144 303 305
303 71 304
305 304 148
142 306 308
306 149 307
308 307 69
70 309 311
309 150 310
311 310 151
152 312 314
312 74 313
314 313 153
154 315 317
315 155 316
317 316 72
73 318 320
318 156 319
320 319 157
154 321 323
321 77 322
323 322 158
152 324 326
324 159 325
326 325 75
76 327 329
327 160 328
329 328 161
150 330 332
330 80 331
332 331 105
149 333 335
333 130 334
335 334 78
79 336 338
336 129 337
338 337 106
108 339 341
339 83 340
341 340 151
111 342 344
342 133 343
344 343 81
82 345 347
345 137 346
347 346 148
103 348 350
348 86 349
350 349 157
107 351 353
351 123 352
353 352 84
85 354 356
354 127 355
356 355 153
156 357 359
357 89 358
359 358 109
155 360 362
360 140 361
362 361 87
88 363 365
363 139 364
365 364 110
113 366 368
366 92 367
368 367 147
117 369 371
369 128 370
371 370 90
91 372 374
372 131 373
374 373 143
146 375 377
375 95 376
377 376 119
145 378 380
378 136 379
380 379 93
94 381 383
381 135 382
383 382 120
160 384 386
384 98 385
386 385 115
159 387 389
387 126 388
389 388 96
97 390 392
390 125 391
392 391 116
118 393 395
393 101 394
395 394 161
121 396 398
396 138 397
398 397 99
100 399 401
399 141 400
401 400 158
12 402 403
402 42 164
403 164 44
42 404 162
404 13 405
162 405 43
44 163 407
163 43 406
407 406 14
12 408 409
408 45 167
409 167 47
45 410 165
410 15 411
165 411 46
47 166 413
166 46 412
413 412 16
17 414 415
414 48 170
415 170 50
48 416 168
416 18 417
168 417 49
50 169 419
169 49 418
419 418 19
17 420 421
420 51 173
421 173 53
51 422 171
422 20 423
171 423 52
53 172 425
172 52 424
425 424 21
22 426 427
426 54 176
427 176 56
54 428 174
428 23 429
174 429 55
56 175 431
175 55 430
431 430 24
22 432 433
432 57 179
433 179 59
57 434 177
434 25 435
177 435 58
59 178 437
178 58 436
437 436 26
27 438 439
438 60 182
439 182 62
60 440 180
440 28 441
180 441 61
62 181 443
181 61 442
443 442 29
27 444 445
444 63 185
445 185 65
63 446 183
446 30 447
183 447 64
65 184 449
184 64 448
449 448 31
32 450 451
450 66 188
451 188 68
66 452 186
452 33 453
186 453 67
68 187 455
187 67 454
455 454 34
32 456 457
456 69 191
457 191 71
69 458 189
458 35 459
189 459 70
71 190 461
190 70 460
461 460 36
37 462 463
462 72 194
463 194 74
72 464 192
464 38 465
192 465 73
74 193 467
193 73 466
467 466 39
37 468 469
468 75 197
469 197 77
75 470 195
470 40 471
195 471 76
77 196 473
196 76 472
473 472 41
35 474 475
474 78 200
475 200 80
78 476 198
476 25 477
198 477 79
80 199 479
199 79 478
479 478 13
16 480 481
480 81 203
481 203 83
81 482 201
482 29 483
201 483 82
83 202 485
202 82 484
485 484 36
14 486 487
486 84 206
487 206 86
84 488 204
488 24 489
204 489 85
86 205 491
205 85 490
491 490 39
38 492 493
492 87 209
493 209 89
87 494 207
494 30 495
207 495 88
89 208 497
208 88 496
497 496 15
19 498 499
498 90 212
499 212 92
90 500 210
500 26 501
210 501 91
92 211 503
211 91 502
503 502 34
33 504 505
504 93 215
505 215 95
93 506 213
506 28 507
213 507 94
95 214 509
214 94 508
509 508 20
40 510 511
510 96 218
511 218 98
96 512 216
512 23 513
216 513 97
98 217 515
217 97 514
515 514 18
21 516 517
516 99 221
517 221 101
99 518 219
518 31 519
219 519 100
101 220 521
220 100 520
521 520 41
1 522 523
522 102 224
523 224 103
102 524 222
524 12 403
222 403 44
103 223 525
223 44 407
525 407 14
12 526 402
526 104 227
402 227 42
104 527 225
527 0 528
225 528 105
42 226 404
226 105 529
404 529 13
14 406 530
406 43 230
530 230 107
43 405 228
405 13 531
228 531 106
107 229 533
229 106 532
533 532 4
0 527 534
527 104 233
534 233 108
104 526 231
526 12 409
231 409 47
108 232 535
232 47 413
535 413 16
12 524 408
524 102 236
408 236 45
102 522 234
522 1 536
234 536 109
45 235 410
235 109 537
410 537 15
16 412 538
412 46 239
538 239 111
46 411 237
411 15 539
237 539 110
111 238 541
238 110 540
541 540 6
2 542 543
542 112 242
543 242 113
112 544 240
544 17 415
240 415 50
113 241 545
241 50 419
545 419 19
17 546 414
546 114 245
414 245 48
114 547 243
547 3 548
243 548 115
48 244 416
244 115 549
416 549 18
19 418 550
418 49 248
550 248 117
49 417 246
417 18 551
246 551 116
117 247 553
247 116 552
553 552 5
3 547 554
547 114 251
554 251 118
114 546 249
546 17 421
249 421 53
118 250 555
250 53 425
555 425 21
17 544 420
544 112 254
420 254 51
112 542 252
542 2 556
252 556 119
51 253 422
253 119 557
422 557 20
21 424 558
424 52 257
558 257 121
52 423 255
423 20 559
255 559 120
121 256 561
256 120 560
561 560 7
4 562 563
562 122 260
563 260 123
122 564 258
564 22 427
258 427 56
123 259 565
259 56 431
565 431 24
22 566 426
566 124 263
426 263 54
124 567 261
567 5 568
261 568 125
54 262 428
262 125 569
428 569 23
24 430 570
430 55 266
570 266 127
55 429 264
429 23 571
264 571 126
127 265 573
265 126 572
573 572 10
5 567 574
567 124 269
574 269 128
124 566 267
566 22 433
267 433 59
128 268 575
268 59 437
575 437 26
22 564 432
564 122 272
432 272 57
122 562 270
562 4 576
270 576 129
57 271 434
271 129 577
434 577 25
26 436 578
436 58 275
578 275 131
58 435 273
435 25 579
273 579 130
131 274 581
274 130 580
581 580 8
6 582 583
582 132 278
583 278 133
132 584 276
584 27 439
276 439 62
133 277 585
277 62 443
585 443 29
27 586 438
586 134 281
438 281 60
134 587 279
587 7 588
279 588 135
60 280 440
280 135 589
440 589 28
29 442 590
442 61 284
590 284 137
61 441 282
441 28 591
282 591 136
137 283 593
283 136 592
593 592 9
7 587 594
587 134 287
594 287 138
134 586 285
586 27 445
285 445 65
138 286 595
286 65 449
595 449 31
27 584 444
584 132 290
444 290 63
132 582 288
582 6 596
288 596 139
63 289 446
289 139 597
446 597 30
31 448 598
448 64 293
598 293 141
64 447 291
447 30 599
291 599 140
141 292 601
292 140 600
601 600 11
8 602 603
602 142 296
603 296 143
142 604 294
604 32 451
294 451 68
143 295 605
295 68 455
605 455 34
32 606 450
606 144 299
450 299 66
144 607 297
607 9 608
297 608 145
66 298 452
298 145 609
452 609 33
34 454 610
454 67 302
610 302 147
67 453 300
453 33 611
300 611 146
147 301 613
301 146 612
613 612 2
9 607 614
607 144 305
614 305 148
144 606 303
606 32 457
303 457 71
148 304 615
304 71 461
615 461 36
32 604 456
604 142 308
456 308 69
142 602 306
602 8 616
306 616 149
69 307 458
307 149 617
458 617 35
36 460 618
460 70 311
618 311 151
70 459 309
459 35 619
309 619 150
151 310 621
310 150 620
621 620 0
10 622 623
622 152 314
623 314 153
152 624 312
624 37 463
312 463 74
153 313 625
313 74 467
625 467 39
37 626 462
626 154 317
462 317 72
154 627 315
627 11 628
315 628 155
72 316 464
316 155 629
464 629 38
39 466 630
466 73 320
630 320 157
73 465 318
465 38 631
318 631 156
157 319 633
319 156 632
633 632 1
11 627 634
627 154 323
634 323 158
154 626 321
626 37 469
321 469 77
158 322 635
322 77 473
635 473 41
37 624 468
624 152 326
468 326 75
152 622 324
622 10 636
324 636 159
75 325 470
325 159 637
470 637 40
41 472 638
472 76 329
638 329 161
76 471 327
471 40 639
327 639 160
161 328 641
328 160 640
641 640 3
0 620 528
620 150 332
528 332 105
150 619 330
619 35 475
330 475 80
105 331 529
331 80 479
529 479 13
35 617 474
617 149 335
474 335 78
149 616 333
616 8 580
333 580 130
78 334 476
334 130 579
476 579 25
13 478 531
478 79 338
531 338 106
79 477 336
477 25 577
336 577 129
106 337 532
337 129 576
532 576 4
0 534 621
534 108 341
621 341 151
108 535 339
535 16 481
339 481 83
151 340 618
340 83 485
618 485 36
16 538 480
538 111 344
480 344 81
111 541 342
541 6 583
342 583 133
81 343 482
343 133 585
482 585 29
36 484 615
484 82 347
615 347 148
82 483 345
483 29 590
345 590 137
148 346 614
346 137 593
614 593 9
1 523 633
523 103 350
633 350 157
103 525 348
525 14 487
348 487 86
157 349 630
349 86 491
630 491 39
14 530 486
530 107 353
486 353 84
107 533 351
533 4 563
351 563 123
84 352 488
352 123 565
488 565 24
39 490 625
490 85 356
625 356 153
85 489 354
489 24 570
354 570 127
153 355 623
355 127 573
623 573 10
1 632 536
632 156 359
536 359 109
156 631 357
631 38 493
357 493 89
109 358 537
358 89 497
537 497 15
38 629 492
629 155 362
492 362 87
155 628 360
628 11 600
360 600 140
87 361 494
361 140 599
494 599 30
15 496 539
496 88 365
539 365 110
88 495 363
495 30 597
363 597 139
110 364 540
364 139 596
540 596 6
2 543 613
543 113 368
613 368 147
113 545 366
545 19 499
366 499 92
147 367 610
367 92 503
610 503 34
19 550 498
550 117 371
498 371 90
117 553 369
553 5 574
369 574 128
90 370 500
370 128 575
500 575 26
34 502 605
502 91 374
605 374 143
91 501 372
501 26 578
372 578 131
143 373 603
373 131 581
603 581 8
2 612 556
612 146 377
556 377 119
146 611 375
611 33 505
375 505 95
119 376 557
376 95 509
557 509 20
33 609 504
609 145 380
504 380 93
145 608 378
608 9 592
378 592 136
93 379 506
379 136 591
506 591 28
20 508 559
508 94 383
559 383 120
94 507 381
507 28 589
381 589 135
120 382 560
382 135 588
560 588 7
3 640 548
640 160 386
548 386 115
160 639 384
639 40 511
384 511 98
115 385 549
385 98 515
549 515 18
40 637 510
637 159 389
510 389 96
159 636 387
636 10 572
387 572 126
96 388 512
388 126 571
512 571 23
18 514 551
514 97 392
551 392 116
97 513 390
513 23 569
390 569 125
116 391 552
391 125 568
552 568 5
3 554 641
554 118 395
641 395 161
118 555 393
555 21 517
393 517 101
161 394 638
394 101 521
638 521 41
21 558 516
558 121 398
516 398 99
121 561 396
561 7 594
396 594 138
99 397 518
397 138 595
518 595 31
41 520 635
520 100 401
635 401 158
100 519 399
519 31 598
399 598 141
158 400 634
400 141 601
634 601 11
