42 43 44
45 46 47
48 49 50
51 52 53
54 55 56
57 58 59
60 61 62
63 64 65
66 67 68
69 70 71
72 73 74
75 76 77
78 79 80
81 82 83
84 85 86
87 88 89
90 91 92
93 94 95
96 97 98
99 100 101
102 44 103
104 105 42
43 106 107
104 47 108
102 109 45
46 110 111
112 50 113
114 115 48
49 116 117
114 53 118
112 119 51
52 120 121
122 56 123
124 125 54
55 126 127
124 59 128
122 129 57
58 130 131
132 62 133
134 135 60
61 136 137
134 65 138
132 139 63
64 140 141
142 68 143
144 145 66
67 146 147
144 71 148
142 149 69
70 150 151
152 74 153
154 155 72
73 156 157
154 77 158
152 159 75
76 160 161
150 80 105
149 130 78
79 129 106
108 83 151
111 133 81
82 137 148
103 86 157
107 123 84
85 127 153
156 89 109
155 140 87
88 139 110
113 92 147
117 128 90
91 131 143
146 95 119
145 136 93
94 135 120
160 98 115
159 126 96
97 125 116
118 101 161
121 138 99
100 141 158
12 42 44
42 13 43
44 43 14
12 45 47
45 15 46
47 46 16
17 48 50
48 18 49
50 49 19
17 51 53
51 20 52
53 52 21
22 54 56
54 23 55
56 55 24
22 57 59
57 25 58
59 58 26
27 60 62
60 28 61
62 61 29
27 63 65
63 30 64
65 64 31
32 66 68
66 33 67
68 67 34
32 69 71
69 35 70
71 70 36
37 72 74
72 38 73
74 73 39
37 75 77
75 40 76
77 76 41
35 78 80
78 25 79
80 79 13
16 81 83
81 29 82
83 82 36
14 84 86
84 24 85
86 85 39
38 87 89
87 30 88
89 88 15
19 90 92
90 26 91
92 91 34
33 93 95
93 28 94
95 94 20
40 96 98
96 23 97
98 97 18
21 99 101
99 31 100
101 100 41
1 102 103
102 12 44
103 44 14
12 104 42
104 0 105
42 105 13
14 43 107
43 13 106
107 106 4
0 104 108
104 12 47
108 47 16
12 102 45
102 1 109
45 109 15
16 46 111
46 15 110
111 110 6
2 112 113
112 17 50
113 50 19
17 114 48
114 3 115
48 115 18
19 49 117
49 18 116
117 116 5
3 114 118
114 17 53
118 53 21
17 112 51
112 2 119
51 119 20
21 52 121
52 20 120
121 120 7
4 122 123
122 22 56
123 56 24
22 124 54
124 5 125
54 125 23
24 55 127
55 23 126
127 126 10
5 124 128
124 22 59
128 59 26
22 122 57
122 4 129
57 129 25
26 58 131
58 25 130
131 130 8
6 132 133
132 27 62
133 62 29
27 134 60
134 7 135
60 135 28
29 61 137
61 28 136
137 136 9
7 134 138
134 27 65
138 65 31
27 132 63
132 6 139
63 139 30
31 64 141
64 30 140
141 140 11
8 142 143
142 32 68
143 68 34
32 144 66
144 9 145
66 145 33
34 67 147
67 33 146
147 146 2
9 144 148
144 32 71
148 71 36
32 142 69
142 8 149
69 149 35
36 70 151
70 35 150
151 150 0
10 152 153
152 37 74
153 74 39
37 154 72
154 11 155
72 155 38
39 73 157
73 38 156
157 156 1
11 154 158
154 37 77
158 77 41
37 152 75
152 10 159
75 159 40
41 76 161
76 40 160
161 160 3
0 150 105
150 35 80
105 80 13
35 149 78
149 8 130
78 130 25
13 79 106
79 25 129
106 129 4
0 108 151
108 16 83
151 83 36
16 111 81
111 6 133
81 133 29
36 82 148
82 29 137
148 137 9
1 103 157
103 14 86
157 86 39
14 107 84
107 4 123
84 123 24
39 85 153
85 24 127
153 127 10
1 156 109
156 38 89
109 89 15
38 155 87
155 11 140
87 140 30
15 88 110
88 30 139
110 139 6
2 113 147
113 19 92
147 92 34
19 117 90
117 5 128
90 128 26
34 91 143
91 26 131
143 131 8
2 146 119
146 33 95
119 95 20
33 145 93
145 9 136
93 136 28
20 94 120
94 28 135
120 135 7
3 160 115
160 40 98
115 98 18
40 159 96
159 10 126
96 126 23
18 97 116
97 23 125
116 125 5
3 118 161
118 21 101
161 101 41
21 121 99
121 7 138
99 138 31
41 100 158
100 31 141
158 141 11
