0.000000000000000000e+00 8.506510000000000460e-01 5.257309999999999484e-01
0.000000000000000000e+00 8.506510000000000460e-01 -5.257309999999999484e-01
0.000000000000000000e+00 -8.506510000000000460e-01 5.257309999999999484e-01
0.000000000000000000e+00 -8.506510000000000460e-01 -5.257309999999999484e-01
8.506510000000000460e-01 5.257309999999999484e-01 0.000000000000000000e+00
8.506510000000000460e-01 -5.257309999999999484e-01 0.000000000000000000e+00
-8.506510000000000460e-01 5.257309999999999484e-01 0.000000000000000000e+00
-8.506510000000000460e-01 -5.257309999999999484e-01 0.000000000000000000e+00
5.257309999999999484e-01 0.000000000000000000e+00 8.506510000000000460e-01
-5.257309999999999484e-01 0.000000000000000000e+00 8.506510000000000460e-01
5.257309999999999484e-01 0.000000000000000000e+00 -8.506510000000000460e-01
-5.257309999999999484e-01 0.000000000000000000e+00 -8.506510000000000460e-01
0.000000000000000000e+00 1.000000000000000000e+00 0.000000000000000000e+00
5.000000000000000000e-01 8.090169999999999861e-01 3.090169999999999861e-01
5.000000000000000000e-01 8.090169999999999861e-01 -3.090169999999999861e-01
-5.000000000000000000e-01 8.090169999999999861e-01 -3.090169999999999861e-01
-5.000000000000000000e-01 8.090169999999999861e-01 3.090169999999999861e-01
0.000000000000000000e+00 -1.000000000000000000e+00 0.000000000000000000e+00
5.000000000000000000e-01 -8.090169999999999861e-01 -3.090169999999999861e-01
5.000000000000000000e-01 -8.090169999999999861e-01 3.090169999999999861e-01
-5.000000000000000000e-01 -8.090169999999999861e-01 3.090169999999999861e-01
-5.000000000000000000e-01 -8.090169999999999861e-01 -3.090169999999999861e-01
1.000000000000000000e+00 0.000000000000000000e+00 0.000000000000000000e+00
8.090169999999999861e-01 -3.090169999999999861e-01 -5.000000000000000000e-01
8.090169999999999861e-01 3.090169999999999861e-01 -5.000000000000000000e-01
8.090169999999999861e-01 3.090169999999999861e-01 5.000000000000000000e-01
8.090169999999999861e-01 -3.090169999999999861e-01 5.000000000000000000e-01
-1.000000000000000000e+00 0.000000000000000000e+00 0.000000000000000000e+00
-8.090169999999999861e-01 -3.090169999999999861e-01 5.000000000000000000e-01
-8.090169999999999861e-01 3.090169999999999861e-01 5.000000000000000000e-01
-8.090169999999999861e-01 3.090169999999999861e-01 -5.000000000000000000e-01
-8.090169999999999861e-01 -3.090169999999999861e-01 -5.000000000000000000e-01
0.000000000000000000e+00 0.000000000000000000e+00 1.000000000000000000e+00
-3.090169999999999861e-01 -5.000000000000000000e-01 8.090169999999999861e-01
3.090169999999999861e-01 -5.000000000000000000e-01 8.090169999999999861e-01
3.090169999999999861e-01 5.000000000000000000e-01 8.090169999999999861e-01
-3.090169999999999861e-01 5.000000000000000000e-01 8.090169999999999861e-01
0.000000000000000000e+00 0.000000000000000000e+00 -1.000000000000000000e+00
-3.090169999999999861e-01 5.000000000000000000e-01 -8.090169999999999861e-01
3.090169999999999861e-01 5.000000000000000000e-01 -8.090169999999999861e-01
3.090169999999999861e-01 -5.000000000000000000e-01 -8.090169999999999861e-01
-3.090169999999999861e-01 -5.000000000000000000e-01 -8.090169999999999861e-01
2.628659999999999886e-01 9.510570000000000412e-01 1.624599999999999933e-01
5.257309999999999484e-01 8.506510000000000460e-01 0.000000000000000000e+00
2.628659999999999886e-01 9.510570000000000412e-01 -1.624599999999999933e-01
-2.628659999999999886e-01 9.510570000000000412e-01 -1.624599999999999933e-01
-5.257309999999999484e-01 8.506510000000000460e-01 0.000000000000000000e+00
-2.628659999999999886e-01 9.510570000000000412e-01 1.624599999999999933e-01
2.628659999999999886e-01 -9.510570000000000412e-01 -1.624599999999999933e-01
5.257309999999999484e-01 -8.506510000000000460e-01 0.000000000000000000e+00
2.628659999999999886e-01 -9.510570000000000412e-01 1.624599999999999933e-01
-2.628659999999999886e-01 -9.510570000000000412e-01 1.624599999999999933e-01
-5.257309999999999484e-01 -8.506510000000000460e-01 0.000000000000000000e+00
-2.628659999999999886e-01 -9.510570000000000412e-01 -1.624599999999999933e-01
9.510570000000000412e-01 -1.624599999999999933e-01 -2.628659999999999886e-01
8.506510000000000460e-01 0.000000000000000000e+00 -5.257309999999999484e-01
9.510570000000000412e-01 1.624599999999999933e-01 -2.628659999999999886e-01
9.510570000000000412e-01 1.624599999999999933e-01 2.628659999999999886e-01
8.506510000000000460e-01 0.000000000000000000e+00 5.257309999999999484e-01
9.510570000000000412e-01 -1.624599999999999933e-01 2.628659999999999886e-01
-9.510570000000000412e-01 -1.624599999999999933e-01 2.628659999999999886e-01
-8.506510000000000460e-01 0.000000000000000000e+00 5.257309999999999484e-01
-9.510570000000000412e-01 1.624599999999999933e-01 2.628659999999999886e-01
-9.510570000000000412e-01 1.624599999999999933e-01 -2.628659999999999886e-01
-8.506510000000000460e-01 0.000000000000000000e+00 -5.257309999999999484e-01
-9.510570000000000412e-01 -1.624599999999999933e-01 -2.628659999999999886e-01
-1.624599999999999933e-01 -2.628659999999999886e-01 9.510570000000000412e-01
0.000000000000000000e+00 -5.257309999999999484e-01 8.506510000000000460e-01
1.624599999999999933e-01 -2.628659999999999886e-01 9.510570000000000412e-01
1.624599999999999933e-01 2.628659999999999886e-01 9.510570000000000412e-01
0.000000000000000000e+00 5.257309999999999484e-01 8.506510000000000460e-01
-1.624599999999999933e-01 2.628659999999999886e-01 9.510570000000000412e-01
-1.624599999999999933e-01 2.628659999999999886e-01 -9.510570000000000412e-01
0.000000000000000000e+00 5.257309999999999484e-01 -8.506510000000000460e-01
1.624599999999999933e-01 2.628659999999999886e-01 -9.510570000000000412e-01
1.624599999999999933e-01 -2.628659999999999886e-01 -9.510570000000000412e-01
0.000000000000000000e+00 -5.257309999999999484e-01 -8.506510000000000460e-01
-1.624599999999999933e-01 -2.628659999999999886e-01 -9.510570000000000412e-01
5.877850000000000019e-01 4.253250000000000086e-01 6.881909999999999972e-01
6.881909999999999972e-01 5.877850000000000019e-01 4.253250000000000086e-01
4.253250000000000086e-01 6.881909999999999972e-01 5.877850000000000019e-01
-6.881909999999999972e-01 5.877850000000000019e-01 4.253250000000000086e-01
-5.877850000000000019e-01 4.253250000000000086e-01 6.881909999999999972e-01
-4.253250000000000086e-01 6.881909999999999972e-01 5.877850000000000019e-01
6.881909999999999972e-01 5.877850000000000019e-01 -4.253250000000000086e-01
5.877850000000000019e-01 4.253250000000000086e-01 -6.881909999999999972e-01
4.253250000000000086e-01 6.881909999999999972e-01 -5.877850000000000019e-01
-5.877850000000000019e-01 4.253250000000000086e-01 -6.881909999999999972e-01
-6.881909999999999972e-01 5.877850000000000019e-01 -4.253250000000000086e-01
-4.253250000000000086e-01 6.881909999999999972e-01 -5.877850000000000019e-01
6.881909999999999972e-01 -5.877850000000000019e-01 4.253250000000000086e-01
5.877850000000000019e-01 -4.253250000000000086e-01 6.881909999999999972e-01
4.253250000000000086e-01 -6.881909999999999972e-01 5.877850000000000019e-01
-5.877850000000000019e-01 -4.253250000000000086e-01 6.881909999999999972e-01
-6.881909999999999972e-01 -5.877850000000000019e-01 4.253250000000000086e-01
-4.253250000000000086e-01 -6.881909999999999972e-01 5.877850000000000019e-01
5.877850000000000019e-01 -4.253250000000000086e-01 -6.881909999999999972e-01
6.881909999999999972e-01 -5.877850000000000019e-01 -4.253250000000000086e-01
4.253250000000000086e-01 -6.881909999999999972e-01 -5.877850000000000019e-01
-6.881909999999999972e-01 -5.877850000000000019e-01 -4.253250000000000086e-01
-5.877850000000000019e-01 -4.253250000000000086e-01 -6.881909999999999972e-01
-4.253250000000000086e-01 -6.881909999999999972e-01 -5.877850000000000019e-01
0.000000000000000000e+00 9.619379999999999598e-01 -2.732669999999999821e-01
2.598920000000000119e-01 8.626679999999999904e-01 -4.338890000000000247e-01
0.000000000000000000e+00 9.619379999999999598e-01 2.732669999999999821e-01
2.598920000000000119e-01 8.626679999999999904e-01 4.338890000000000247e-01
7.020459999999999479e-01 6.937799999999999523e-01 1.606219999999999870e-01
7.020459999999999479e-01 6.937799999999999523e-01 -1.606219999999999870e-01
-2.598920000000000119e-01 8.626679999999999904e-01 4.338890000000000247e-01
-2.598920000000000119e-01 8.626679999999999904e-01 -4.338890000000000247e-01
-7.020459999999999479e-01 6.937799999999999523e-01 -1.606219999999999870e-01
-7.020459999999999479e-01 6.937799999999999523e-01 1.606219999999999870e-01
0.000000000000000000e+00 -9.619379999999999598e-01 2.732669999999999821e-01
2.598920000000000119e-01 -8.626679999999999904e-01 4.338890000000000247e-01
0.000000000000000000e+00 -9.619379999999999598e-01 -2.732669999999999821e-01
2.598920000000000119e-01 -8.626679999999999904e-01 -4.338890000000000247e-01
7.020459999999999479e-01 -6.937799999999999523e-01 -1.606219999999999870e-01
7.020459999999999479e-01 -6.937799999999999523e-01 1.606219999999999870e-01
-2.598920000000000119e-01 -8.626679999999999904e-01 -4.338890000000000247e-01
-2.598920000000000119e-01 -8.626679999999999904e-01 4.338890000000000247e-01
-7.020459999999999479e-01 -6.937799999999999523e-01 1.606219999999999870e-01
-7.020459999999999479e-01 -6.937799999999999523e-01 -1.606219999999999870e-01
9.619379999999999598e-01 2.732669999999999821e-01 0.000000000000000000e+00
8.626679999999999904e-01 4.338890000000000247e-01 -2.598920000000000119e-01
9.619379999999999598e-01 -2.732669999999999821e-01 0.000000000000000000e+00
8.626679999999999904e-01 -4.338890000000000247e-01 -2.598920000000000119e-01
6.937799999999999523e-01 -1.606219999999999870e-01 -7.020459999999999479e-01
6.937799999999999523e-01 1.606219999999999870e-01 -7.020459999999999479e-01
8.626679999999999904e-01 -4.338890000000000247e-01 2.598920000000000119e-01
8.626679999999999904e-01 4.338890000000000247e-01 2.598920000000000119e-01
6.937799999999999523e-01 1.606219999999999870e-01 7.020459999999999479e-01
6.937799999999999523e-01 -1.606219999999999870e-01 7.020459999999999479e-01
-9.619379999999999598e-01 2.732669999999999821e-01 0.000000000000000000e+00
-8.626679999999999904e-01 4.338890000000000247e-01 2.598920000000000119e-01
-9.619379999999999598e-01 -2.732669999999999821e-01 0.000000000000000000e+00
-8.626679999999999904e-01 -4.338890000000000247e-01 2.598920000000000119e-01
-6.937799999999999523e-01 -1.606219999999999870e-01 7.020459999999999479e-01
-6.937799999999999523e-01 1.606219999999999870e-01 7.020459999999999479e-01
-8.626679999999999904e-01 -4.338890000000000247e-01 -2.598920000000000119e-01
-8.626679999999999904e-01 4.338890000000000247e-01 -2.598920000000000119e-01
-6.937799999999999523e-01 1.606219999999999870e-01 -7.020459999999999479e-01
-6.937799999999999523e-01 -1.606219999999999870e-01 -7.020459999999999479e-01
2.732669999999999821e-01 0.000000000000000000e+00 9.619379999999999598e-01
4.338890000000000247e-01 -2.598920000000000119e-01 8.626679999999999904e-01
-2.732669999999999821e-01 0.000000000000000000e+00 9.619379999999999598e-01
-4.338890000000000247e-01 -2.598920000000000119e-01 8.626679999999999904e-01
-1.606219999999999870e-01 -7.020459999999999479e-01 6.937799999999999523e-01
1.606219999999999870e-01 -7.020459999999999479e-01 6.937799999999999523e-01
-4.338890000000000247e-01 2.598920000000000119e-01 8.626679999999999904e-01
4.338890000000000247e-01 2.598920000000000119e-01 8.626679999999999904e-01
1.606219999999999870e-01 7.020459999999999479e-01 6.937799999999999523e-01
-1.606219999999999870e-01 7.020459999999999479e-01 6.937799999999999523e-01
2.732669999999999821e-01 0.000000000000000000e+00 -9.619379999999999598e-01
4.338890000000000247e-01 2.598920000000000119e-01 -8.626679999999999904e-01
-2.732669999999999821e-01 0.000000000000000000e+00 -9.619379999999999598e-01
-4.338890000000000247e-01 2.598920000000000119e-01 -8.626679999999999904e-01
-1.606219999999999870e-01 7.020459999999999479e-01 -6.937799999999999523e-01
1.606219999999999870e-01 7.020459999999999479e-01 -6.937799999999999523e-01
-4.338890000000000247e-01 -2.598920000000000119e-01 -8.626679999999999904e-01
4.338890000000000247e-01 -2.598920000000000119e-01 -8.626679999999999904e-01
1.606219999999999870e-01 -7.020459999999999479e-01 -6.937799999999999523e-01
-1.606219999999999870e-01 -7.020459999999999479e-01 -6.937799999999999523e-01
3.996069999999999900e-01 9.129819999999999602e-01 8.232359999999999678e-02
3.996069999999999900e-01 9.129819999999999602e-01 -8.232359999999999678e-02
2.664050000000000029e-01 9.638609999999999678e-01 0.000000000000000000e+00
-3.996069999999999900e-01 9.129819999999999602e-01 -8.232359999999999678e-02
-3.996069999999999900e-01 9.129819999999999602e-01 8.232359999999999678e-02
-2.664050000000000029e-01 9.638609999999999678e-01 0.000000000000000000e+00
3.996069999999999900e-01 -9.129819999999999602e-01 -8.232359999999999678e-02
3.996069999999999900e-01 -9.129819999999999602e-01 8.232359999999999678e-02
2.664050000000000029e-01 -9.638609999999999678e-01 0.000000000000000000e+00
-3.996069999999999900e-01 -9.129819999999999602e-01 8.232359999999999678e-02
-3.996069999999999900e-01 -9.129819999999999602e-01 -8.232359999999999678e-02
-2.664050000000000029e-01 -9.638609999999999678e-01 0.000000000000000000e+00
9.129819999999999602e-01 -8.232359999999999678e-02 -3.996069999999999900e-01
9.129819999999999602e-01 8.232359999999999678e-02 -3.996069999999999900e-01
9.638609999999999678e-01 0.000000000000000000e+00 -2.664050000000000029e-01
9.129819999999999602e-01 8.232359999999999678e-02 3.996069999999999900e-01
9.129819999999999602e-01 -8.232359999999999678e-02 3.996069999999999900e-01
9.638609999999999678e-01 0.000000000000000000e+00 2.664050000000000029e-01
-9.129819999999999602e-01 -8.232359999999999678e-02 3.996069999999999900e-01
-9.129819999999999602e-01 8.232359999999999678e-02 3.996069999999999900e-01
-9.638609999999999678e-01 0.000000000000000000e+00 2.664050000000000029e-01
-9.129819999999999602e-01 8.232359999999999678e-02 -3.996069999999999900e-01
-9.129819999999999602e-01 -8.232359999999999678e-02 -3.996069999999999900e-01
-9.638609999999999678e-01 0.000000000000000000e+00 -2.664050000000000029e-01
-8.232359999999999678e-02 -3.996069999999999900e-01 9.129819999999999602e-01
8.232359999999999678e-02 -3.996069999999999900e-01 9.129819999999999602e-01
0.000000000000000000e+00 -2.664050000000000029e-01 9.638609999999999678e-01
8.232359999999999678e-02 3.996069999999999900e-01 9.129819999999999602e-01
-8.232359999999999678e-02 3.996069999999999900e-01 9.129819999999999602e-01
0.000000000000000000e+00 2.664050000000000029e-01 9.638609999999999678e-01
-8.232359999999999678e-02 3.996069999999999900e-01 -9.129819999999999602e-01
8.232359999999999678e-02 3.996069999999999900e-01 -9.129819999999999602e-01
0.000000000000000000e+00 2.664050000000000029e-01 -9.638609999999999678e-01
8.232359999999999678e-02 -3.996069999999999900e-01 -9.129819999999999602e-01
-8.232359999999999678e-02 -3.996069999999999900e-01 -9.129819999999999602e-01
0.000000000000000000e+00 -2.664050000000000029e-01 -9.638609999999999678e-01
6.465779999999999861e-01 5.133750000000000258e-01 5.642540000000000333e-01
5.642540000000000333e-01 6.465779999999999861e-01 5.133750000000000258e-01
5.133750000000000258e-01 5.642540000000000333e-01 6.465779999999999861e-01
-6.465779999999999861e-01 5.133750000000000258e-01 5.642540000000000333e-01
-5.133750000000000258e-01 5.642540000000000333e-01 6.465779999999999861e-01
-5.642540000000000333e-01 6.465779999999999861e-01 5.133750000000000258e-01
6.465779999999999861e-01 5.133750000000000258e-01 -5.642540000000000333e-01
5.133750000000000258e-01 5.642540000000000333e-01 -6.465779999999999861e-01
5.642540000000000333e-01 6.465779999999999861e-01 -5.133750000000000258e-01
-6.465779999999999861e-01 5.133750000000000258e-01 -5.642540000000000333e-01
-5.642540000000000333e-01 6.465779999999999861e-01 -5.133750000000000258e-01
-5.133750000000000258e-01 5.642540000000000333e-01 -6.465779999999999861e-01
6.465779999999999861e-01 -5.133750000000000258e-01 5.642540000000000333e-01
5.133750000000000258e-01 -5.642540000000000333e-01 6.465779999999999861e-01
5.642540000000000333e-01 -6.465779999999999861e-01 5.133750000000000258e-01
-6.465779999999999861e-01 -5.133750000000000258e-01 5.642540000000000333e-01
-5.642540000000000333e-01 -6.465779999999999861e-01 5.133750000000000258e-01
-5.133750000000000258e-01 -5.642540000000000333e-01 6.465779999999999861e-01
6.465779999999999861e-01 -5.133750000000000258e-01 -5.642540000000000333e-01
5.642540000000000333e-01 -6.465779999999999861e-01 -5.133750000000000258e-01
5.133750000000000258e-01 -5.642540000000000333e-01 -6.465779999999999861e-01
-6.465779999999999861e-01 -5.133750000000000258e-01 -5.642540000000000333e-01
-5.133750000000000258e-01 -5.642540000000000333e-01 -6.465779999999999861e-01
-5.642540000000000333e-01 -6.465779999999999861e-01 -5.133750000000000258e-01
1.327919999999999934e-01 9.663929999999999465e-01 -2.201170000000000071e-01
2.640830000000000122e-01 9.162439999999999474e-01 -3.012589999999999990e-01
1.316549999999999943e-01 9.243050000000000432e-01 -3.582290000000000196e-01
1.316549999999999943e-01 9.243050000000000432e-01 3.582290000000000196e-01
2.640830000000000122e-01 9.162439999999999474e-01 3.012589999999999990e-01
1.327919999999999934e-01 9.663929999999999465e-01 2.201170000000000071e-01
6.202400000000000135e-01 7.802040000000000086e-01 8.114180000000000004e-02
7.112819999999999698e-01 7.029069999999999485e-01 0.000000000000000000e+00
6.202400000000000135e-01 7.802040000000000086e-01 -8.114180000000000004e-02
-1.327919999999999934e-01 9.663929999999999465e-01 2.201170000000000071e-01
-2.640830000000000122e-01 9.162439999999999474e-01 3.012589999999999990e-01
-1.316549999999999943e-01 9.243050000000000432e-01 3.582290000000000196e-01
-1.316549999999999943e-01 9.243050000000000432e-01 -3.582290000000000196e-01
-2.640830000000000122e-01 9.162439999999999474e-01 -3.012589999999999990e-01
-1.327919999999999934e-01 9.663929999999999465e-01 -2.201170000000000071e-01
-6.202400000000000135e-01 7.802040000000000086e-01 -8.114180000000000004e-02
-7.112819999999999698e-01 7.029069999999999485e-01 0.000000000000000000e+00
-6.202400000000000135e-01 7.802040000000000086e-01 8.114180000000000004e-02
1.327919999999999934e-01 -9.663929999999999465e-01 2.201170000000000071e-01
2.640830000000000122e-01 -9.162439999999999474e-01 3.012589999999999990e-01
1.316549999999999943e-01 -9.243050000000000432e-01 3.582290000000000196e-01
1.316549999999999943e-01 -9.243050000000000432e-01 -3.582290000000000196e-01
2.640830000000000122e-01 -9.162439999999999474e-01 -3.012589999999999990e-01
1.327919999999999934e-01 -9.663929999999999465e-01 -2.201170000000000071e-01
6.202400000000000135e-01 -7.802040000000000086e-01 -8.114180000000000004e-02
7.112819999999999698e-01 -7.029069999999999485e-01 0.000000000000000000e+00
6.202400000000000135e-01 -7.802040000000000086e-01 8.114180000000000004e-02
-1.327919999999999934e-01 -9.663929999999999465e-01 -2.201170000000000071e-01
-2.640830000000000122e-01 -9.162439999999999474e-01 -3.012589999999999990e-01
-1.316549999999999943e-01 -9.243050000000000432e-01 -3.582290000000000196e-01
-1.316549999999999943e-01 -9.243050000000000432e-01 3.582290000000000196e-01
-2.640830000000000122e-01 -9.162439999999999474e-01 3.012589999999999990e-01
-1.327919999999999934e-01 -9.663929999999999465e-01 2.201170000000000071e-01
-6.202400000000000135e-01 -7.802040000000000086e-01 8.114180000000000004e-02
-7.112819999999999698e-01 -7.029069999999999485e-01 0.000000000000000000e+00
-6.202400000000000135e-01 -7.802040000000000086e-01 -8.114180000000000004e-02
9.663929999999999465e-01 2.201170000000000071e-01 -1.327919999999999934e-01
9.162439999999999474e-01 3.012589999999999990e-01 -2.640830000000000122e-01
9.243050000000000432e-01 3.582290000000000196e-01 -1.316549999999999943e-01
9.243050000000000432e-01 -3.582290000000000196e-01 -1.316549999999999943e-01
9.162439999999999474e-01 -3.012589999999999990e-01 -2.640830000000000122e-01
9.663929999999999465e-01 -2.201170000000000071e-01 -1.327919999999999934e-01
7.802040000000000086e-01 -8.114180000000000004e-02 -6.202400000000000135e-01
7.029069999999999485e-01 0.000000000000000000e+00 -7.112819999999999698e-01
7.802040000000000086e-01 8.114180000000000004e-02 -6.202400000000000135e-01
9.663929999999999465e-01 -2.201170000000000071e-01 1.327919999999999934e-01
9.162439999999999474e-01 -3.012589999999999990e-01 2.640830000000000122e-01
9.243050000000000432e-01 -3.582290000000000196e-01 1.316549999999999943e-01
9.243050000000000432e-01 3.582290000000000196e-01 1.316549999999999943e-01
9.162439999999999474e-01 3.012589999999999990e-01 2.640830000000000122e-01
9.663929999999999465e-01 2.201170000000000071e-01 1.327919999999999934e-01
7.802040000000000086e-01 8.114180000000000004e-02 6.202400000000000135e-01
7.029069999999999485e-01 0.000000000000000000e+00 7.112819999999999698e-01
7.802040000000000086e-01 -8.114180000000000004e-02 6.202400000000000135e-01
-9.663929999999999465e-01 2.201170000000000071e-01 1.327919999999999934e-01
-9.162439999999999474e-01 3.012589999999999990e-01 2.640830000000000122e-01
-9.243050000000000432e-01 3.582290000000000196e-01 1.316549999999999943e-01
-9.243050000000000432e-01 -3.582290000000000196e-01 1.316549999999999943e-01
-9.162439999999999474e-01 -3.012589999999999990e-01 2.640830000000000122e-01
-9.663929999999999465e-01 -2.201170000000000071e-01 1.327919999999999934e-01
-7.802040000000000086e-01 -8.114180000000000004e-02 6.202400000000000135e-01
-7.029069999999999485e-01 0.000000000000000000e+00 7.112819999999999698e-01
-7.802040000000000086e-01 8.114180000000000004e-02 6.202400000000000135e-01
-9.663929999999999465e-01 -2.201170000000000071e-01 -1.327919999999999934e-01
-9.162439999999999474e-01 -3.012589999999999990e-01 -2.640830000000000122e-01
-9.243050000000000432e-01 -3.582290000000000196e-01 -1.316549999999999943e-01
-9.243050000000000432e-01 3.582290000000000196e-01 -1.316549999999999943e-01
-9.162439999999999474e-01 3.012589999999999990e-01 -2.640830000000000122e-01
-9.663929999999999465e-01 2.201170000000000071e-01 -1.327919999999999934e-01
-7.802040000000000086e-01 8.114180000000000004e-02 -6.202400000000000135e-01
-7.029069999999999485e-01 0.000000000000000000e+00 -7.112819999999999698e-01
-7.802040000000000086e-01 -8.114180000000000004e-02 -6.202400000000000135e-01
2.201170000000000071e-01 -1.327919999999999934e-01 9.663929999999999465e-01
3.012589999999999990e-01 -2.640830000000000122e-01 9.162439999999999474e-01
3.582290000000000196e-01 -1.316549999999999943e-01 9.243050000000000432e-01
-3.582290000000000196e-01 -1.316549999999999943e-01 9.243050000000000432e-01
-3.012589999999999990e-01 -2.640830000000000122e-01 9.162439999999999474e-01
-2.201170000000000071e-01 -1.327919999999999934e-01 9.663929999999999465e-01
-8.114180000000000004e-02 -6.202400000000000135e-01 7.802040000000000086e-01
0.000000000000000000e+00 -7.112819999999999698e-01 7.029069999999999485e-01
8.114180000000000004e-02 -6.202400000000000135e-01 7.802040000000000086e-01
-2.201170000000000071e-01 1.327919999999999934e-01 9.663929999999999465e-01
-3.012589999999999990e-01 2.640830000000000122e-01 9.162439999999999474e-01
-3.582290000000000196e-01 1.316549999999999943e-01 9.243050000000000432e-01
3.582290000000000196e-01 1.316549999999999943e-01 9.243050000000000432e-01
3.012589999999999990e-01 2.640830000000000122e-01 9.162439999999999474e-01
2.201170000000000071e-01 1.327919999999999934e-01 9.663929999999999465e-01
8.114180000000000004e-02 6.202400000000000135e-01 7.802040000000000086e-01
0.000000000000000000e+00 7.112819999999999698e-01 7.029069999999999485e-01
-8.114180000000000004e-02 6.202400000000000135e-01 7.802040000000000086e-01
2.201170000000000071e-01 1.327919999999999934e-01 -9.663929999999999465e-01
3.012589999999999990e-01 2.640830000000000122e-01 -9.162439999999999474e-01
3.582290000000000196e-01 1.316549999999999943e-01 -9.243050000000000432e-01
-3.582290000000000196e-01 1.316549999999999943e-01 -9.243050000000000432e-01
-3.012589999999999990e-01 2.640830000000000122e-01 -9.162439999999999474e-01
-2.201170000000000071e-01 1.327919999999999934e-01 -9.663929999999999465e-01
-8.114180000000000004e-02 6.202400000000000135e-01 -7.802040000000000086e-01
0.000000000000000000e+00 7.112819999999999698e-01 -7.029069999999999485e-01
8.114180000000000004e-02 6.202400000000000135e-01 -7.802040000000000086e-01
-2.201170000000000071e-01 -1.327919999999999934e-01 -9.663929999999999465e-01
-3.012589999999999990e-01 -2.640830000000000122e-01 -9.162439999999999474e-01
-3.582290000000000196e-01 -1.316549999999999943e-01 -9.243050000000000432e-01
3.582290000000000196e-01 -1.316549999999999943e-01 -9.243050000000000432e-01
3.012589999999999990e-01 -2.640830000000000122e-01 -9.162439999999999474e-01
2.201170000000000071e-01 -1.327919999999999934e-01 -9.663929999999999465e-01
8.114180000000000004e-02 -6.202400000000000135e-01 -7.802040000000000086e-01
0.000000000000000000e+00 -7.112819999999999698e-01 -7.029069999999999485e-01
-8.114180000000000004e-02 -6.202400000000000135e-01 -7.802040000000000086e-01
2.960050000000000181e-01 7.023099999999999898e-01 6.474119999999999875e-01
3.461529999999999885e-01 7.834520000000000373e-01 5.161219999999999697e-01
2.130229999999999901e-01 7.926490000000000480e-01 5.712519999999999820e-01
5.712519999999999820e-01 2.130229999999999901e-01 7.926490000000000480e-01
6.474119999999999875e-01 2.960050000000000181e-01 7.023099999999999898e-01
5.161219999999999697e-01 3.461529999999999885e-01 7.834520000000000373e-01
7.834520000000000373e-01 5.161219999999999697e-01 3.461529999999999885e-01
7.926490000000000480e-01 5.712519999999999820e-01 2.130229999999999901e-01
7.023099999999999898e-01 6.474119999999999875e-01 2.960050000000000181e-01
-3.461529999999999885e-01 7.834520000000000373e-01 5.161219999999999697e-01
-2.960050000000000181e-01 7.023099999999999898e-01 6.474119999999999875e-01
-2.130229999999999901e-01 7.926490000000000480e-01 5.712519999999999820e-01
-7.926490000000000480e-01 5.712519999999999820e-01 2.130229999999999901e-01
-7.834520000000000373e-01 5.161219999999999697e-01 3.461529999999999885e-01
-7.023099999999999898e-01 6.474119999999999875e-01 2.960050000000000181e-01
-6.474119999999999875e-01 2.960050000000000181e-01 7.023099999999999898e-01
-5.712519999999999820e-01 2.130229999999999901e-01 7.926490000000000480e-01
-5.161219999999999697e-01 3.461529999999999885e-01 7.834520000000000373e-01
3.461529999999999885e-01 7.834520000000000373e-01 -5.161219999999999697e-01
2.960050000000000181e-01 7.023099999999999898e-01 -6.474119999999999875e-01
2.130229999999999901e-01 7.926490000000000480e-01 -5.712519999999999820e-01
7.926490000000000480e-01 5.712519999999999820e-01 -2.130229999999999901e-01
7.834520000000000373e-01 5.161219999999999697e-01 -3.461529999999999885e-01
7.023099999999999898e-01 6.474119999999999875e-01 -2.960050000000000181e-01
6.474119999999999875e-01 2.960050000000000181e-01 -7.023099999999999898e-01
5.712519999999999820e-01 2.130229999999999901e-01 -7.926490000000000480e-01
5.161219999999999697e-01 3.461529999999999885e-01 -7.834520000000000373e-01
-2.960050000000000181e-01 7.023099999999999898e-01 -6.474119999999999875e-01
-3.461529999999999885e-01 7.834520000000000373e-01 -5.161219999999999697e-01
-2.130229999999999901e-01 7.926490000000000480e-01 -5.712519999999999820e-01
-5.712519999999999820e-01 2.130229999999999901e-01 -7.926490000000000480e-01
-6.474119999999999875e-01 2.960050000000000181e-01 -7.023099999999999898e-01
-5.161219999999999697e-01 3.461529999999999885e-01 -7.834520000000000373e-01
-7.834520000000000373e-01 5.161219999999999697e-01 -3.461529999999999885e-01
-7.926490000000000480e-01 5.712519999999999820e-01 -2.130229999999999901e-01
-7.023099999999999898e-01 6.474119999999999875e-01 -2.960050000000000181e-01
3.461529999999999885e-01 -7.834520000000000373e-01 5.161219999999999697e-01
2.960050000000000181e-01 -7.023099999999999898e-01 6.474119999999999875e-01
2.130229999999999901e-01 -7.926490000000000480e-01 5.712519999999999820e-01
7.926490000000000480e-01 -5.712519999999999820e-01 2.130229999999999901e-01
7.834520000000000373e-01 -5.161219999999999697e-01 3.461529999999999885e-01
7.023099999999999898e-01 -6.474119999999999875e-01 2.960050000000000181e-01
6.474119999999999875e-01 -2.960050000000000181e-01 7.023099999999999898e-01
5.712519999999999820e-01 -2.130229999999999901e-01 7.926490000000000480e-01
5.161219999999999697e-01 -3.461529999999999885e-01 7.834520000000000373e-01
-2.960050000000000181e-01 -7.023099999999999898e-01 6.474119999999999875e-01
-3.461529999999999885e-01 -7.834520000000000373e-01 5.161219999999999697e-01
-2.130229999999999901e-01 -7.926490000000000480e-01 5.712519999999999820e-01
-5.712519999999999820e-01 -2.130229999999999901e-01 7.926490000000000480e-01
-6.474119999999999875e-01 -2.960050000000000181e-01 7.023099999999999898e-01
-5.161219999999999697e-01 -3.461529999999999885e-01 7.834520000000000373e-01
-7.834520000000000373e-01 -5.161219999999999697e-01 3.461529999999999885e-01
-7.926490000000000480e-01 -5.712519999999999820e-01 2.130229999999999901e-01
-7.023099999999999898e-01 -6.474119999999999875e-01 2.960050000000000181e-01
2.960050000000000181e-01 -7.023099999999999898e-01 -6.474119999999999875e-01
3.461529999999999885e-01 -7.834520000000000373e-01 -5.161219999999999697e-01
2.130229999999999901e-01 -7.926490000000000480e-01 -5.712519999999999820e-01
5.712519999999999820e-01 -2.130229999999999901e-01 -7.926490000000000480e-01
6.474119999999999875e-01 -2.960050000000000181e-01 -7.023099999999999898e-01
5.161219999999999697e-01 -3.461529999999999885e-01 -7.834520000000000373e-01
7.834520000000000373e-01 -5.161219999999999697e-01 -3.461529999999999885e-01
7.926490000000000480e-01 -5.712519999999999820e-01 -2.130229999999999901e-01
7.023099999999999898e-01 -6.474119999999999875e-01 -2.960050000000000181e-01
-3.461529999999999885e-01 -7.834520000000000373e-01 -5.161219999999999697e-01
-2.960050000000000181e-01 -7.023099999999999898e-01 -6.474119999999999875e-01
-2.130229999999999901e-01 -7.926490000000000480e-01 -5.712519999999999820e-01
-7.926490000000000480e-01 -5.712519999999999820e-01 -2.130229999999999901e-01
-7.834520000000000373e-01 -5.161219999999999697e-01 -3.461529999999999885e-01
-7.023099999999999898e-01 -6.474119999999999875e-01 -2.960050000000000181e-01
-6.474119999999999875e-01 -2.960050000000000181e-01 -7.023099999999999898e-01
-5.712519999999999820e-01 -2.130229999999999901e-01 -7.926490000000000480e-01
-5.161219999999999697e-01 -3.461529999999999885e-01 -7.834520000000000373e-01
1.330709999999999948e-01 9.876880000000000104e-01 8.224249999999999616e-02
1.330709999999999948e-01 9.876880000000000104e-01 -8.224249999999999616e-02
3.861870000000000025e-01 8.910069999999999935e-01 2.386770000000000003e-01
5.192579999999999973e-01 8.401779999999999804e-01 1.564339999999999897e-01
5.192579999999999973e-01 8.401779999999999804e-01 -1.564339999999999897e-01
3.861870000000000025e-01 8.910069999999999935e-01 -2.386770000000000003e-01
-1.330709999999999948e-01 9.876880000000000104e-01 -8.224249999999999616e-02
-1.330709999999999948e-01 9.876880000000000104e-01 8.224249999999999616e-02
-3.861870000000000025e-01 8.910069999999999935e-01 -2.386770000000000003e-01
-5.192579999999999973e-01 8.401779999999999804e-01 -1.564339999999999897e-01
-5.192579999999999973e-01 8.401779999999999804e-01 1.564339999999999897e-01
-3.861870000000000025e-01 8.910069999999999935e-01 2.386770000000000003e-01
1.330709999999999948e-01 -9.876880000000000104e-01 -8.224249999999999616e-02
1.330709999999999948e-01 -9.876880000000000104e-01 8.224249999999999616e-02
3.861870000000000025e-01 -8.910069999999999935e-01 -2.386770000000000003e-01
5.192579999999999973e-01 -8.401779999999999804e-01 -1.564339999999999897e-01
5.192579999999999973e-01 -8.401779999999999804e-01 1.564339999999999897e-01
3.861870000000000025e-01 -8.910069999999999935e-01 2.386770000000000003e-01
-1.330709999999999948e-01 -9.876880000000000104e-01 8.224249999999999616e-02
-1.330709999999999948e-01 -9.876880000000000104e-01 -8.224249999999999616e-02
-3.861870000000000025e-01 -8.910069999999999935e-01 2.386770000000000003e-01
-5.192579999999999973e-01 -8.401779999999999804e-01 1.564339999999999897e-01
-5.192579999999999973e-01 -8.401779999999999804e-01 -1.564339999999999897e-01
-3.861870000000000025e-01 -8.910069999999999935e-01 -2.386770000000000003e-01
9.876880000000000104e-01 -8.224249999999999616e-02 -1.330709999999999948e-01
9.876880000000000104e-01 8.224249999999999616e-02 -1.330709999999999948e-01
8.910069999999999935e-01 -2.386770000000000003e-01 -3.861870000000000025e-01
8.401779999999999804e-01 -1.564339999999999897e-01 -5.192579999999999973e-01
8.401779999999999804e-01 1.564339999999999897e-01 -5.192579999999999973e-01
8.910069999999999935e-01 2.386770000000000003e-01 -3.861870000000000025e-01
9.876880000000000104e-01 8.224249999999999616e-02 1.330709999999999948e-01
9.876880000000000104e-01 -8.224249999999999616e-02 1.330709999999999948e-01
8.910069999999999935e-01 2.386770000000000003e-01 3.861870000000000025e-01
8.401779999999999804e-01 1.564339999999999897e-01 5.192579999999999973e-01
8.401779999999999804e-01 -1.564339999999999897e-01 5.192579999999999973e-01
8.910069999999999935e-01 -2.386770000000000003e-01 3.861870000000000025e-01
-9.876880000000000104e-01 -8.224249999999999616e-02 1.330709999999999948e-01
-9.876880000000000104e-01 8.224249999999999616e-02 1.330709999999999948e-01
-8.910069999999999935e-01 -2.386770000000000003e-01 3.861870000000000025e-01
-8.401779999999999804e-01 -1.564339999999999897e-01 5.192579999999999973e-01
-8.401779999999999804e-01 1.564339999999999897e-01 5.192579999999999973e-01
-8.910069999999999935e-01 2.386770000000000003e-01 3.861870000000000025e-01
-9.876880000000000104e-01 8.224249999999999616e-02 -1.330709999999999948e-01
-9.876880000000000104e-01 -8.224249999999999616e-02 -1.330709999999999948e-01
-8.910069999999999935e-01 2.386770000000000003e-01 -3.861870000000000025e-01
-8.401779999999999804e-01 1.564339999999999897e-01 -5.192579999999999973e-01
-8.401779999999999804e-01 -1.564339999999999897e-01 -5.192579999999999973e-01
-8.910069999999999935e-01 -2.386770000000000003e-01 -3.861870000000000025e-01
-8.224249999999999616e-02 -1.330709999999999948e-01 9.876880000000000104e-01
8.224249999999999616e-02 -1.330709999999999948e-01 9.876880000000000104e-01
-2.386770000000000003e-01 -3.861870000000000025e-01 8.910069999999999935e-01
-1.564339999999999897e-01 -5.192579999999999973e-01 8.401779999999999804e-01
1.564339999999999897e-01 -5.192579999999999973e-01 8.401779999999999804e-01
2.386770000000000003e-01 -3.861870000000000025e-01 8.910069999999999935e-01
8.224249999999999616e-02 1.330709999999999948e-01 9.876880000000000104e-01
-8.224249999999999616e-02 1.330709999999999948e-01 9.876880000000000104e-01
2.386770000000000003e-01 3.861870000000000025e-01 8.910069999999999935e-01
1.564339999999999897e-01 5.192579999999999973e-01 8.401779999999999804e-01
-1.564339999999999897e-01 5.192579999999999973e-01 8.401779999999999804e-01
-2.386770000000000003e-01 3.861870000000000025e-01 8.910069999999999935e-01
-8.224249999999999616e-02 1.330709999999999948e-01 -9.876880000000000104e-01
8.224249999999999616e-02 1.330709999999999948e-01 -9.876880000000000104e-01
-2.386770000000000003e-01 3.861870000000000025e-01 -8.910069999999999935e-01
-1.564339999999999897e-01 5.192579999999999973e-01 -8.401779999999999804e-01
1.564339999999999897e-01 5.192579999999999973e-01 -8.401779999999999804e-01
2.386770000000000003e-01 3.861870000000000025e-01 -8.910069999999999935e-01
8.224249999999999616e-02 -1.330709999999999948e-01 -9.876880000000000104e-01
-8.224249999999999616e-02 -1.330709999999999948e-01 -9.876880000000000104e-01
2.386770000000000003e-01 -3.861870000000000025e-01 -8.910069999999999935e-01
1.564339999999999897e-01 -5.192579999999999973e-01 -8.401779999999999804e-01
-1.564339999999999897e-01 -5.192579999999999973e-01 -8.401779999999999804e-01
-2.386770000000000003e-01 -3.861870000000000025e-01 -8.910069999999999935e-01
4.539909999999999779e-01 4.684300000000000130e-01 7.579350000000000254e-01
3.717480000000000229e-01 6.015009999999999524e-01 7.071070000000000411e-01
7.071070000000000411e-01 3.717480000000000229e-01 6.015009999999999524e-01
7.579350000000000254e-01 4.539909999999999779e-01 4.684300000000000130e-01
6.015009999999999524e-01 7.071070000000000411e-01 3.717480000000000229e-01
4.684300000000000130e-01 7.579350000000000254e-01 4.539909999999999779e-01
-6.015009999999999524e-01 7.071070000000000411e-01 3.717480000000000229e-01
-4.684300000000000130e-01 7.579350000000000254e-01 4.539909999999999779e-01
-7.579350000000000254e-01 4.539909999999999779e-01 4.684300000000000130e-01
-7.071070000000000411e-01 3.717480000000000229e-01 6.015009999999999524e-01
-4.539909999999999779e-01 4.684300000000000130e-01 7.579350000000000254e-01
-3.717480000000000229e-01 6.015009999999999524e-01 7.071070000000000411e-01
6.015009999999999524e-01 7.071070000000000411e-01 -3.717480000000000229e-01
4.684300000000000130e-01 7.579350000000000254e-01 -4.539909999999999779e-01
7.579350000000000254e-01 4.539909999999999779e-01 -4.684300000000000130e-01
7.071070000000000411e-01 3.717480000000000229e-01 -6.015009999999999524e-01
4.539909999999999779e-01 4.684300000000000130e-01 -7.579350000000000254e-01
3.717480000000000229e-01 6.015009999999999524e-01 -7.071070000000000411e-01
-4.539909999999999779e-01 4.684300000000000130e-01 -7.579350000000000254e-01
-3.717480000000000229e-01 6.015009999999999524e-01 -7.071070000000000411e-01
-7.071070000000000411e-01 3.717480000000000229e-01 -6.015009999999999524e-01
-7.579350000000000254e-01 4.539909999999999779e-01 -4.684300000000000130e-01
-6.015009999999999524e-01 7.071070000000000411e-01 -3.717480000000000229e-01
-4.684300000000000130e-01 7.579350000000000254e-01 -4.539909999999999779e-01
6.015009999999999524e-01 -7.071070000000000411e-01 3.717480000000000229e-01
4.684300000000000130e-01 -7.579350000000000254e-01 4.539909999999999779e-01
7.579350000000000254e-01 -4.539909999999999779e-01 4.684300000000000130e-01
7.071070000000000411e-01 -3.717480000000000229e-01 6.015009999999999524e-01
4.539909999999999779e-01 -4.684300000000000130e-01 7.579350000000000254e-01
3.717480000000000229e-01 -6.015009999999999524e-01 7.071070000000000411e-01
-4.539909999999999779e-01 -4.684300000000000130e-01 7.579350000000000254e-01
-3.717480000000000229e-01 -6.015009999999999524e-01 7.071070000000000411e-01
-7.071070000000000411e-01 -3.717480000000000229e-01 6.015009999999999524e-01
-7.579350000000000254e-01 -4.539909999999999779e-01 4.684300000000000130e-01
-6.015009999999999524e-01 -7.071070000000000411e-01 3.717480000000000229e-01
-4.684300000000000130e-01 -7.579350000000000254e-01 4.539909999999999779e-01
4.539909999999999779e-01 -4.684300000000000130e-01 -7.579350000000000254e-01
3.717480000000000229e-01 -6.015009999999999524e-01 -7.071070000000000411e-01
7.071070000000000411e-01 -3.717480000000000229e-01 -6.015009999999999524e-01
7.579350000000000254e-01 -4.539909999999999779e-01 -4.684300000000000130e-01
6.015009999999999524e-01 -7.071070000000000411e-01 -3.717480000000000229e-01
4.684300000000000130e-01 -7.579350000000000254e-01 -4.539909999999999779e-01
-6.015009999999999524e-01 -7.071070000000000411e-01 -3.717480000000000229e-01
-4.684300000000000130e-01 -7.579350000000000254e-01 -4.539909999999999779e-01
-7.579350000000000254e-01 -4.539909999999999779e-01 -4.684300000000000130e-01
-7.071070000000000411e-01 -3.717480000000000229e-01 -6.015009999999999524e-01
-4.539909999999999779e-01 -4.684300000000000130e-01 -7.579350000000000254e-01
-3.717480000000000229e-01 -6.015009999999999524e-01 -7.071070000000000411e-01
0.000000000000000000e+00 9.150430000000000508e-01 -4.033550000000000191e-01
1.312000000000000111e-01 8.649289999999999479e-01 -4.844419999999999837e-01
0.000000000000000000e+00 9.904389999999999583e-01 -1.379519999999999913e-01
3.836140000000000105e-01 8.439109999999999667e-01 -3.750390000000000112e-01
0.000000000000000000e+00 9.904389999999999583e-01 1.379519999999999913e-01
0.000000000000000000e+00 9.150430000000000508e-01 4.033550000000000191e-01
1.312000000000000111e-01 8.649289999999999479e-01 4.844419999999999837e-01
3.836140000000000105e-01 8.439109999999999667e-01 3.750390000000000112e-01
6.068249999999999478e-01 7.586519999999999930e-01 -2.370859999999999912e-01
6.068249999999999478e-01 7.586519999999999930e-01 2.370859999999999912e-01
7.838429999999999565e-01 6.156420000000000226e-01 8.108630000000000004e-02
7.838429999999999565e-01 6.156420000000000226e-01 -8.108630000000000004e-02
-1.312000000000000111e-01 8.649289999999999479e-01 4.844419999999999837e-01
-3.836140000000000105e-01 8.439109999999999667e-01 3.750390000000000112e-01
-1.312000000000000111e-01 8.649289999999999479e-01 -4.844419999999999837e-01
-3.836140000000000105e-01 8.439109999999999667e-01 -3.750390000000000112e-01
-6.068249999999999478e-01 7.586519999999999930e-01 2.370859999999999912e-01
-6.068249999999999478e-01 7.586519999999999930e-01 -2.370859999999999912e-01
-7.838429999999999565e-01 6.156420000000000226e-01 -8.108630000000000004e-02
-7.838429999999999565e-01 6.156420000000000226e-01 8.108630000000000004e-02
0.000000000000000000e+00 -9.150430000000000508e-01 4.033550000000000191e-01
1.312000000000000111e-01 -8.649289999999999479e-01 4.844419999999999837e-01
0.000000000000000000e+00 -9.904389999999999583e-01 1.379519999999999913e-01
3.836140000000000105e-01 -8.439109999999999667e-01 3.750390000000000112e-01
0.000000000000000000e+00 -9.904389999999999583e-01 -1.379519999999999913e-01
0.000000000000000000e+00 -9.150430000000000508e-01 -4.033550000000000191e-01
1.312000000000000111e-01 -8.649289999999999479e-01 -4.844419999999999837e-01
3.836140000000000105e-01 -8.439109999999999667e-01 -3.750390000000000112e-01
6.068249999999999478e-01 -7.586519999999999930e-01 2.370859999999999912e-01
6.068249999999999478e-01 -7.586519999999999930e-01 -2.370859999999999912e-01
7.838429999999999565e-01 -6.156420000000000226e-01 -8.108630000000000004e-02
7.838429999999999565e-01 -6.156420000000000226e-01 8.108630000000000004e-02
-1.312000000000000111e-01 -8.649289999999999479e-01 -4.844419999999999837e-01
-3.836140000000000105e-01 -8.439109999999999667e-01 -3.750390000000000112e-01
-1.312000000000000111e-01 -8.649289999999999479e-01 4.844419999999999837e-01
-3.836140000000000105e-01 -8.439109999999999667e-01 3.750390000000000112e-01
-6.068249999999999478e-01 -7.586519999999999930e-01 -2.370859999999999912e-01
-6.068249999999999478e-01 -7.586519999999999930e-01 2.370859999999999912e-01
-7.838429999999999565e-01 -6.156420000000000226e-01 8.108630000000000004e-02
-7.838429999999999565e-01 -6.156420000000000226e-01 -8.108630000000000004e-02
9.150430000000000508e-01 4.033550000000000191e-01 0.000000000000000000e+00
8.649289999999999479e-01 4.844419999999999837e-01 -1.312000000000000111e-01
9.904389999999999583e-01 1.379519999999999913e-01 0.000000000000000000e+00
8.439109999999999667e-01 3.750390000000000112e-01 -3.836140000000000105e-01
9.904389999999999583e-01 -1.379519999999999913e-01 0.000000000000000000e+00
9.150430000000000508e-01 -4.033550000000000191e-01 0.000000000000000000e+00
8.649289999999999479e-01 -4.844419999999999837e-01 -1.312000000000000111e-01
8.439109999999999667e-01 -3.750390000000000112e-01 -3.836140000000000105e-01
7.586519999999999930e-01 2.370859999999999912e-01 -6.068249999999999478e-01
7.586519999999999930e-01 -2.370859999999999912e-01 -6.068249999999999478e-01
6.156420000000000226e-01 -8.108630000000000004e-02 -7.838429999999999565e-01
6.156420000000000226e-01 8.108630000000000004e-02 -7.838429999999999565e-01
8.649289999999999479e-01 -4.844419999999999837e-01 1.312000000000000111e-01
8.439109999999999667e-01 -3.750390000000000112e-01 3.836140000000000105e-01
8.649289999999999479e-01 4.844419999999999837e-01 1.312000000000000111e-01
8.439109999999999667e-01 3.750390000000000112e-01 3.836140000000000105e-01
7.586519999999999930e-01 -2.370859999999999912e-01 6.068249999999999478e-01
7.586519999999999930e-01 2.370859999999999912e-01 6.068249999999999478e-01
6.156420000000000226e-01 8.108630000000000004e-02 7.838429999999999565e-01
6.156420000000000226e-01 -8.108630000000000004e-02 7.838429999999999565e-01
-9.150430000000000508e-01 4.033550000000000191e-01 0.000000000000000000e+00
-8.649289999999999479e-01 4.844419999999999837e-01 1.312000000000000111e-01
-9.904389999999999583e-01 1.379519999999999913e-01 0.000000000000000000e+00
-8.439109999999999667e-01 3.750390000000000112e-01 3.836140000000000105e-01
-9.904389999999999583e-01 -1.379519999999999913e-01 0.000000000000000000e+00
-9.150430000000000508e-01 -4.033550000000000191e-01 0.000000000000000000e+00
-8.649289999999999479e-01 -4.844419999999999837e-01 1.312000000000000111e-01
-8.439109999999999667e-01 -3.750390000000000112e-01 3.836140000000000105e-01
-7.586519999999999930e-01 2.370859999999999912e-01 6.068249999999999478e-01
-7.586519999999999930e-01 -2.370859999999999912e-01 6.068249999999999478e-01
-6.156420000000000226e-01 -8.108630000000000004e-02 7.838429999999999565e-01
-6.156420000000000226e-01 8.108630000000000004e-02 7.838429999999999565e-01
-8.649289999999999479e-01 -4.844419999999999837e-01 -1.312000000000000111e-01
-8.439109999999999667e-01 -3.750390000000000112e-01 -3.836140000000000105e-01
-8.649289999999999479e-01 4.844419999999999837e-01 -1.312000000000000111e-01
-8.439109999999999667e-01 3.750390000000000112e-01 -3.836140000000000105e-01
-7.586519999999999930e-01 -2.370859999999999912e-01 -6.068249999999999478e-01
-7.586519999999999930e-01 2.370859999999999912e-01 -6.068249999999999478e-01
-6.156420000000000226e-01 8.108630000000000004e-02 -7.838429999999999565e-01
-6.156420000000000226e-01 -8.108630000000000004e-02 -7.838429999999999565e-01
4.033550000000000191e-01 0.000000000000000000e+00 9.150430000000000508e-01
4.844419999999999837e-01 -1.312000000000000111e-01 8.649289999999999479e-01
1.379519999999999913e-01 0.000000000000000000e+00 9.904389999999999583e-01
3.750390000000000112e-01 -3.836140000000000105e-01 8.439109999999999667e-01
-1.379519999999999913e-01 0.000000000000000000e+00 9.904389999999999583e-01
-4.033550000000000191e-01 0.000000000000000000e+00 9.150430000000000508e-01
-4.844419999999999837e-01 -1.312000000000000111e-01 8.649289999999999479e-01
-3.750390000000000112e-01 -3.836140000000000105e-01 8.439109999999999667e-01
2.370859999999999912e-01 -6.068249999999999478e-01 7.586519999999999930e-01
-2.370859999999999912e-01 -6.068249999999999478e-01 7.586519999999999930e-01
-8.108630000000000004e-02 -7.838429999999999565e-01 6.156420000000000226e-01
8.108630000000000004e-02 -7.838429999999999565e-01 6.156420000000000226e-01
-4.844419999999999837e-01 1.312000000000000111e-01 8.649289999999999479e-01
-3.750390000000000112e-01 3.836140000000000105e-01 8.439109999999999667e-01
4.844419999999999837e-01 1.312000000000000111e-01 8.649289999999999479e-01
3.750390000000000112e-01 3.836140000000000105e-01 8.439109999999999667e-01
-2.370859999999999912e-01 6.068249999999999478e-01 7.586519999999999930e-01
2.370859999999999912e-01 6.068249999999999478e-01 7.586519999999999930e-01
8.108630000000000004e-02 7.838429999999999565e-01 6.156420000000000226e-01
-8.108630000000000004e-02 7.838429999999999565e-01 6.156420000000000226e-01
4.033550000000000191e-01 0.000000000000000000e+00 -9.150430000000000508e-01
4.844419999999999837e-01 1.312000000000000111e-01 -8.649289999999999479e-01
1.379519999999999913e-01 0.000000000000000000e+00 -9.904389999999999583e-01
3.750390000000000112e-01 3.836140000000000105e-01 -8.439109999999999667e-01
-1.379519999999999913e-01 0.000000000000000000e+00 -9.904389999999999583e-01
-4.033550000000000191e-01 0.000000000000000000e+00 -9.150430000000000508e-01
-4.844419999999999837e-01 1.312000000000000111e-01 -8.649289999999999479e-01
-3.750390000000000112e-01 3.836140000000000105e-01 -8.439109999999999667e-01
2.370859999999999912e-01 6.068249999999999478e-01 -7.586519999999999930e-01
-2.370859999999999912e-01 6.068249999999999478e-01 -7.586519999999999930e-01
-8.108630000000000004e-02 7.838429999999999565e-01 -6.156420000000000226e-01
8.108630000000000004e-02 7.838429999999999565e-01 -6.156420000000000226e-01
-4.844419999999999837e-01 -1.312000000000000111e-01 -8.649289999999999479e-01
-3.750390000000000112e-01 -3.836140000000000105e-01 -8.439109999999999667e-01
4.844419999999999837e-01 -1.312000000000000111e-01 -8.649289999999999479e-01
3.750390000000000112e-01 -3.836140000000000105e-01 -8.439109999999999667e-01
-2.370859999999999912e-01 -6.068249999999999478e-01 -7.586519999999999930e-01
2.370859999999999912e-01 -6.068249999999999478e-01 -7.586519999999999930e-01
8.108630000000000004e-02 -7.838429999999999565e-01 -6.156420000000000226e-01
-8.108630000000000004e-02 -7.838429999999999565e-01 -6.156420000000000226e-01
